hp_tune_blank_nc_normal:

{'ccp_alpha': 0.0, 'criterion': 'squared_error', 'max_depth': None, 'max_leaf_nodes': None, 'max_samples': None, 'min_impurity_decrease': 0.0, 'min_samples_leaf': 1, 'min_samples_split': 2, 'min_weight_fraction_leaf': 0.0, 'n_estimators': 400, 'n_jobs': None, 'oob_score': False, 'random_state': None, 'verbose': 0, 'warm_start': False, 'max_features': 'sqrt', 'bootstrap': False}

Ba2K2Fe5,10.7272;0.7412;0.5493
Ba2K2As5,11.6869;0.7386;0.5455
Ba2K2Ca5,12.2633;0.7024;0.4934
Ba2K2La5,15.1904;0.8688;0.7548
Ba2K2Cu5,11.3781;0.7231;0.5229
Ba2K2O5,15.5398;0.7086;0.5021
Ba2K2Mo5,10.2153;0.6847;0.4687
Ba2K2Ru5,10.9731;0.6825;0.4658
Ba2K2Tm5,12.7664;0.7418;0.5502
Ba2K2Os5,12.2699;0.7221;0.5214
Ba2K2Sn5,11.9267;0.6774;0.4589
Ba2K2Nd5,15.6833;0.869;0.7552
Ba2K2Bi5,16.3756;0.7076;0.5007
Ba2K2Pb5,12.8815;0.6409;0.4108
Ba2K2S5,10.6468;0.6971;0.486
Ba2K2F5,12.7913;0.736;0.5417
Ba2K2V5,11.9049;0.7502;0.5627
Ba2K2Ga5,10.9126;0.6126;0.3753
Ba2K2Al5,9.447;0.6375;0.4064
Ba2K2Sr5,13.2608;0.7628;0.5819
Ba2K2Co5,11.0044;0.7466;0.5574
Ba2K2Re5,12.6716;0.7353;0.5407
Ba2K2W5,11.5372;0.7201;0.5185
Ba2K2N5,11.0142;0.5895;0.3475
Ba2K2Be5,12.7241;0.7265;0.5277
Ba2K2Tl5,11.6073;0.7671;0.5885
Ba2K2Y5,14.6082;0.7516;0.5648
Ba2K2Hf5,12.6823;0.6954;0.4836
Ba2K2Cl5,13.07;0.6689;0.4474
Ba2K2Sm5,12.7209;0.7443;0.554
Ba2K2Ni5,10.6021;0.6921;0.479
Ba2K2Tb5,12.5653;0.7554;0.5706
Ba2K2Ce5,9.3419;0.6823;0.4655
Ba2K2B5,9.7945;0.6233;0.3884
Ba2K2Gd5,12.5977;0.7461;0.5567
Ba2K2In5,11.976;0.7153;0.5117
Ba2K2Pd5,11.4222;0.7111;0.5057
Ba2K2Zr5,12.8348;0.7179;0.5154
Ba2K2Mn5,12.5639;0.7526;0.5663
Ba2K2Ho5,12.6305;0.7487;0.5605
Ba2K2Se5,12.1006;0.7428;0.5517
Ba2K2Ti5,10.8602;0.6768;0.4581
Ba2K2Hg5,11.7548;0.7336;0.5382
Ba2K2Eu5,12.7729;0.7415;0.5498
Ba2K2Rb5,13.4555;0.7123;0.5074
Ba2K2Pr5,10.4459;0.674;0.4543
Ba2K2Sb5,9.3672;0.6611;0.437
Ba2K2Er5,12.5889;0.7487;0.5605
Ba2K2Rh5,12.4324;0.6478;0.4197
Ba2K2Au5,10.7845;0.7952;0.6323
Ba2K2Zn5,12.3914;0.7652;0.5855
Ba2K2Li5,10.9099;0.6966;0.4853
Ba2K2Np5,12.7778;0.7404;0.5483
Ba2K2Si5,11.5646;0.7005;0.4907
Ba2K2P5,11.6438;0.7276;0.5294
Ba2K2Ta5,11.8782;0.6825;0.4658
Ba2K2Na5,11.5614;0.7684;0.5904
Ba2K2H5,12.8232;0.6771;0.4585
Ba2K2Pt5,11.9481;0.7512;0.5643
Ba2K2Ge5,11.5711;0.6841;0.4681
Ba2K2Pa5,12.77;0.7405;0.5483
Ba2K2Te5,9.9572;0.7693;0.5918
Ba2K2Ir5,9.7948;0.6987;0.4881
Ba2K2Yb5,12.7324;0.747;0.558
Ba2K2T5,12.6364;0.7352;0.5406
Ba2K2U5,10.1081;0.67;0.449
Ba2K2Th5,12.5306;0.7529;0.5669
Ba2K2Lu5,12.5896;0.7461;0.5567
Ba2K2Ag5,12.2493;0.7645;0.5845
Ba2K2Cd5,12.6867;0.7462;0.5568
Ba2K2Br5,13.1538;0.7297;0.5324
Ba2K2I5,12.5716;0.7157;0.5122
Ba2K2Dy5,12.6766;0.7459;0.5564
Ba2K2Sc5,12.7841;0.746;0.5565
Ba2K2Cr5,12.3617;0.6819;0.465
Ba2K2D5,13.8015;0.7075;0.5005
Ba2K2Cs5,13.2675;0.7199;0.5183
Ba2K2Tc5,13.6645;0.6357;0.4041
Ba2K2Pu5,12.6298;0.7345;0.5395
Ba2K2Am5,12.775;0.74;0.5476
Ba2K2Cm5,12.7702;0.7406;0.5485
Ba2K2Po5,12.7532;0.7415;0.5498
Ba2Fe2K5,10.515;0.7597;0.5771
Ba2As2K5,11.4764;0.7353;0.5407
Ba2Ca2K5,11.9537;0.7276;0.5294
Ba2Ca2La5,9.0971;1.0127;1.0256
Ba2Ca2Nd5,10.5934;0.9022;0.8139
Ba2La2K5,14.7661;0.8956;0.8021
Ba2La2Mo5,9.9751;0.7672;0.5885
Ba2La2Tm5,9.0666;0.9845;0.9692
Ba2La2Os5,9.9947;0.8906;0.7932
Ba2La2Nd5,18.6474;1.2483;1.5584
Ba2La2Bi5,9.3809;0.789;0.6226
Ba2La2F5,9.3017;0.9736;0.9479
Ba2La2Sr5,9.9505;0.8964;0.8035
Ba2La2W5,9.2094;0.983;0.9664
Ba2La2Cl5,10.4594;0.7597;0.5772
Ba2La2Se5,9.3531;0.9649;0.9311
Ba2La2Rb5,10.9235;0.9365;0.877
Ba2La2Rh5,9.7;0.8869;0.7865
Ba2La2Np5,9.0384;0.9808;0.962
Ba2La2Ta5,9.1235;0.9554;0.9128
Ba2La2Pa5,9.0243;0.9797;0.9599
Ba2La2Sc5,10.7904;0.971;0.9428
Ba2La2D5,12.1994;0.9521;0.9066
Ba2La2Tc5,11.8465;0.8528;0.7272
Ba2La2Am5,9.0365;0.979;0.9584
Ba2La2Cm5,9.0257;0.9789;0.9583
Ba2Cu2K5,11.8407;0.7387;0.5457
Ba2Cu2Nd5,10.3051;0.9727;0.9462
Ba2O2K5,15.7104;0.7121;0.5071
Ba2O2Nd5,11.0599;0.9925;0.9851
Ba2Mo2K5,10.6649;0.6747;0.4553
Ba2Mo2La5,10.083;0.8906;0.7931
Ba2Mo2Nd5,9.3565;0.8498;0.7222
Ba2Mo2Tc5,10.0757;0.2847;0.081
Ba2Ru2K5,10.538;0.7154;0.5118
Ba2Tm2K5,12.3443;0.7695;0.5921
Ba2Tm2La5,9.2502;0.9892;0.9785
Ba2Tm2Nd5,10.8791;0.9589;0.9194
Ba2Os2K5,11.9812;0.7511;0.5641
Ba2Os2Nd5,9.8557;0.9574;0.9166
Ba2Sn2K5,11.7222;0.7277;0.5296
Ba2Sn2Nd5,9.736;0.9123;0.8322
Ba2Nd2K5,15.2935;0.8905;0.7929
Ba2Nd2Ca5,10.3684;0.9074;0.8234
Ba2Nd2La5,18.7505;1.243;1.545
Ba2Nd2O5,12.2474;1.1302;1.2774
Ba2Nd2Tm5,10.8765;0.9589;0.9194
Ba2Nd2Os5,9.7096;0.9648;0.9308
Ba2Nd2Sn5,9.3828;0.9267;0.8589
Ba2Nd2Bi5,10.768;0.8512;0.7245
Ba2Nd2Pb5,9.5045;0.7685;0.5907
Ba2Nd2S5,9.6449;0.9257;0.8568
Ba2Nd2F5,10.8234;0.9701;0.9411
Ba2Nd2V5,9.4788;0.8525;0.7267
Ba2Nd2Sr5,12.7124;0.9146;0.8365
Ba2Nd2Re5,10.4725;0.9183;0.8433
Ba2Nd2W5,11.1102;0.9596;0.9208
Ba2Nd2Be5,10.8053;0.9754;0.9514
Ba2Nd2Tl5,10.9923;0.9553;0.9126
Ba2Nd2Y5,10.1053;0.8871;0.7869
Ba2Nd2Hf5,10.5135;0.9381;0.88
Ba2Nd2Cl5,11.6264;0.7736;0.5985
Ba2Nd2Sm5,10.7808;0.9613;0.9242
Ba2Nd2Tb5,10.4297;0.9629;0.9271
Ba2Nd2Gd5,10.5357;0.9543;0.9106
Ba2Nd2In5,9.8786;0.8876;0.7878
Ba2Nd2Zr5,9.9062;0.8793;0.7732
Ba2Nd2Mn5,10.3688;0.974;0.9487
Ba2Nd2Ho5,10.6116;0.9552;0.9124
Ba2Nd2Se5,10.8711;0.945;0.8931
Ba2Nd2Ti5,9.7682;0.872;0.7603
Ba2Nd2Hg5,10.674;0.9391;0.882
Ba2Nd2Eu5,10.8926;0.9423;0.8878
Ba2Nd2Rb5,11.8903;0.852;0.726
Ba2Nd2Pr5,9.7088;0.9688;0.9385
Ba2Nd2Sb5,9.3393;0.8611;0.7414
Ba2Nd2Er5,10.3844;0.9611;0.9238
Ba2Nd2Rh5,10.7317;0.8916;0.795
Ba2Nd2Zn5,9.8312;0.93;0.8648
Ba2Nd2Np5,10.8998;0.9613;0.9242
Ba2Nd2Si5,9.2259;0.8686;0.7544
Ba2Nd2Ta5,10.8967;0.9815;0.9633
Ba2Nd2Na5,10.4872;0.9248;0.8552
Ba2Nd2H5,11.4776;0.9424;0.8881
Ba2Nd2Pt5,9.474;0.9132;0.834
Ba2Nd2Ge5,9.5454;0.8977;0.8059
Ba2Nd2Pa5,10.8867;0.9599;0.9214
Ba2Nd2Yb5,10.812;0.9571;0.916
Ba2Nd2T5,10.7422;0.9453;0.8936
Ba2Nd2Th5,10.209;0.9058;0.8205
Ba2Nd2Lu5,10.4649;0.9407;0.885
Ba2Nd2Ag5,9.4026;0.9676;0.9363
Ba2Nd2Cd5,10.6104;0.9559;0.9137
Ba2Nd2Br5,10.1226;0.9292;0.8634
Ba2Nd2I5,10.5096;0.9185;0.8437
Ba2Nd2Dy5,10.7234;0.9743;0.9493
Ba2Nd2Sc5,10.953;0.9425;0.8883
Ba2Nd2Cr5,9.1263;0.9074;0.8234
Ba2Nd2D5,13.767;0.9505;0.9034
Ba2Nd2Cs5,10.1883;0.94;0.8836
Ba2Nd2Tc5,12.7076;0.74;0.5476
Ba2Nd2Pu5,10.2451;0.9136;0.8347
Ba2Nd2Am5,10.9021;0.9575;0.9169
Ba2Nd2Cm5,10.8814;0.9602;0.922
Ba2Nd2Po5,10.8465;0.9631;0.9275
Ba2Bi2K5,15.7982;0.8265;0.6832
Ba2Bi2Nd5,9.4976;0.9262;0.8578
Ba2Bi2Rb5,10.1382;0.6041;0.3649
Ba2Pb2K5,12.6581;0.6696;0.4483
Ba2S2K5,10.9908;0.7005;0.4907
Ba2S2Nd5,10.4183;0.9191;0.8448
Ba2F2K5,12.3457;0.768;0.5898
Ba2F2La5,9.3175;0.9829;0.966
Ba2F2Nd5,10.7221;0.9654;0.9319
Ba2V2K5,11.5632;0.8064;0.6502
Ba2V2Nd5,9.7683;0.9553;0.9126
Ba2Ga2K5,11.0613;0.6435;0.4141
Ba2Ga2Nb5,10.5504;0.3967;0.1573
Ba2Al2K5,9.6824;0.677;0.4583
Ba2Al2Nb5,9.7447;0.344;0.1183
Ba2Sr2K5,12.8901;0.7881;0.6211
Ba2Sr2La5,9.9387;0.9079;0.8243
Ba2Sr2Nd5,12.6533;0.9306;0.866
Ba2Co2K5,11.3596;0.754;0.5685
Ba2Co2Nd5,9.3377;0.9086;0.8256
Ba2Re2K5,12.2439;0.7643;0.5842
Ba2Re2Nd5,10.3395;0.925;0.8557
Ba2W2K5,11.0237;0.7493;0.5614
Ba2W2La5,9.1967;0.9842;0.9686
Ba2W2Nd5,10.8979;0.9617;0.9249
Ba2N2K5,11.8454;0.5552;0.3082
Ba2Be2K5,12.2882;0.7525;0.5662
Ba2Be2La5,9.1079;0.9726;0.946
Ba2Be2Nd5,10.7261;0.9522;0.9067
Ba2Nb2K5,10.5011;0.6999;0.4898
Ba2Tl2K5,11.8229;0.761;0.5792
Ba2Tl2La5,9.2497;0.9846;0.9693
Ba2Tl2Nd5,11.0138;0.95;0.9025
Ba2Y2K5,14.6918;0.7758;0.6019
Ba2Y2La5,9.3598;0.9151;0.8375
Ba2Y2Nd5,10.8496;0.863;0.7448
Ba2Hf2K5,12.2681;0.7549;0.5699
Ba2Hf2Nd5,10.6464;0.9319;0.8685
Ba2Cl2K5,12.9188;0.7271;0.5287
Ba2Cl2La5,9.9773;0.9192;0.845
Ba2Cl2Nd5,11.4618;0.898;0.8064
Ba2Sm2K5,12.3235;0.7696;0.5923
Ba2Sm2La5,9.063;0.9885;0.9772
Ba2Sm2Nd5,10.8084;0.9601;0.9217
Ba2Ni2K5,10.654;0.71;0.504
Ba2Tb2K5,12.2013;0.7782;0.6055
Ba2Tb2Nd5,10.4704;0.9639;0.9291
Ba2B2K5,12.0897;0.7276;0.5293
Ba2B2La5,9.3608;0.9172;0.8413
Ba2B2Nd5,9.9713;0.9208;0.8479
Ba2C2Mg5,9.8472;0.5059;0.256
Ba2Gd2K5,12.224;0.7699;0.5928
Ba2Gd2Nd5,10.5695;0.9519;0.9062
Ba2In2K5,11.7634;0.737;0.5431
Ba2In2Nd5,10.1552;0.8942;0.7996
Ba2Pd2K5,11.4331;0.7204;0.5189
Ba2Pd2Nd5,9.2411;0.8366;0.6999
Ba2Zr2K5,12.486;0.7539;0.5684
Ba2Zr2Nd5,9.8839;0.931;0.8667
Ba2Mn2K5,12.1966;0.772;0.596
Ba2Mn2Nd5,10.3814;0.9754;0.9514
Ba2Ho2K5,12.271;0.7739;0.5989
Ba2Ho2Nd5,10.6743;0.9555;0.9131
Ba2Se2K5,11.7688;0.7646;0.5846
Ba2Se2La5,9.1796;0.9896;0.9793
Ba2Se2Nd5,10.8714;0.9597;0.921
Ba2Ti2K5,10.6609;0.7023;0.4932
Ba2Ti2Nd5,9.8241;0.9125;0.8327
Ba2Hg2K5,11.7946;0.7542;0.5688
Ba2Hg2La5,9.2918;0.9753;0.9512
Ba2Hg2Nd5,10.8957;0.9331;0.8707
Ba2Eu2K5,12.3441;0.7683;0.5903
Ba2Eu2La5,9.1322;0.9892;0.9785
Ba2Eu2Nd5,10.8805;0.9434;0.8899
Ba2Rb2K5,13.1375;0.7359;0.5416
Ba2Rb2La5,11.2138;0.9397;0.8831
Ba2Rb2Nd5,12.0824;0.852;0.7259
Ba2Rb2Bi5,10.4383;0.4743;0.2249
Ba2Pr2K5,10.1148;0.6862;0.4709
Ba2Pr2Nd5,9.7614;0.9724;0.9455
Ba2Mg2K5,12.2962;0.7269;0.5284
Ba2Mg2Nd5,10.5375;0.8812;0.7765
Ba2Mg2B5,21.0445;0.7584;0.5752
Ba2Sb2K5,9.4182;0.6642;0.4412
Ba2Sb2Nd5,9.2768;0.8778;0.7706
Ba2Er2K5,12.2362;0.7725;0.5968
Ba2Er2Nd5,10.4574;0.9605;0.9226
Ba2Rh2K5,11.3614;0.7084;0.5019
Ba2Rh2Nd5,9.6268;0.9372;0.8783
Ba2Au2K5,12.4371;0.7594;0.5767
Ba2Au2La5,9.5199;0.9704;0.9418
Ba2Au2Nd5,11.1123;0.9457;0.8943
Ba2Zn2K5,12.0391;0.7875;0.6202
Ba2Zn2Nd5,9.8492;0.9306;0.866
Ba2Li2K5,10.0624;0.7115;0.5062
Ba2Np2K5,12.3592;0.7679;0.5896
Ba2Np2La5,9.2114;0.9865;0.9732
Ba2Np2Nd5,10.9119;0.9633;0.9279
Ba2Si2K5,11.9059;0.775;0.6006
Ba2Si2Nd5,9.9478;0.9002;0.8103
Ba2P2K5,11.3948;0.7349;0.54
Ba2P2Nd5,9.4584;0.9099;0.828
Ba2Ta2K5,11.5188;0.7052;0.4973
Ba2Ta2La5,9.1834;0.9763;0.9532
Ba2Ta2Nd5,10.8387;0.9765;0.9535
Ba2Na2K5,12.0498;0.789;0.6225
Ba2Na2Nd5,10.5539;0.9262;0.8579
Ba2H2K5,12.4209;0.6974;0.4864
Ba2H2Nd5,11.2319;0.9547;0.9115
Ba2Pt2K5,11.6602;0.7799;0.6082
Ba2Pt2Nd5,9.7375;0.95;0.9025
Ba2Ge2K5,11.5513;0.757;0.573
Ba2Ge2Nd5,9.7292;0.9392;0.8821
Ba2Pa2K5,12.344;0.7682;0.5901
Ba2Pa2La5,9.2036;0.9862;0.9726
Ba2Pa2Nd5,10.8831;0.9607;0.923
Ba2Te2K5,11.7632;0.7642;0.5839
Ba2Te2Nd5,10.3139;0.9955;0.991
Ba2Ir2K5,10.2058;0.6947;0.4826
Ba2Yb2K5,12.3275;0.7706;0.5939
Ba2Yb2La5,9.182;0.9927;0.9854
Ba2Yb2Nd5,10.8271;0.9573;0.9163
Ba2T2K5,12.1826;0.7659;0.5865
Ba2T2La5,8.9987;1.0113;1.0227
Ba2T2Nd5,10.6553;0.9492;0.9009
Ba2U2K5,9.9048;0.6826;0.4659
Ba2Th2K5,12.3063;0.7722;0.5963
Ba2Th2La5,9.4917;0.9949;0.9899
Ba2Th2Nd5,10.5641;0.9063;0.8214
Ba2Lu2K5,12.2702;0.7674;0.5889
Ba2Lu2Nd5,10.6213;0.9377;0.8793
Ba2Ag2K5,12.3907;0.762;0.5807
Ba2Ag2La5,9.1171;0.9585;0.9187
Ba2Ag2Nd5,11.0635;0.977;0.9545
Ba2Cd2K5,12.3331;0.7674;0.589
Ba2Cd2La5,9.1734;0.9701;0.9411
Ba2Cd2Nd5,10.7759;0.9603;0.9222
Ba2Br2K5,13.097;0.7476;0.559
Ba2Br2La5,9.4151;0.9009;0.8116
Ba2Br2Nd5,10.8055;0.9328;0.8701
Ba2I2K5,12.182;0.7407;0.5487
Ba2I2Nd5,10.5623;0.916;0.839
Ba2Dy2K5,12.2829;0.7699;0.5928
Ba2Dy2La5,9.0267;0.9871;0.9744
Ba2Dy2Nd5,10.7291;0.9755;0.9517
Ba2Sc2K5,12.3372;0.7655;0.5859
Ba2Sc2La5,9.6306;0.9802;0.9608
Ba2Sc2Nd5,10.8069;0.9526;0.9075
Ba2Cr2K5,12.2219;0.7108;0.5053
Ba2Cr2Nd5,9.6198;0.9483;0.8993
Ba2D2K5,12.3686;0.7659;0.5867
Ba2D2La5,9.2386;0.9925;0.985
Ba2D2Nd5,10.9357;0.9596;0.9208
Ba2Cs2K5,12.8995;0.7391;0.5463
Ba2Cs2Nd5,10.218;0.9371;0.8781
Ba2Tc2K5,12.4205;0.7608;0.5787
Ba2Tc2La5,9.3058;0.9761;0.9528
Ba2Tc2Nd5,11.0875;0.953;0.9083
Ba2Pu2K5,12.2518;0.7592;0.5764
Ba2Pu2Nd5,10.2689;0.9147;0.8366
Ba2Am2K5,12.3441;0.7682;0.5901
Ba2Am2La5,9.2034;0.986;0.9723
Ba2Am2Nd5,10.8836;0.9605;0.9226
Ba2Cm2K5,12.344;0.7682;0.5901
Ba2Cm2La5,9.2036;0.9862;0.9726
Ba2Cm2Nd5,10.8831;0.9607;0.923
Ba2Po2K5,12.344;0.7682;0.5901
Ba2Po2La5,9.2036;0.9862;0.9726
Ba2Po2Nd5,10.8831;0.9607;0.923
K2Fe2Ba5,11.3734;0.7365;0.5425
K2As2Ba5,12.4127;0.7016;0.4922
K2Ca2Ba5,13.0179;0.6952;0.4833
K2La2Ba5,15.7491;0.8513;0.7247
K2Cu2Ba5,12.8756;0.7072;0.5001
K2O2Ba5,16.006;0.6979;0.4871
K2Mo2Ba5,11.3811;0.6667;0.4445
K2Ru2Ba5,11.5587;0.6777;0.4593
K2Tm2Ba5,13.5129;0.7233;0.5232
K2Os2Ba5,13.0322;0.7091;0.5028
K2Sn2Ba5,12.6784;0.6955;0.4837
K2Nd2Ba5,16.3612;0.863;0.7447
K2Bi2Ba5,17.7251;0.6844;0.4684
K2Pb2Ba5,14.1808;0.6266;0.3926
K2S2Ba5,11.8059;0.7016;0.4922
K2F2Ba5,13.4929;0.723;0.5228
K2V2Ba5,12.5957;0.7586;0.5755
K2Ga2Ba5,11.8516;0.6086;0.3704
K2Ga2Nb5,9.6656;0.3824;0.1462
K2Al2Ba5,10.4658;0.66;0.4357
K2Sr2Ba5,13.8928;0.7546;0.5694
K2Co2Ba5,12.3506;0.7183;0.516
K2Re2Ba5,13.3322;0.7217;0.5209
K2W2Ba5,12.034;0.7152;0.5115
K2N2Ba5,12.4955;0.567;0.3215
K2N2Cl5,11.02;0.3549;0.1259
K2N2Li5,9.725;0.3125;0.0977
K2Be2Ba5,13.442;0.7094;0.5032
K2Nb2Ba5,11.1915;0.6876;0.4728
K2Tl2Ba5,12.9102;0.732;0.5358
K2Y2Ba5,15.6226;0.7304;0.5335
K2Hf2Ba5,13.3751;0.7181;0.5157
K2Cl2Ba5,13.9276;0.6649;0.4421
K2Sm2Ba5,13.4763;0.7267;0.5281
K2Ni2Ba5,11.5312;0.6664;0.4441
K2Tb2Ba5,13.3098;0.7399;0.5474
K2Ce2Ba5,9.9805;0.6798;0.4621
K2B2Ba5,13.1468;0.6954;0.4836
K2C2Ba5,9.9147;0.6425;0.4128
K2Gd2Ba5,13.3425;0.7286;0.5308
K2In2Ba5,12.6574;0.7082;0.5015
K2Pd2Ba5,12.4183;0.6755;0.4562
K2Zr2Ba5,13.4376;0.701;0.4914
K2Mn2Ba5,13.2943;0.7333;0.5377
K2Ho2Ba5,13.3918;0.7331;0.5375
K2Se2Ba5,12.8041;0.7229;0.5226
K2Ti2Ba5,11.6691;0.6814;0.4643
K2Hg2Ba5,12.836;0.7215;0.5206
K2Eu2Ba5,13.5145;0.7235;0.5234
K2Rb2Ba5,14.0668;0.7197;0.518
K2Pr2Ba5,11.1377;0.6754;0.4562
K2Mg2Ba5,13.2928;0.6891;0.4749
K2Mg2B5,18.9184;0.7753;0.6011
K2Sb2Ba5,10.3585;0.6314;0.3987
K2Er2Ba5,13.3395;0.7313;0.5348
K2Rh2Ba5,12.4241;0.6618;0.4379
K2Au2Ba5,13.5298;0.7217;0.5208
K2Zn2Ba5,13.0954;0.7473;0.5585
K2Li2Ba5,10.8769;0.6589;0.4342
K2Np2Ba5,13.5229;0.7212;0.5201
K2Si2Ba5,12.985;0.7236;0.5236
K2P2Ba5,12.4614;0.6896;0.4756
K2Ta2Ba5,12.4639;0.6797;0.462
K2Na2Ba5,13.1229;0.7444;0.5541
K2H2Ba5,13.3586;0.6645;0.4416
K2Pt2Ba5,12.6665;0.752;0.5654
K2Ge2Ba5,12.6825;0.7259;0.527
K2Pa2Ba5,13.5179;0.7223;0.5218
K2Te2Ba5,12.8564;0.7254;0.5262
K2Ir2Ba5,11.1111;0.6654;0.4427
K2Yb2Ba5,13.4828;0.7285;0.5307
K2T2Ba5,13.3401;0.7159;0.5125
K2U2Ba5,10.7328;0.6541;0.4278
K2Th2Ba5,13.4428;0.7339;0.5387
K2Lu2Ba5,13.356;0.7307;0.5339
K2Ag2Ba5,13.4581;0.7292;0.5318
K2Cd2Ba5,13.4774;0.7247;0.5252
K2Br2Ba5,14.0385;0.694;0.4816
K2I2Ba5,13.3102;0.7033;0.4947
K2Dy2Ba5,13.4176;0.7263;0.5274
K2Sc2Ba5,13.4628;0.7209;0.5197
K2Cr2Ba5,13.2052;0.6681;0.4464
K2D2Ba5,13.5285;0.7219;0.5212
K2Cs2Ba5,13.8768;0.6981;0.4873
K2Tc2Ba5,13.5482;0.7162;0.5129
K2Pu2Ba5,13.3445;0.7062;0.4987
K2Am2Ba5,13.5178;0.7224;0.5218
K2Cm2Ba5,13.5179;0.7223;0.5218
K2Po2Ba5,13.5179;0.7223;0.5218
Fe2Cu2B5,10.6371;0.7373;0.5436
Fe2Mo2Tc5,12.1445;0.2328;0.0542
Fe2S2D5,10.3267;0.601;0.3612
Fe2Ga2Nb5,11.3799;0.2954;0.0873
Fe2Al2Nb5,9.6894;0.4094;0.1676
Fe2N2Cl5,10.2546;0.3719;0.1383
Fe2C2Mg5,11.1357;0.5186;0.2689
Fe2Mg2B5,24.7824;0.7268;0.5282
Fe2Sc2Tc5,9.997;0.1866;0.0348
As2Mo2C5,9.848;0.1646;0.0271
As2Mo2Tc5,12.7197;0.1598;0.0255
As2Sn2Nb5,11.4442;0.3924;0.154
As2Nd2Ba5,9.1749;0.8557;0.7322
As2S2D5,11.3723;0.6413;0.4112
As2V2Tc5,10.2401;0.1804;0.0326
As2Ga2Nb5,12.6888;0.3426;0.1174
As2Al2Nb5,11.2189;0.3221;0.1038
As2N2Cl5,10.3569;0.3593;0.1291
As2N2Li5,9.6378;0.3803;0.1447
As2Nb2Tc5,10.382;0.1232;0.0152
As2C2Mg5,10.6668;0.4877;0.2379
As2Mg2B5,25.015;0.7222;0.5216
As2Sc2Tc5,10.2667;0.1672;0.028
Ca2La2Ba5,9.4215;0.9843;0.9688
Ca2Mo2C5,10.3534;0.1146;0.0131
Ca2Mo2Tc5,13.3514;0.0935;0.0087
Ca2Sn2Nb5,9.8622;0.3299;0.1088
Ca2Nd2Ba5,11.1194;0.8884;0.7893
Ca2S2C5,9.8141;0.4844;0.2347
Ca2S2D5,12.1647;0.5619;0.3158
Ca2V2Tc5,10.8426;0.1125;0.0127
Ca2Ga2Nb5,12.264;0.3609;0.1302
Ca2Al2Nb5,11.3274;0.3169;0.1004
Ca2N2Cl5,10.3322;0.3576;0.1279
Ca2Nb2Tc5,10.7842;0.0783;0.0061
Ca2Cl2D5,9.6519;0.4043;0.1634
Ca2Cl2Tc5,10.1417;0.1987;0.0395
Ca2C2Mg5,10.7671;0.5201;0.2705
Ca2Mg2B5,24.6232;0.6891;0.4748
Ca2Lu2Tc5,10.0514;0.1134;0.0128
Ca2Sc2Tc5,10.8562;0.1028;0.0106
La2O2Ba5,9.0814;0.9609;0.9234
La2Mo2Ba5,10.3073;0.8814;0.7769
La2Mo2C5,10.1595;0.1317;0.0173
La2Mo2Tc5,12.4237;0.1549;0.024
La2Tm2Ba5,9.6418;0.9651;0.9315
La2Os2Ba5,9.356;0.8902;0.7925
La2Nd2Ba5,18.9835;1.2396;1.5366
La2Bi2Ba5,9.3417;0.8701;0.757
La2Pb2Ba5,9.4853;0.9032;0.8157
La2S2Ba5,9.0935;0.9269;0.8591
La2S2D5,11.6372;0.5741;0.3296
La2F2Ba5,9.7371;0.9654;0.9319
La2V2Tc5,10.5597;0.1428;0.0204
La2Ga2Nb5,11.6377;0.3632;0.1319
La2Al2Nb5,9.732;0.3895;0.1517
La2Sr2Ba5,10.2891;0.8813;0.7766
La2Re2Ba5,9.1409;0.9284;0.8619
La2W2Ba5,9.5902;0.9586;0.9188
La2N2Cl5,10.178;0.3605;0.13
La2Be2Ba5,9.4923;0.9443;0.8918
La2Nb2Tc5,10.265;0.1258;0.0158
La2Tl2Ba5,9.5581;0.9645;0.9302
La2Y2Ba5,9.7105;0.8915;0.7947
La2Hf2Ba5,9.3872;0.9511;0.9045
La2Cl2Ba5,10.3405;0.8952;0.8015
La2Cl2Tc5,9.8499;0.2077;0.0431
La2Sm2Ba5,9.4897;0.9612;0.924
La2Tb2Ba5,9.1131;0.9414;0.8863
La2B2Ba5,9.388;0.9132;0.8339
La2C2Mg5,10.1427;0.4928;0.2429
La2Gd2Ba5,9.1167;0.9485;0.8997
La2Ho2Ba5,9.3007;0.9597;0.921
La2Se2Ba5,9.5986;0.964;0.9293
La2Hg2Ba5,9.5041;0.9567;0.9152
La2Eu2Ba5,9.5787;0.9631;0.9276
La2Rb2Ba5,11.4055;0.9221;0.8503
La2Mg2Ba5,9.3634;0.9647;0.9306
La2Mg2B5,23.0209;0.7273;0.5289
La2Er2Ba5,9.1016;0.9635;0.9283
La2Au2Ba5,9.8546;0.9488;0.9003
La2Np2Ba5,9.616;0.9592;0.9201
La2Si2Ba5,9.2957;0.9117;0.8312
La2Ta2Ba5,9.5405;0.9491;0.9009
La2Na2Ba5,9.211;0.9657;0.9326
La2H2Ba5,9.3772;0.9634;0.9282
La2Pt2Ba5,9.1335;0.9271;0.8594
La2Pa2Ba5,9.6052;0.9593;0.9202
La2Te2Ba5,9.1856;0.8762;0.7677
La2Yb2Ba5,9.5275;0.9672;0.9355
La2T2Ba5,9.3523;0.9876;0.9754
La2Th2Ba5,9.7502;0.9601;0.9218
La2Th2C5,12.5965;0.1964;0.0386
La2Lu2Ba5,9.3088;0.9265;0.8583
La2Ag2Ba5,9.3666;0.9387;0.8812
La2Cd2Ba5,9.515;0.9484;0.8994
La2Br2Ba5,9.7927;0.8835;0.7806
La2I2Ba5,9.3005;0.976;0.9526
La2Dy2Ba5,9.3877;0.9566;0.9151
La2Sc2Ba5,10.0075;0.9622;0.9257
La2Sc2Tc5,10.5577;0.1312;0.0172
La2D2Ba5,9.6455;0.9668;0.9348
La2Tc2Ba5,9.7094;0.9483;0.8992
La2Pu2Ba5,9.0709;0.9631;0.9275
La2Am2Ba5,9.6049;0.9594;0.9205
La2Cm2Ba5,9.6052;0.9593;0.9202
La2Po2Ba5,9.6052;0.9593;0.9202
Cu2O2B5,9.4329;0.7579;0.5743
Cu2Mo2C5,9.9655;0.1236;0.0153
Cu2Mo2Tc5,12.4599;0.1324;0.0175
Cu2Sn2B5,9.8569;0.7302;0.5331
Cu2Nd2Ba5,10.7152;0.9551;0.9122
Cu2Nd2B5,9.6584;0.7424;0.5512
Cu2Bi2B5,9.2649;0.7626;0.5815
Cu2Pb2B5,10.4506;0.7157;0.5122
Cu2S2B5,9.6364;0.7577;0.5742
Cu2S2D5,11.9054;0.5883;0.3461
Cu2F2B5,9.3698;0.698;0.4872
Cu2V2B5,9.7753;0.7497;0.562
Cu2V2Tc5,10.693;0.1288;0.0166
Cu2Ga2Nb5,11.5883;0.3675;0.135
Cu2Al2Nb5,10.2611;0.3614;0.1306
Cu2Sr2B5,9.3641;0.7601;0.5777
Cu2Co2B5,9.9671;0.7637;0.5832
Cu2Re2B5,11.4371;0.658;0.433
Cu2N2Cl5,10.4127;0.3476;0.1208
Cu2Nb2Tc5,10.6103;0.1006;0.0101
Cu2Tl2B5,9.5849;0.758;0.5746
Cu2Hf2B5,9.8377;0.702;0.4929
Cu2Cl2B5,10.1951;0.7348;0.5399
Cu2Cl2D5,9.9348;0.406;0.1648
Cu2Cl2Tc5,9.9952;0.2138;0.0457
Cu2C2Mg5,10.3814;0.5007;0.2507
Cu2In2B5,9.509;0.7453;0.5554
Cu2Pd2B5,10.2691;0.7212;0.5201
Cu2Pd2H5,13.4319;0.2602;0.0677
Cu2Pd2Tc5,9.8013;0.2119;0.0449
Cu2Mn2B5,9.8635;0.7652;0.5856
Cu2Se2B5,9.5129;0.7649;0.5851
Cu2Ti2B5,10.3562;0.7292;0.5317
Cu2Hg2B5,9.5099;0.7609;0.5789
Cu2Eu2B5,9.3279;0.7529;0.5669
Cu2Mg2B5,27.6347;0.7528;0.5667
Cu2Er2B5,9.2596;0.7449;0.5549
Cu2Rh2B5,9.6353;0.7093;0.503
Cu2Au2B5,9.7242;0.7464;0.5572
Cu2Li2B5,10.3548;0.5499;0.3024
Cu2Np2B5,9.5308;0.7575;0.5738
Cu2Si2B5,9.5606;0.7461;0.5567
Cu2Si2H5,10.4507;0.3563;0.127
Cu2P2B5,9.6414;0.758;0.5745
Cu2Ta2B5,9.6817;0.7478;0.5592
Cu2Na2B5,10.6571;0.7763;0.6027
Cu2H2B5,10.8609;0.7558;0.5713
Cu2H2D5,11.4876;0.4436;0.1967
Cu2H2Tc5,9.9815;0.1797;0.0323
Cu2Pa2B5,9.5127;0.7591;0.5762
Cu2T2B5,9.514;0.7598;0.5772
Cu2Lu2B5,9.7091;0.7005;0.4908
Cu2Lu2Tc5,9.9023;0.1332;0.0177
Cu2Ag2B5,11.6844;0.6654;0.4427
Cu2Ag2H5,9.8903;0.3488;0.1216
Cu2Cd2B5,9.4748;0.7623;0.5811
Cu2Br2B5,9.5143;0.7704;0.5935
Cu2I2B5,9.7526;0.7596;0.577
Cu2Sc2Tc5,10.7281;0.1219;0.0149
Cu2D2B5,9.5729;0.7613;0.5796
Cu2Tc2B5,9.6398;0.7601;0.5778
Cu2Pu2B5,9.4837;0.766;0.5867
Cu2Am2B5,9.5126;0.7589;0.5759
Cu2Cm2B5,9.5127;0.7591;0.5762
Cu2Po2B5,9.5127;0.7591;0.5762
O2Mo2C5,9.8611;0.1459;0.0213
O2Mo2Tc5,12.8698;0.1522;0.0232
O2Nd2Ba5,11.3608;0.9704;0.9418
O2S2D5,11.3101;0.5755;0.3312
O2V2Tc5,10.7585;0.122;0.0149
O2Ga2Nb5,12.5859;0.3437;0.1181
O2Al2Nb5,11.5559;0.2887;0.0833
O2N2Nb5,12.193;0.279;0.0779
O2N2Cl5,10.6596;0.3519;0.1239
O2N2Li5,10.3526;0.3583;0.1284
O2Nb2Tc5,10.6534;0.0977;0.0095
O2Cl2D5,9.6505;0.4032;0.1625
O2Cl2Tc5,10.0734;0.1931;0.0373
O2C2Mg5,10.8823;0.4993;0.2493
O2Mg2B5,25.5534;0.7299;0.5327
O2Lu2Tc5,9.97;0.1205;0.0145
O2Sc2Tc5,10.9549;0.1099;0.0121
Mo2Ru2Tc5,11.404;0.2336;0.0546
Mo2Tm2Tc5,13.4114;0.0759;0.0058
Mo2Os2C5,10.0025;0.1337;0.0179
Mo2Os2Tc5,12.9568;0.118;0.0139
Mo2Sn2Tc5,11.1477;0.2572;0.0661
Mo2Nd2Ba5,9.6859;0.8394;0.7045
Mo2Nd2Tc5,13.2934;0.0906;0.0082
Mo2Bi2Tc5,12.2146;0.202;0.0408
Mo2Pb2C5,9.9973;0.1586;0.0252
Mo2Pb2Tc5,11.7367;0.191;0.0365
Mo2S2C5,10.7956;0.2607;0.068
Mo2S2Tc5,12.5988;0.175;0.0306
Mo2F2Tc5,13.3728;0.0872;0.0076
Mo2V2Tc5,12.9728;0.0895;0.008
Mo2Ga2Nb5,10.8838;0.3379;0.1142
Mo2Ga2Tc5,10.2626;0.2452;0.0601
Mo2Sr2C5,10.1381;0.1284;0.0165
Mo2Sr2Tc5,13.21;0.0974;0.0095
Mo2Co2Tc5,11.2282;0.2152;0.0463
Mo2Re2Tc5,11.841;0.1816;0.033
Mo2W2C5,11.2672;0.0483;0.0023
Mo2W2Tc5,13.1897;0.092;0.0085
Mo2N2Cl5,10.1351;0.349;0.1218
Mo2N2C5,9.8853;0.2192;0.0481
Mo2Be2C5,9.88;0.1521;0.0231
Mo2Be2Tc5,12.4626;0.1872;0.0351
Mo2Nb2C5,12.0806;0.0619;0.0038
Mo2Nb2Tc5,12.206;0.1228;0.0151
Mo2Tl2C5,10.6055;0.2215;0.049
Mo2Tl2Tc5,13.1063;0.132;0.0174
Mo2Y2C5,10.5473;0.2188;0.0479
Mo2Y2Tc5,12.2084;0.1352;0.0183
Mo2Hf2Tc5,10.566;0.2475;0.0613
Mo2Cl2C5,10.058;0.1479;0.0219
Mo2Cl2Tc5,12.9852;0.1255;0.0157
Mo2Sm2C5,10.1133;0.1371;0.0188
Mo2Sm2Tc5,13.4182;0.076;0.0058
Mo2Ni2Tc5,11.9096;0.2102;0.0442
Mo2Tb2Tc5,13.1751;0.1287;0.0166
Mo2B2Tc5,12.2253;0.1739;0.0302
Mo2C2Mg5,10.1745;0.4423;0.1956
Mo2Gd2Tc5,13.2855;0.0975;0.0095
Mo2In2Tc5,12.4975;0.1611;0.0259
Mo2Pd2Tc5,11.4395;0.2335;0.0545
Mo2Zr2Tc5,12.5678;0.1752;0.0307
Mo2Mn2Tc5,13.2256;0.1021;0.0104
Mo2Ho2C5,10.1361;0.1359;0.0185
Mo2Ho2Tc5,13.3866;0.084;0.0071
Mo2Se2Tc5,12.8707;0.1385;0.0192
Mo2Ti2C5,10.8409;0.1104;0.0122
Mo2Ti2Tc5,11.7845;0.1697;0.0288
Mo2Hg2Tc5,13.417;0.0738;0.0054
Mo2Eu2C5,10.1674;0.128;0.0164
Mo2Eu2Tc5,13.1447;0.1039;0.0108
Mo2Rb2Tc5,11.4916;0.2365;0.0559
Mo2Pr2Tc5,12.7337;0.1638;0.0268
Mo2Mg2B5,17.5073;0.7526;0.5664
Mo2Mg2C5,10.2801;0.1709;0.0292
Mo2Mg2Tc5,12.2844;0.2602;0.0677
Mo2Sb2Tc5,12.3693;0.1979;0.0392
Mo2Er2C5,10.0833;0.1408;0.0198
Mo2Er2Tc5,13.2578;0.1189;0.0141
Mo2Rh2Tc5,11.5011;0.2351;0.0553
Mo2Au2C5,10.2282;0.123;0.0151
Mo2Au2Tc5,13.2989;0.0931;0.0087
Mo2Zn2Tc5,12.7432;0.1634;0.0267
Mo2Np2C5,10.2588;0.1214;0.0147
Mo2Np2Tc5,13.4265;0.0729;0.0053
Mo2Si2Tc5,12.3411;0.1846;0.0341
Mo2P2C5,10.1289;0.1426;0.0203
Mo2P2Tc5,13.1395;0.1087;0.0118
Mo2Ta2Tc5,13.2435;0.0901;0.0081
Mo2Na2Tc5,12.7566;0.1432;0.0205
Mo2H2C5,10.211;0.1396;0.0195
Mo2H2Tc5,13.3203;0.0938;0.0088
Mo2Pt2Tc5,11.6728;0.2279;0.0519
Mo2Ge2Tc5,10.7903;0.2681;0.0719
Mo2Pa2C5,10.2588;0.1214;0.0147
Mo2Pa2Tc5,13.4265;0.0729;0.0053
Mo2Te2Tc5,12.5078;0.1669;0.0279
Mo2Ir2Tc5,10.0666;0.2906;0.0844
Mo2Yb2C5,9.9799;0.1379;0.019
Mo2Yb2Tc5,12.9051;0.1309;0.0171
Mo2T2C5,10.2588;0.1214;0.0147
Mo2T2Tc5,13.4265;0.0729;0.0053
Mo2Th2C5,10.3157;0.1408;0.0198
Mo2Th2Tc5,13.278;0.0962;0.0093
Mo2Lu2Tc5,12.774;0.094;0.0088
Mo2Ag2C5,10.2481;0.1213;0.0147
Mo2Ag2Tc5,13.312;0.0853;0.0073
Mo2Cd2Tc5,12.3387;0.1963;0.0385
Mo2Br2C5,10.0868;0.1384;0.0191
Mo2Br2Tc5,12.5551;0.1526;0.0233
Mo2I2C5,10.2053;0.1259;0.0159
Mo2I2Tc5,13.2887;0.0995;0.0099
Mo2Dy2Tc5,13.2661;0.0973;0.0095
Mo2Sc2C5,10.2032;0.1159;0.0134
Mo2Sc2Tc5,13.0591;0.0817;0.0067
Mo2Cr2Tc5,10.435;0.254;0.0645
Mo2D2C5,10.2591;0.1213;0.0147
Mo2D2Tc5,13.426;0.0733;0.0054
Mo2Cs2Tc5,12.2774;0.1932;0.0373
Mo2Tc2C5,10.2588;0.1214;0.0147
Mo2Pu2C5,10.195;0.1342;0.018
Mo2Pu2Tc5,13.0407;0.147;0.0216
Mo2Am2C5,10.2588;0.1214;0.0147
Mo2Am2Tc5,13.4265;0.0729;0.0053
Mo2Cm2C5,10.2588;0.1214;0.0147
Mo2Cm2Tc5,13.4265;0.0729;0.0053
Mo2Po2C5,10.2588;0.1214;0.0147
Mo2Po2Tc5,13.4265;0.0729;0.0053
Ru2S2D5,9.9598;0.6057;0.3669
Ru2Ga2Nb5,9.8429;0.3069;0.0942
Ru2N2Cl5,9.6766;0.3651;0.1333
Ru2Mg2B5,19.501;0.8359;0.6987
Tm2Sn2Nb5,9.6905;0.3415;0.1166
Tm2Nd2Ba5,11.5815;0.9359;0.8759
Tm2S2D5,12.9937;0.5758;0.3315
Tm2V2Tc5,11.0283;0.0942;0.0089
Tm2Ga2Nb5,12.7255;0.3221;0.1038
Tm2Al2Nb5,11.2195;0.3231;0.1044
Tm2W2D5,9.8343;0.3837;0.1473
Tm2W2Tc5,9.8966;0.1085;0.0118
Tm2N2Cl5,10.5458;0.3571;0.1275
Tm2N2Li5,10.0183;0.3792;0.1438
Tm2Nb2Tc5,10.8945;0.07;0.0049
Tm2Tl2D5,9.8985;0.3739;0.1398
Tm2Cl2D5,10.4874;0.4001;0.1601
Tm2Cl2Tc5,10.2833;0.187;0.035
Tm2Sm2D5,9.6753;0.3864;0.1493
Tm2C2Mg5,10.7268;0.505;0.255
Tm2Se2D5,9.8304;0.3811;0.1453
Tm2Hg2D5,9.8197;0.3778;0.1427
Tm2Eu2D5,9.8605;0.3756;0.1411
Tm2Mg2B5,24.9067;0.7289;0.5313
Tm2Np2D5,9.8695;0.3774;0.1424
Tm2Pa2D5,9.8737;0.3776;0.1426
Tm2Yb2D5,9.7327;0.3868;0.1496
Tm2T2D5,9.8712;0.3775;0.1425
Tm2Lu2Tc5,10.1922;0.0949;0.009
Tm2Sc2Tc5,11.0652;0.0835;0.007
Tm2Tc2D5,9.886;0.3774;0.1425
Tm2Am2D5,9.8746;0.3783;0.1431
Tm2Cm2D5,9.8737;0.3776;0.1426
Tm2Po2D5,9.8737;0.3776;0.1426
Os2Nd2Ba5,10.4074;0.9466;0.896
Os2S2D5,11.6763;0.533;0.2841
Os2V2Tc5,10.4029;0.1639;0.0269
Os2Ga2Nb5,10.0577;0.3557;0.1265
Os2N2Cl5,10.3959;0.3449;0.119
Os2N2Li5,9.816;0.3865;0.1494
Os2Nb2Tc5,10.0662;0.1544;0.0238
Os2C2Mg5,10.575;0.4989;0.2489
Os2Mg2B5,23.2392;0.7971;0.6353
Os2Sc2Tc5,10.416;0.1575;0.0248
Sn2Nd2Ba5,10.0488;0.9044;0.8179
Sn2Nd2Nb5,9.8184;0.3447;0.1188
Sn2Bi2Nb5,10.9852;0.3267;0.1068
Sn2Pb2Nb5,10.8758;0.3264;0.1065
Sn2S2D5,9.7785;0.5668;0.3213
Sn2F2Nb5,9.8567;0.3356;0.1127
Sn2Ga2Nb5,13.3259;0.2927;0.0857
Sn2Al2Nb5,12.8579;0.2671;0.0713
Sn2Sr2Nb5,9.6843;0.3354;0.1125
Sn2W2Nb5,9.8176;0.3356;0.1126
Sn2N2Cl5,10.2656;0.3486;0.1215
Sn2Tl2Nb5,13.128;0.3253;0.1058
Sn2Hf2Nb5,9.6753;0.336;0.1129
Sn2Cl2Nb5,9.9719;0.3409;0.1162
Sn2Sm2Nb5,9.8537;0.3371;0.1136
Sn2Ni2Nb5,9.8518;0.3241;0.1051
Sn2Tb2Nb5,9.7243;0.3413;0.1165
Sn2C2Mg5,10.0646;0.5041;0.2541
Sn2Gd2Nb5,9.7475;0.3474;0.1207
Sn2In2Nb5,10.7107;0.3406;0.116
Sn2Zr2Nb5,15.2054;0.283;0.0801
Sn2Mn2Nb5,9.7477;0.3406;0.116
Sn2Ho2Nb5,9.7191;0.3361;0.113
Sn2Ti2Nb5,10.0441;0.3156;0.0996
Sn2Hg2Nb5,9.8585;0.3347;0.112
Sn2Eu2Nb5,9.8323;0.3392;0.115
Sn2Mg2Nb5,9.6859;0.37;0.1369
Sn2Mg2B5,23.9867;0.7175;0.5147
Sn2Zn2Nb5,9.9463;0.3164;0.1001
Sn2Np2Nb5,9.8618;0.3356;0.1126
Sn2Ta2Nb5,13.9879;0.2472;0.0611
Sn2Na2Nb5,9.8191;0.3271;0.107
Sn2Pa2Nb5,9.8618;0.3356;0.1126
Sn2Yb2Nb5,9.8094;0.3421;0.117
Sn2T2Nb5,9.8618;0.3356;0.1126
Sn2Cd2Nb5,9.7765;0.3332;0.111
Sn2Br2Nb5,9.7038;0.3193;0.102
Sn2I2Nb5,9.8425;0.3272;0.1071
Sn2Dy2Nb5,9.7566;0.3353;0.1124
Sn2Sc2Nb5,9.7895;0.336;0.1129
Sn2D2Nb5,9.8564;0.3348;0.1121
Sn2Pu2Nb5,9.8271;0.3352;0.1123
Sn2Am2Nb5,9.8618;0.3356;0.1126
Sn2Cm2Nb5,9.8618;0.3356;0.1126
Sn2Po2Nb5,9.8618;0.3356;0.1126
Nd2Bi2Ba5,10.8555;0.9405;0.8846
Nd2Pb2Ba5,11.2524;0.7647;0.5848
Nd2S2Ba5,10.994;0.8966;0.8039
Nd2S2D5,11.6069;0.6062;0.3675
Nd2F2Ba5,11.3424;0.9516;0.9055
Nd2V2Ba5,10.305;0.9352;0.8747
Nd2V2Tc5,10.745;0.1289;0.0166
Nd2Ga2Nb5,12.5286;0.338;0.1142
Nd2Al2Nb5,11.0808;0.332;0.1102
Nd2Sr2Ba5,13.1155;0.9072;0.8231
Nd2Co2Ba5,9.8253;0.9033;0.816
Nd2Re2Ba5,10.9058;0.9013;0.8124
Nd2W2Ba5,11.5733;0.9401;0.8838
Nd2N2Cl5,10.4955;0.3583;0.1284
Nd2N2Li5,9.9277;0.3815;0.1455
Nd2Be2Ba5,11.4113;0.9335;0.8715
Nd2Nb2Tc5,10.7414;0.0935;0.0087
Nd2Tl2Ba5,11.6114;0.9294;0.8638
Nd2Y2Ba5,11.2619;0.853;0.7276
Nd2Hf2Ba5,11.2528;0.9133;0.8341
Nd2Cl2Ba5,12.0868;0.8691;0.7554
Nd2Cl2Tc5,10.0487;0.2033;0.0413
Nd2Sm2Ba5,11.4979;0.9376;0.8791
Nd2Tb2Ba5,11.0972;0.9443;0.8917
Nd2B2Ba5,10.5077;0.9117;0.8311
Nd2C2Mg5,10.3928;0.5105;0.2606
Nd2Gd2Ba5,11.202;0.9317;0.8681
Nd2In2Ba5,10.3709;0.8907;0.7934
Nd2Pd2Ba5,9.688;0.8166;0.6668
Nd2Zr2Ba5,10.3679;0.9069;0.8224
Nd2Mn2Ba5,10.9856;0.9555;0.9131
Nd2Ho2Ba5,11.3173;0.9311;0.8669
Nd2Se2Ba5,11.5599;0.9394;0.8825
Nd2Ti2Ba5,10.3841;0.8953;0.8016
Nd2Hg2Ba5,11.4024;0.9134;0.8342
Nd2Eu2Ba5,11.5726;0.9247;0.8552
Nd2Rb2Ba5,12.4362;0.8399;0.7054
Nd2Pr2Ba5,10.2282;0.9643;0.9298
Nd2Mg2Ba5,10.9962;0.8656;0.7492
Nd2Mg2B5,25.3849;0.7049;0.4969
Nd2Sb2Ba5,9.6389;0.8709;0.7585
Nd2Er2Ba5,11.0661;0.9399;0.8834
Nd2Rh2Ba5,10.2344;0.9344;0.8731
Nd2Au2Ba5,11.6744;0.9326;0.8698
Nd2Zn2Ba5,10.3764;0.9134;0.8343
Nd2Np2Ba5,11.6056;0.9394;0.8825
Nd2Si2Ba5,10.521;0.8913;0.7945
Nd2P2Ba5,9.8835;0.906;0.8208
Nd2Ta2Ba5,11.4207;0.9598;0.9212
Nd2Na2Ba5,11.1534;0.9147;0.8368
Nd2H2Ba5,11.7586;0.9292;0.8634
Nd2Pt2Ba5,10.1954;0.9322;0.869
Nd2Ge2Ba5,10.3565;0.907;0.8226
Nd2Pa2Ba5,11.594;0.9387;0.8812
Nd2Te2Ba5,10.9432;0.9753;0.9512
Nd2Yb2Ba5,11.5111;0.9348;0.8739
Nd2T2Ba5,11.3188;0.9304;0.8656
Nd2Th2Ba5,11.2197;0.8891;0.7905
Nd2Lu2Ba5,11.1698;0.9199;0.8462
Nd2Lu2Tc5,9.9503;0.1242;0.0154
Nd2Ag2Ba5,11.5709;0.9534;0.909
Nd2Cd2Ba5,11.4339;0.9403;0.8841
Nd2Br2Ba5,11.3998;0.9113;0.8305
Nd2I2Ba5,11.1703;0.9026;0.8146
Nd2Dy2Ba5,11.3942;0.9535;0.9092
Nd2Sc2Ba5,11.4245;0.9347;0.8737
Nd2Sc2Tc5,10.7405;0.1273;0.0162
Nd2Cr2Ba5,10.1825;0.9204;0.8472
Nd2D2Ba5,11.6235;0.9403;0.8842
Nd2Cs2Ba5,10.846;0.9176;0.842
Nd2Tc2Ba5,11.7007;0.9321;0.8689
Nd2Pu2Ba5,10.8475;0.8921;0.7959
Nd2Am2Ba5,11.5939;0.9385;0.8808
Nd2Cm2Ba5,11.594;0.9387;0.8812
Nd2Po2Ba5,11.594;0.9387;0.8812
Bi2Pb2Ba5,10.6246;0.3418;0.1168
Bi2Ga2Nb5,12.1321;0.3047;0.0928
Bi2Al2Nb5,10.8856;0.3292;0.1083
Bi2N2Cl5,10.2486;0.3583;0.1284
Bi2C2Mg5,9.5455;0.5425;0.2943
Bi2Rb2Ba5,11.3805;0.5893;0.3473
Bi2Mg2B5,23.6988;0.7329;0.5372
Pb2Ga2Nb5,12.1716;0.334;0.1115
Pb2Al2Nb5,10.8298;0.3116;0.0971
Pb2N2Cl5,10.5259;0.3534;0.1249
Pb2N2Li5,9.9923;0.3759;0.1413
Pb2C2Mg5,11.5217;0.4285;0.1836
Pb2Mg2B5,24.6788;0.6828;0.4662
S2F2D5,10.9893;0.5776;0.3337
S2V2D5,11.439;0.5855;0.3428
S2V2Tc5,10.3626;0.141;0.0199
S2Ga2Nb5,12.2106;0.2967;0.088
S2Al2Nb5,10.7038;0.3234;0.1046
S2Sr2D5,11.5529;0.5696;0.3245
S2Co2D5,9.9726;0.6163;0.3798
S2Re2D5,11.0106;0.5857;0.3431
S2W2C5,10.1243;0.3976;0.1581
S2W2D5,12.3964;0.5837;0.3407
S2N2Cl5,10.5024;0.3581;0.1282
S2N2C5,9.7324;0.3222;0.1038
S2Be2D5,12.6727;0.561;0.3148
S2Tl2D5,12.9423;0.5812;0.3378
S2Y2D5,10.6012;0.5462;0.2983
S2Hf2D5,12.414;0.5579;0.3112
S2Cl2D5,13.2197;0.5955;0.3546
S2Cl2Tc5,9.8203;0.2011;0.0404
S2Sm2D5,12.6455;0.5837;0.3407
S2Tb2D5,11.7956;0.6024;0.3628
S2B2D5,10.9474;0.6012;0.3615
S2C2Mg5,11.2169;0.5084;0.2585
S2Gd2D5,11.8613;0.6101;0.3722
S2In2D5,12.1258;0.5948;0.3537
S2Zr2D5,10.061;0.5523;0.3051
S2Mn2D5,11.4966;0.6011;0.3613
S2Ho2D5,12.2869;0.5822;0.3389
S2Se2D5,12.9574;0.589;0.3469
S2Ti2D5,12.3705;0.5679;0.3225
S2Hg2D5,12.9523;0.5773;0.3333
S2Eu2D5,12.7785;0.5946;0.3535
S2Pr2D5,10.7653;0.5567;0.3099
S2Mg2B5,25.6096;0.7276;0.5294
S2Mg2D5,10.7418;0.5967;0.3561
S2Sb2D5,11.4607;0.545;0.297
S2Er2D5,11.5045;0.6172;0.381
S2Rh2D5,10.8876;0.5372;0.2886
S2Au2D5,12.4977;0.5877;0.3453
S2Zn2D5,9.4691;0.638;0.407
S2Np2D5,13.0196;0.5811;0.3376
S2Si2D5,11.5203;0.5735;0.3289
S2P2D5,12.1776;0.6102;0.3723
S2Ta2D5,11.912;0.5434;0.2953
S2Na2D5,12.3157;0.5795;0.3358
S2H2D5,11.9637;0.5576;0.311
S2Pt2D5,10.3898;0.5873;0.3449
S2Ge2D5,11.491;0.5904;0.3485
S2Pa2D5,13.0215;0.5811;0.3377
S2Te2D5,12.2294;0.5129;0.2631
S2Yb2D5,12.7585;0.5837;0.3407
S2T2D5,12.9229;0.5832;0.3401
S2Th2D5,11.2269;0.5429;0.2947
S2Lu2D5,11.1515;0.6016;0.362
S2Ag2D5,12.4007;0.5699;0.3248
S2Cd2D5,12.5391;0.5843;0.3414
S2Br2D5,12.2366;0.5521;0.3048
S2I2D5,12.5433;0.5844;0.3415
S2Dy2D5,12.5241;0.6144;0.3775
S2Sc2D5,12.2019;0.5763;0.3322
S2Sc2Tc5,10.461;0.1431;0.0205
S2Cr2D5,10.3545;0.5819;0.3386
S2Cs2D5,11.397;0.5231;0.2737
S2Tc2D5,13.0194;0.5746;0.3302
S2Pu2D5,10.9645;0.5645;0.3186
S2Am2D5,13.0221;0.5811;0.3377
S2Cm2D5,13.0215;0.5811;0.3377
S2Po2D5,13.0215;0.5811;0.3377
F2V2Tc5,10.7926;0.1336;0.0178
F2Ga2Nb5,12.7178;0.3247;0.1054
F2Al2Nb5,11.1916;0.3156;0.0996
F2N2Cl5,10.4926;0.3589;0.1288
F2N2Li5,9.7756;0.3896;0.1518
F2Nb2Tc5,10.8124;0.0767;0.0059
F2Cl2Tc5,10.0892;0.1956;0.0383
F2C2Mg5,10.7384;0.5123;0.2624
F2Mg2B5,20.9287;0.6758;0.4567
F2Lu2Tc5,9.99;0.1276;0.0163
F2Sc2Tc5,10.7804;0.1252;0.0157
V2Ga2Nb5,11.6473;0.1433;0.0205
V2Al2Nb5,9.9774;0.2984;0.0891
V2Sr2Tc5,10.6079;0.1354;0.0183
V2Re2Tc5,10.6022;0.1341;0.018
V2W2Tc5,10.8346;0.0868;0.0075
V2N2Cl5,10.0004;0.3345;0.1119
V2Be2Tc5,10.9298;0.1121;0.0126
V2Nb2Tc5,10.8009;0.0761;0.0058
V2Tl2Tc5,10.9796;0.0986;0.0097
V2Y2Tc5,10.0696;0.1016;0.0103
V2Cl2D5,9.6012;0.436;0.1901
V2Cl2Tc5,11.3602;0.1512;0.0228
V2Sm2Tc5,11.0231;0.095;0.009
V2Tb2Tc5,10.68;0.1254;0.0157
V2B2Tc5,9.8231;0.198;0.0392
V2C2Mg5,9.8611;0.5197;0.2701
V2Gd2Tc5,10.7981;0.1227;0.0151
V2In2Tc5,10.7235;0.1317;0.0173
V2Zr2Tc5,9.9134;0.1764;0.0311
V2Mn2Tc5,10.6827;0.1192;0.0142
V2Ho2Tc5,10.9299;0.1075;0.0116
V2Se2Tc5,10.9978;0.1006;0.0101
V2Hg2Tc5,11.0179;0.0923;0.0085
V2Eu2Tc5,11.0304;0.0948;0.009
V2Pr2Tc5,10.1725;0.1781;0.0317
V2Mg2B5,25.4302;0.7038;0.4954
V2Mg2Tc5,9.9681;0.2705;0.0732
V2Er2Tc5,10.7042;0.1416;0.02
V2Au2Tc5,10.8865;0.1173;0.0138
V2Zn2Tc5,9.9935;0.2022;0.0409
V2Np2Tc5,11.0335;0.0929;0.0086
V2Si2Tc5,10.1147;0.1989;0.0396
V2P2Tc5,10.8064;0.1205;0.0145
V2Ta2Tc5,10.8408;0.107;0.0114
V2Na2Tc5,10.8309;0.1123;0.0126
V2H2Tc5,10.6379;0.1229;0.0151
V2Ge2Tc5,10.0175;0.1823;0.0332
V2Pa2Tc5,11.0324;0.0934;0.0087
V2Te2Tc5,10.2912;0.1659;0.0275
V2Yb2Tc5,11.0168;0.0939;0.0088
V2T2Tc5,10.9832;0.0925;0.0085
V2Th2Tc5,10.8462;0.1009;0.0102
V2Lu2Tc5,10.6559;0.0852;0.0073
V2Ag2Tc5,10.9602;0.1041;0.0108
V2Cd2Tc5,10.8994;0.1007;0.0101
V2Br2Tc5,10.4237;0.1766;0.0312
V2I2Tc5,10.7591;0.1178;0.0139
V2Dy2Tc5,10.9445;0.1012;0.0102
V2Sc2Tc5,11.103;0.0705;0.005
V2D2Tc5,11.0034;0.0903;0.0082
V2Pu2Tc5,10.2148;0.1528;0.0233
V2Am2Tc5,11.0324;0.0934;0.0087
V2Cm2Tc5,11.0324;0.0934;0.0087
V2Po2Tc5,11.0324;0.0934;0.0087
Ga2Al2Nb5,13.9814;0.3061;0.0937
Ga2Sr2Nb5,11.5756;0.3574;0.1277
Ga2Co2Nb5,10.4443;0.2975;0.0885
Ga2Re2Nb5,12.4082;0.3195;0.1021
Ga2W2Nb5,12.6713;0.3137;0.0984
Ga2N2Nb5,11.2763;0.311;0.0967
Ga2N2Cl5,9.7612;0.3332;0.1111
Ga2Be2Nb5,12.0311;0.3557;0.1265
Ga2Tl2Nb5,13.6179;0.3116;0.0971
Ga2Y2Nb5,11.7049;0.3473;0.1206
Ga2Hf2Nb5,12.262;0.3062;0.0937
Ga2Cl2Nb5,12.7193;0.3201;0.1025
Ga2Sm2Nb5,12.5348;0.3467;0.1202
Ga2Ni2Nb5,11.1914;0.2922;0.0854
Ga2Tb2Nb5,12.6025;0.3249;0.1056
Ga2B2Nb5,11.5788;0.3475;0.1208
Ga2C2Mg5,9.5117;0.5193;0.2697
Ga2Gd2Nb5,12.4932;0.3374;0.1139
Ga2In2Nb5,11.6721;0.349;0.1218
Ga2Zr2Nb5,11.9414;0.3401;0.1156
Ga2Mn2Nb5,10.0094;0.3215;0.1034
Ga2Ho2Nb5,12.5371;0.3203;0.1026
Ga2Se2Nb5,12.3546;0.3364;0.1132
Ga2Ti2Nb5,11.3192;0.318;0.1011
Ga2Hg2Nb5,12.7225;0.3226;0.1041
Ga2Eu2Nb5,12.6391;0.3305;0.1092
Ga2Rb2Nb5,12.1425;0.328;0.1076
Ga2Pr2Nb5,12.1811;0.352;0.1239
Ga2Mg2Nb5,12.5011;0.354;0.1253
Ga2Mg2B5,21.0573;0.7779;0.6051
Ga2Sb2Nb5,11.1244;0.3125;0.0976
Ga2Er2Nb5,12.5086;0.3402;0.1157
Ga2Au2Nb5,10.5506;0.3583;0.1284
Ga2Zn2Nb5,13.508;0.288;0.0829
Ga2Li2Nb5,10.3751;0.401;0.1608
Ga2Np2Nb5,12.7263;0.3226;0.1041
Ga2Si2V5,10.7621;0.4078;0.1663
Ga2Si2Nb5,11.8542;0.3235;0.1046
Ga2P2Nb5,12.4085;0.3119;0.0973
Ga2Ta2Nb5,12.74;0.2938;0.0863
Ga2Na2Nb5,12.7171;0.3267;0.1068
Ga2H2Nb5,11.9365;0.3558;0.1266
Ga2Pt2Nb5,11.4274;0.3225;0.104
Ga2Pa2Nb5,12.7263;0.3226;0.1041
Ga2Te2Nb5,10.327;0.3349;0.1122
Ga2Ir2Nb5,9.8406;0.3279;0.1075
Ga2Yb2Nb5,12.2523;0.3478;0.121
Ga2T2Nb5,12.7263;0.3226;0.1041
Ga2Th2Nb5,12.6372;0.3219;0.1036
Ga2Lu2Nb5,12.6319;0.3238;0.1048
Ga2Ag2Nb5,12.7045;0.3146;0.099
Ga2Cd2Nb5,12.6729;0.3227;0.1041
Ga2Br2Nb5,12.525;0.3484;0.1214
Ga2I2Nb5,12.6981;0.3286;0.108
Ga2Dy2Nb5,12.692;0.326;0.1063
Ga2Sc2Nb5,12.3351;0.3489;0.1218
Ga2Cr2Nb5,10.3564;0.3572;0.1276
Ga2D2Nb5,12.7151;0.3233;0.1045
Ga2Cs2Nb5,12.4352;0.3079;0.0948
Ga2Tc2Nb5,11.9796;0.3518;0.1238
Ga2Pu2Nb5,12.4482;0.3423;0.1172
Ga2Am2Nb5,12.7263;0.3226;0.1041
Ga2Cm2Nb5,12.7263;0.3226;0.1041
Ga2Po2Nb5,12.7263;0.3226;0.1041
Al2Sr2Nb5,10.9937;0.3244;0.1052
Al2Re2Nb5,10.9717;0.3238;0.1048
Al2W2Nb5,11.4772;0.3225;0.104
Al2Be2Nb5,10.435;0.297;0.0882
Al2Tl2Nb5,11.4095;0.315;0.0992
Al2Hf2Nb5,10.8114;0.3188;0.1017
Al2Cl2Nb5,11.2375;0.3156;0.0996
Al2Sm2Nb5,11.2023;0.3233;0.1045
Al2Ni2Nb5,10.1694;0.2823;0.0797
Al2Tb2Nb5,11.07;0.3293;0.1085
Al2B2Nb5,11.2073;0.3534;0.1249
Al2Gd2Nb5,10.9043;0.3508;0.123
Al2In2Nb5,10.9188;0.3408;0.1162
Al2Mn2Nb5,10.9331;0.3598;0.1295
Al2Ho2Nb5,11.204;0.3227;0.1042
Al2Se2Nb5,11.9534;0.3145;0.0989
Al2Hg2Nb5,11.2171;0.3246;0.1053
Al2Eu2Nb5,11.187;0.3302;0.109
Al2Rb2Nb5,10.7654;0.329;0.1082
Al2Pr2Nb5,10.6921;0.3405;0.1159
Al2Mg2Nb5,10.8947;0.3922;0.1538
Al2Mg2B5,15.7925;0.483;0.2333
Al2Sb2Nb5,10.2137;0.327;0.1069
Al2Er2Nb5,11.1573;0.3185;0.1015
Al2Au2Nb5,10.286;0.3561;0.1268
Al2Zn2Nb5,11.1656;0.351;0.1232
Al2Li2B5,10.0616;0.5099;0.26
Al2Np2Nb5,11.2408;0.3224;0.1039
Al2Si2Nb5,14.0924;0.2959;0.0876
Al2P2Nb5,11.6976;0.3114;0.097
Al2Ta2Nb5,10.7001;0.3149;0.0991
Al2Na2Nb5,11.2619;0.3274;0.1072
Al2H2Nb5,10.512;0.3199;0.1023
Al2Pt2Nb5,9.7539;0.366;0.134
Al2Ge2Nb5,15.0709;0.3106;0.0965
Al2Pa2Nb5,11.2203;0.323;0.1043
Al2Yb2Nb5,10.8835;0.3299;0.1089
Al2T2Nb5,11.2203;0.323;0.1043
Al2Th2Nb5,10.7073;0.3544;0.1256
Al2Lu2Nb5,10.5992;0.3521;0.124
Al2Ag2Nb5,10.9706;0.3397;0.1154
Al2Cd2Nb5,11.178;0.3261;0.1063
Al2Br2Nb5,11.1311;0.3256;0.106
Al2I2Nb5,11.1918;0.3225;0.104
Al2Dy2Nb5,11.196;0.3232;0.1045
Al2Sc2Nb5,11.1553;0.3225;0.104
Al2D2Nb5,11.218;0.3249;0.1056
Al2Cs2Nb5,11.0247;0.3124;0.0976
Al2Tc2Nb5,10.7767;0.3311;0.1096
Al2Pu2Nb5,11.1329;0.3256;0.106
Al2Am2Nb5,11.0529;0.3321;0.1103
Al2Cm2Nb5,11.2203;0.323;0.1043
Al2Po2Nb5,11.2203;0.323;0.1043
Sr2N2Cl5,11.8256;0.3853;0.1484
Sr2N2Li5,10.0809;0.3796;0.1441
Sr2Cl2D5,9.6764;0.412;0.1697
Sr2Cl2Tc5,10.1571;0.2097;0.044
Sr2C2Mg5,10.8487;0.4991;0.2491
Sr2Mg2B5,25.4059;0.6941;0.4817
Sr2Lu2Tc5,9.9612;0.1367;0.0187
Sr2Sc2Tc5,10.9036;0.128;0.0164
Co2C2Mg5,10.9127;0.5298;0.2807
Co2Mg2B5,23.0503;0.6972;0.486
Co2Pu2Ga5,11.7736;0.2252;0.0507
Re2N2Cl5,10.527;0.3561;0.1268
Re2N2Li5,9.8661;0.3853;0.1485
Re2Nb2Tc5,10.5975;0.0942;0.0089
Re2Ni2Mo5,10.1077;0.1647;0.0271
Re2C2Mg5,10.8271;0.4992;0.2492
Re2Mg2B5,23.9786;0.7448;0.5548
Re2Sc2Tc5,10.3857;0.1567;0.0246
W2N2Cl5,10.5589;0.3573;0.1276
W2N2Li5,9.7364;0.3793;0.1438
W2Nb2C5,11.9718;0.0819;0.0067
W2Nb2Tc5,10.8247;0.0728;0.0053
W2Tl2D5,9.8536;0.3816;0.1456
W2Tl2Tc5,9.896;0.1096;0.012
W2Y2C5,10.7222;0.2598;0.0675
W2Cl2D5,10.4705;0.4079;0.1664
W2Cl2Tc5,10.3888;0.1767;0.0312
W2Sm2D5,9.6507;0.397;0.1576
W2C2Mg5,11.028;0.4994;0.2494
W2Se2D5,9.8105;0.393;0.1545
W2Hg2D5,9.798;0.3888;0.1511
W2Eu2D5,9.8434;0.3868;0.1496
W2Eu2Tc5,9.8995;0.1093;0.012
W2Mg2B5,24.6565;0.7333;0.5378
W2Np2D5,9.8559;0.3877;0.1503
W2Np2Tc5,9.9016;0.1087;0.0118
W2Pa2D5,9.8601;0.3881;0.1507
W2Pa2Tc5,9.901;0.1087;0.0118
W2Yb2D5,9.713;0.3969;0.1576
W2T2D5,9.857;0.3876;0.1502
W2T2Tc5,9.9013;0.1086;0.0118
W2Lu2Tc5,10.1071;0.0961;0.0092
W2Sc2Tc5,10.7602;0.0796;0.0063
W2D2Tc5,9.902;0.1087;0.0118
W2Tc2D5,9.8658;0.3859;0.1489
W2Am2D5,9.8603;0.3887;0.1511
W2Am2Tc5,9.9008;0.1087;0.0118
W2Cm2D5,9.8601;0.3881;0.1507
W2Cm2Tc5,9.901;0.1087;0.0118
W2Po2D5,9.8601;0.3881;0.1507
W2Po2Tc5,9.901;0.1087;0.0118
N2Be2Cl5,10.5043;0.355;0.126
N2Nb2Cl5,10.9376;0.336;0.1129
N2Nb2C5,11.4123;0.283;0.0801
N2Nb2Li5,9.7001;0.34;0.1156
N2Tl2Cl5,10.6318;0.3522;0.124
N2Tl2Li5,10.0326;0.3817;0.1457
N2Y2Cl5,9.8901;0.3491;0.1219
N2Y2Li5,9.6485;0.3858;0.1488
N2Hf2Cl5,16.2287;0.3919;0.1536
N2Hf2C5,9.8146;0.3227;0.1042
N2Hf2Li5,15.6719;0.4854;0.2356
N2Cl2Hf5,12.1354;0.512;0.2622
N2Cl2C5,10.811;0.3543;0.1255
N2Cl2Li5,13.059;0.3642;0.1326
N2Cl2Na5,10.282;0.4782;0.2287
N2Cl2H5,10.5855;0.4634;0.2147
N2Cl2Br5,9.5886;0.4424;0.1957
N2Cl2D5,11.2158;0.4413;0.1947
N2Cl2Cs5,10.0671;0.5318;0.2828
N2Cl2Tc5,11.0927;0.352;0.1239
N2Sm2Cl5,10.5174;0.3604;0.1299
N2Sm2Li5,10.0089;0.3783;0.1431
N2Ni2Cl5,10.2287;0.358;0.1282
N2Ni2Li5,9.7061;0.3749;0.1406
N2Tb2Cl5,10.2872;0.3752;0.1408
N2Tb2Li5,9.6578;0.3771;0.1422
N2B2Cl5,9.91;0.3655;0.1336
N2C2Sr5,10.0524;0.3091;0.0955
N2C2Be5,9.7864;0.3006;0.0904
N2C2Nb5,13.5834;0.2851;0.0813
N2C2Tl5,9.9098;0.316;0.0999
N2C2Cl5,11.2795;0.3578;0.128
N2C2Sm5,9.7307;0.3011;0.0906
N2C2Eu5,9.8128;0.2978;0.0887
N2C2Mg5,11.9447;0.4533;0.2055
N2C2Li5,11.084;0.369;0.1361
N2C2Np5,9.8089;0.2984;0.089
N2C2Ta5,11.4457;0.1419;0.0201
N2C2Na5,12.2786;0.3732;0.1393
N2C2H5,12.02;0.4472;0.1999
N2C2Pa5,9.8063;0.299;0.0894
N2C2T5,9.8232;0.2958;0.0875
N2C2Cd5,9.6961;0.3094;0.0957
N2C2Br5,10.0285;0.2948;0.0869
N2C2I5,10.0529;0.29;0.0841
N2C2D5,10.1327;0.2904;0.0843
N2C2Cs5,12.4596;0.5398;0.2913
N2C2Tc5,10.2588;0.2758;0.0761
N2C2Pu5,9.7407;0.3052;0.0932
N2C2Am5,9.8118;0.2982;0.0889
N2C2Cm5,9.8049;0.299;0.0894
N2C2Po5,9.7961;0.3002;0.0901
N2Gd2Cl5,10.4769;0.3607;0.1301
N2Gd2Li5,9.9377;0.3738;0.1397
N2Pd2Cl5,9.9538;0.383;0.1467
N2Zr2Cl5,12.2853;0.1866;0.0348
N2Zr2Li5,10.875;0.217;0.0471
N2Mn2Cl5,10.4455;0.3622;0.1312
N2Mn2Li5,9.9141;0.3746;0.1403
N2Ho2Cl5,10.5007;0.3624;0.1314
N2Ho2Li5,9.9746;0.3806;0.1448
N2Se2Cl5,10.3812;0.3655;0.1336
N2Ti2Cl5,9.7846;0.3384;0.1145
N2Ti2C5,10.3381;0.2877;0.0828
N2Ti2Li5,10.9057;0.3491;0.1219
N2Hg2Cl5,10.548;0.3582;0.1283
N2Hg2Li5,10.0185;0.3803;0.1446
N2Eu2Cl5,10.5439;0.3577;0.1279
N2Eu2Li5,10.018;0.3787;0.1434
N2Rb2Cl5,12.0225;0.3282;0.1077
N2Pr2Cl5,10.3198;0.3661;0.134
N2Pr2Li5,9.7317;0.3836;0.1471
N2Mg2Nb5,9.8553;0.3072;0.0944
N2Mg2Cl5,13.6999;0.4565;0.2084
N2Mg2B5,20.1717;0.7719;0.5958
N2Mg2C5,10.053;0.3394;0.1152
N2Mg2Li5,12.9446;0.5378;0.2892
N2Sb2Cl5,10.2054;0.3708;0.1375
N2Sb2Li5,9.6289;0.3728;0.139
N2Er2Cl5,10.483;0.3589;0.1288
N2Er2Li5,9.9081;0.3814;0.1455
N2Au2Cl5,10.6372;0.3498;0.1224
N2Au2Li5,10.0154;0.3756;0.1411
N2Zn2Cl5,10.7581;0.3484;0.1214
N2Zn2Li5,9.7582;0.3819;0.1459
N2Li2Tm5,9.7236;0.4174;0.1742
N2Li2Nd5,9.651;0.4302;0.1851
N2Li2Pb5,10.0602;0.361;0.1303
N2Li2Sr5,9.8781;0.4141;0.1715
N2Li2Re5,9.6804;0.4245;0.1802
N2Li2Tl5,9.7635;0.4183;0.175
N2Li2Hf5,14.4567;0.5631;0.3171
N2Li2Cl5,14.2216;0.3323;0.1104
N2Li2Sm5,9.6926;0.417;0.1739
N2Li2B5,9.7248;0.4401;0.1937
N2Li2C5,10.7625;0.3946;0.1557
N2Li2Gd5,9.6386;0.4177;0.1745
N2Li2Pd5,9.7944;0.3558;0.1266
N2Li2Zr5,10.3003;0.2577;0.0664
N2Li2Mn5,9.6129;0.4163;0.1733
N2Li2Ho5,9.6555;0.423;0.1789
N2Li2Ti5,10.4518;0.3536;0.125
N2Li2Eu5,9.7384;0.4173;0.1741
N2Li2Mg5,11.4728;0.672;0.4515
N2Li2Er5,9.6092;0.4214;0.1776
N2Li2Np5,9.7309;0.4206;0.1769
N2Li2Na5,10.8318;0.4321;0.1867
N2Li2Pa5,9.7284;0.4192;0.1758
N2Li2Yb5,9.7031;0.4193;0.1758
N2Li2T5,9.7611;0.4166;0.1735
N2Li2Lu5,9.6026;0.4222;0.1783
N2Li2Cd5,9.6722;0.4213;0.1775
N2Li2Br5,13.0119;0.4365;0.1905
N2Li2I5,10.6386;0.4021;0.1617
N2Li2Dy5,9.6792;0.4179;0.1746
N2Li2D5,10.5882;0.4386;0.1924
N2Li2Cs5,11.1011;0.4585;0.2102
N2Li2Tc5,10.8607;0.3766;0.1418
N2Li2Pu5,9.6404;0.4268;0.1822
N2Li2Am5,9.7382;0.4184;0.175
N2Li2Cm5,9.7249;0.4191;0.1757
N2Li2Po5,9.7046;0.4195;0.1759
N2Np2Cl5,10.572;0.3558;0.1266
N2Np2Li5,10.0218;0.3805;0.1448
N2Si2Cl5,10.6422;0.343;0.1176
N2Si2Li5,10.0963;0.3773;0.1424
N2P2Cl5,10.5799;0.3587;0.1287
N2P2Li5,9.7659;0.3724;0.1387
N2Ta2Cl5,10.5787;0.3516;0.1236
N2Na2Cl5,12.9543;0.3418;0.1168
N2Na2C5,12.3034;0.3676;0.1351
N2Na2Li5,11.1739;0.3905;0.1525
N2Na2H5,10.1362;0.5356;0.2869
N2Na2D5,10.2923;0.4316;0.1863
N2Na2Tc5,10.4013;0.3209;0.1029
N2H2Cl5,11.5885;0.3877;0.1503
N2H2C5,11.7824;0.4542;0.2063
N2H2Li5,10.0087;0.4713;0.2222
N2H2Na5,9.44;0.5823;0.3391
N2Pt2Cl5,10.1735;0.3493;0.122
N2Ge2Cl5,10.1459;0.3644;0.1328
N2Pa2Cl5,10.541;0.357;0.1274
N2Pa2Li5,10.0188;0.3792;0.1438
N2Te2Cl5,10.1329;0.3849;0.1481
N2Yb2Cl5,10.5255;0.3577;0.1279
N2Yb2Li5,10.0087;0.3795;0.144
N2T2Cl5,10.5464;0.3565;0.1271
N2T2Li5,10.0192;0.3794;0.1439
N2Th2Cl5,10.4033;0.3522;0.124
N2Th2Li5,9.7987;0.3976;0.1581
N2Lu2Cl5,10.5435;0.3562;0.1269
N2Lu2Li5,9.886;0.3882;0.1507
N2Ag2Cl5,10.2398;0.3567;0.1273
N2Cd2Cl5,10.5702;0.3562;0.1269
N2Cd2Li5,9.9909;0.3791;0.1437
N2Br2K5,10.7645;0.3846;0.1479
N2Br2Hf5,10.0003;0.4689;0.2199
N2Br2Cl5,10.9069;0.3488;0.1217
N2Br2C5,10.3336;0.2928;0.0858
N2Br2Li5,14.8492;0.3904;0.1524
N2Br2Na5,10.8578;0.362;0.131
N2Br2H5,9.7426;0.4546;0.2067
N2Br2D5,9.9724;0.3892;0.1515
N2Br2Tc5,9.7521;0.2951;0.0871
N2I2Cl5,10.5817;0.354;0.1253
N2I2Li5,10.9781;0.3474;0.1207
N2Dy2Cl5,10.4957;0.3601;0.1296
N2Dy2Li5,9.9881;0.3789;0.1436
N2Sc2Cl5,10.5876;0.353;0.1246
N2Sc2Li5,9.9814;0.3809;0.1451
N2Cr2Cl5,9.6935;0.3611;0.1304
N2D2Cl5,10.5807;0.3513;0.1234
N2D2Li5,10.0233;0.3797;0.1442
N2Cs2Cl5,11.5929;0.4129;0.1705
N2Cs2C5,12.2667;0.5642;0.3183
N2Cs2Li5,11.2727;0.4328;0.1873
N2Tc2Cl5,10.654;0.3539;0.1253
N2Tc2Li5,10.0408;0.3825;0.1463
N2Pu2Cl5,10.5086;0.3469;0.1204
N2Pu2Li5,9.8536;0.3941;0.1553
N2Am2Cl5,10.542;0.3571;0.1275
N2Am2Li5,10.0187;0.3792;0.1438
N2Cm2Cl5,10.541;0.357;0.1274
N2Cm2Li5,10.0188;0.3792;0.1438
N2Po2Cl5,10.541;0.357;0.1274
N2Po2Li5,10.0188;0.3792;0.1438
Be2Nb2Tc5,10.6092;0.1193;0.0142
Be2Cl2D5,10.2194;0.3943;0.1555
Be2Cl2Tc5,10.1952;0.1937;0.0375
Be2C2Mg5,10.865;0.4991;0.2491
Be2Mg2B5,21.6337;0.7486;0.5603
Be2Lu2Tc5,10.1159;0.1001;0.01
Be2Sc2Tc5,10.9505;0.0957;0.0092
Be2Tc2D5,9.6366;0.3679;0.1353
Nb2Tl2Tc5,10.8946;0.0696;0.0048
Nb2Y2Tc5,10.1064;0.0904;0.0082
Nb2Cl2N5,10.5681;0.3045;0.0927
Nb2Cl2Tc5,11.1868;0.1318;0.0174
Nb2Sm2Tc5,10.7207;0.0977;0.0095
Nb2Tb2Tc5,10.6527;0.1109;0.0123
Nb2C2N5,10.7873;0.2716;0.0738
Nb2C2Mg5,11.0701;0.4752;0.2258
Nb2Gd2Tc5,10.7598;0.0931;0.0087
Nb2In2Tc5,10.5952;0.1075;0.0115
Nb2Zr2Tc5,10.2037;0.1339;0.0179
Nb2Mn2Tc5,10.7152;0.0931;0.0087
Nb2Ho2Tc5,10.8491;0.0762;0.0058
Nb2Se2Tc5,10.4398;0.118;0.0139
Nb2Ti2N5,10.9189;0.2281;0.052
Nb2Hg2Tc5,10.8874;0.0712;0.0051
Nb2Eu2Tc5,10.5312;0.1173;0.0138
Nb2Pr2Tc5,10.1391;0.1422;0.0202
Nb2Mg2B5,17.6377;0.6992;0.4889
Nb2Mg2Tc5,10.0643;0.2611;0.0682
Nb2Er2Tc5,10.7668;0.0924;0.0085
Nb2Au2Tc5,10.6312;0.0997;0.0099
Nb2Zn2Tc5,10.2019;0.163;0.0266
Nb2Li2N5,10.2915;0.3691;0.1362
Nb2Np2Tc5,10.8965;0.0683;0.0047
Nb2Si2Tc5,10.1743;0.1438;0.0207
Nb2P2Tc5,10.3083;0.1296;0.0168
Nb2Ta2C5,10.2174;0.0959;0.0092
Nb2Ta2Tc5,10.5045;0.0894;0.008
Nb2Na2Tc5,10.7641;0.0891;0.0079
Nb2H2Tc5,10.7261;0.0833;0.0069
Nb2Ge2Al5,12.9084;0.5422;0.294
Nb2Ge2Tc5,10.0316;0.216;0.0466
Nb2Pa2Tc5,10.8965;0.0683;0.0047
Nb2Te2Tc5,10.0066;0.1691;0.0286
Nb2Yb2Tc5,10.8894;0.0711;0.0051
Nb2T2Tc5,10.8965;0.0683;0.0047
Nb2Th2Tc5,10.7602;0.0822;0.0068
Nb2Lu2Tc5,10.6012;0.069;0.0048
Nb2Ag2Tc5,10.8579;0.0746;0.0056
Nb2Cd2Tc5,10.8178;0.0778;0.0061
Nb2Br2Tc5,10.3931;0.1501;0.0225
Nb2I2Tc5,10.7431;0.0932;0.0087
Nb2Dy2Tc5,10.8449;0.0754;0.0057
Nb2Sc2Tc5,10.9038;0.061;0.0037
Nb2D2Tc5,10.891;0.0669;0.0045
Nb2Cs2Tc5,9.9219;0.1531;0.0234
Nb2Pu2Tc5,10.4142;0.1195;0.0143
Nb2Am2Tc5,10.8965;0.0683;0.0047
Nb2Cm2Tc5,10.8965;0.0683;0.0047
Nb2Po2Tc5,10.8965;0.0683;0.0047
Tl2Cl2D5,10.5374;0.3938;0.1551
Tl2Cl2Tc5,10.2846;0.1885;0.0355
Tl2Sm2D5,9.6987;0.3919;0.1536
Tl2Ni2Nb5,10.5955;0.2767;0.0766
Tl2C2Mg5,10.2395;0.5516;0.3043
Tl2Zr2Nb5,10.2351;0.248;0.0615
Tl2Se2D5,9.8859;0.3834;0.147
Tl2Hg2D5,9.8382;0.3793;0.1439
Tl2Eu2D5,9.9069;0.3774;0.1424
Tl2Mg2B5,25.1137;0.746;0.5565
Tl2Np2D5,9.9253;0.3795;0.144
Tl2Pa2D5,9.929;0.3792;0.1438
Tl2Yb2D5,9.7547;0.3836;0.1472
Tl2T2D5,9.9254;0.3791;0.1437
Tl2Lu2Tc5,10.2197;0.0963;0.0093
Tl2I2D5,9.6001;0.4002;0.1602
Tl2Sc2Tc5,11.0659;0.0807;0.0065
Tl2Cs2D5,9.9791;0.4148;0.172
Tl2Cs2Tc5,9.8167;0.2386;0.0569
Tl2Tc2D5,9.8819;0.3765;0.1417
Tl2Am2D5,9.9287;0.3798;0.1442
Tl2Cm2D5,9.929;0.3792;0.1438
Tl2Po2D5,9.929;0.3792;0.1438
Y2Pd2Ni5,11.8991;0.3428;0.1175
Y2Ti2C5,9.8035;0.2264;0.0512
Y2Mg2B5,19.3984;0.775;0.6006
Y2Th2C5,13.7531;0.2195;0.0482
Y2Sc2Tc5,9.9114;0.1112;0.0124
Hf2Cl2N5,10.8337;0.5522;0.3049
Hf2Cl2Li5,10.4221;0.4744;0.2251
Hf2Cl2D5,11.248;0.4182;0.1749
Hf2C2Mg5,10.8139;0.5029;0.253
Hf2Mg2Cl5,11.0966;0.5334;0.2845
Hf2Mg2B5,25.4812;0.6873;0.4723
Hf2Mg2Li5,10.8044;0.5725;0.3277
Hf2Li2N5,12.9409;0.5283;0.2791
Hf2Li2Cl5,12.4813;0.5509;0.3035
Hf2P2Cl5,10.3521;0.4532;0.2054
Hf2Ta2Cl5,9.7837;0.4519;0.2042
Hf2H2Cl5,9.7448;0.4602;0.2118
Hf2Br2Li5,10.8833;0.4813;0.2317
Hf2Br2D5,9.9137;0.416;0.173
Cl2Sm2D5,10.3336;0.4126;0.1702
Cl2Sm2Tc5,10.2741;0.1874;0.0351
Cl2Tb2Tc5,9.9754;0.2168;0.047
Cl2C2Mg5,10.9106;0.5061;0.2562
Cl2Gd2Tc5,10.0716;0.1928;0.0372
Cl2In2D5,9.6308;0.4074;0.166
Cl2In2Tc5,9.9947;0.2026;0.041
Cl2Mn2Tc5,10.0179;0.2109;0.0445
Cl2Ho2D5,9.7449;0.4345;0.1888
Cl2Ho2Tc5,10.1901;0.1957;0.0383
Cl2Se2D5,10.1956;0.3953;0.1563
Cl2Se2Tc5,10.0002;0.1761;0.031
Cl2Ti2D5,10.2403;0.4138;0.1713
Cl2Hg2D5,10.4579;0.4032;0.1626
Cl2Hg2Tc5,10.2745;0.1906;0.0363
Cl2Eu2D5,10.4972;0.3986;0.1588
Cl2Eu2Tc5,10.2862;0.1874;0.0351
Cl2Mg2B5,25.4183;0.6813;0.4642
Cl2Mg2Li5,10.6443;0.5335;0.2846
Cl2Mg2D5,9.5488;0.478;0.2285
Cl2Mg2Tc5,9.9157;0.3285;0.1079
Cl2Er2Tc5,10.014;0.2039;0.0416
Cl2Au2D5,10.025;0.3989;0.1592
Cl2Au2Tc5,10.2044;0.1944;0.0378
Cl2Li2N5,12.4205;0.4212;0.1774
Cl2Li2Hf5,9.6189;0.5399;0.2915
Cl2Np2D5,10.5048;0.4032;0.1626
Cl2Np2Tc5,10.2893;0.1865;0.0348
Cl2P2D5,9.9181;0.4309;0.1857
Cl2P2Tc5,10.1607;0.1894;0.0359
Cl2Ta2D5,9.9015;0.4026;0.1621
Cl2Ta2Tc5,10.1675;0.1905;0.0363
Cl2Na2D5,10.1603;0.4276;0.1829
Cl2Na2Tc5,10.3093;0.2159;0.0466
Cl2H2D5,9.6371;0.4336;0.188
Cl2H2Tc5,10.0831;0.196;0.0384
Cl2Pa2D5,10.508;0.403;0.1624
Cl2Pa2Tc5,10.2876;0.187;0.035
Cl2Te2D5,9.7409;0.3725;0.1388
Cl2Yb2D5,10.3804;0.4106;0.1686
Cl2Yb2Tc5,10.2691;0.1892;0.0358
Cl2T2D5,10.5056;0.4025;0.162
Cl2T2Tc5,10.2879;0.1869;0.0349
Cl2Th2Tc5,10.1543;0.1908;0.0364
Cl2Lu2Tc5,10.6485;0.1536;0.0236
Cl2Ag2D5,10.1318;0.4159;0.173
Cl2Ag2Tc5,10.2281;0.1895;0.0359
Cl2Cd2D5,10.1754;0.3936;0.1549
Cl2Cd2Tc5,10.1913;0.195;0.038
Cl2Br2D5,10.2661;0.4116;0.1694
Cl2Br2Tc5,10.1708;0.2344;0.055
Cl2I2D5,10.2489;0.4098;0.1679
Cl2I2Tc5,10.1416;0.1906;0.0363
Cl2Dy2D5,10.0044;0.4392;0.1929
Cl2Dy2Tc5,10.2028;0.1873;0.0351
Cl2Sc2D5,9.6747;0.4373;0.1913
Cl2Sc2Tc5,11.4058;0.1507;0.0227
Cl2D2Tc5,10.2893;0.1874;0.0351
Cl2Tc2D5,10.5179;0.402;0.1616
Cl2Am2D5,10.5089;0.4036;0.1629
Cl2Am2Tc5,10.2873;0.1871;0.035
Cl2Cm2D5,10.508;0.403;0.1624
Cl2Cm2Tc5,10.2876;0.187;0.035
Cl2Po2D5,10.508;0.403;0.1624
Cl2Po2Tc5,10.2876;0.187;0.035
Sm2C2Mg5,10.8296;0.5009;0.2509
Sm2Se2D5,9.6518;0.3971;0.1577
Sm2Hg2D5,9.6513;0.3961;0.1569
Sm2Eu2D5,9.6812;0.3896;0.1518
Sm2Mg2B5,24.2576;0.7233;0.5231
Sm2Np2D5,9.6906;0.3918;0.1535
Sm2Pa2D5,9.6934;0.3917;0.1535
Sm2T2D5,9.6919;0.3915;0.1532
Sm2Lu2Tc5,10.2145;0.097;0.0094
Sm2Sc2Tc5,11.0568;0.0848;0.0072
Sm2Tc2D5,9.7029;0.3892;0.1515
Sm2Am2D5,9.6941;0.3919;0.1536
Sm2Cm2D5,9.6934;0.3917;0.1535
Sm2Po2D5,9.6934;0.3917;0.1535
Ni2C2Nb5,10.6882;0.4368;0.1908
Ni2C2Mg5,10.967;0.5131;0.2633
Ni2Zr2Nb5,10.2172;0.2566;0.0659
Ni2Mg2B5,23.9733;0.7368;0.5429
Ni2Zn2Nb5,9.9208;0.3167;0.1003
Tb2Mg2B5,24.514;0.7512;0.5643
Tb2Sc2Tc5,10.679;0.1226;0.015
Ce2Mg2B5,16.4378;0.9338;0.8721
B2C2Mg5,14.3273;0.4762;0.2268
B2Li2Mg5,10.5319;0.5933;0.3521
B2Sc2Tc5,9.8546;0.1737;0.0302
C2Gd2Mg5,10.3665;0.4905;0.2406
C2In2Mg5,9.7474;0.5182;0.2685
C2Pd2Mg5,10.2648;0.4643;0.2156
C2Zr2Mg5,10.4956;0.5471;0.2994
C2Mn2Mg5,11.0897;0.5219;0.2724
C2Ho2Mg5,10.907;0.4985;0.2485
C2Se2Mg5,10.8869;0.4954;0.2454
C2Ti2Mg5,11.4023;0.5441;0.296
C2Hg2Mg5,9.7986;0.5131;0.2633
C2Eu2Mg5,10.9041;0.4983;0.2483
C2Pr2Mg5,10.002;0.4951;0.2451
C2Mg2B5,15.3504;0.7456;0.5559
C2Sb2Mg5,10.5005;0.4935;0.2435
C2Er2Mg5,10.8649;0.5017;0.2517
C2Au2Mg5,10.764;0.5072;0.2573
C2Zn2Mg5,9.7234;0.5164;0.2667
C2Li2N5,9.8919;0.3854;0.1486
C2Li2Mg5,12.3998;0.5854;0.3427
C2Np2Mg5,10.9087;0.4979;0.2479
C2Si2Mg5,10.1086;0.4854;0.2356
C2P2Mg5,10.8643;0.4922;0.2423
C2Ta2Mg5,11.1165;0.4901;0.2402
C2Na2N5,10.3602;0.4154;0.1726
C2Na2Mg5,10.6307;0.4973;0.2473
C2H2N5,10.4677;0.4339;0.1882
C2H2Mg5,11.291;0.4982;0.2482
C2Pt2Mg5,10.315;0.4743;0.2249
C2Ge2Mg5,10.8813;0.4977;0.2477
C2Pa2Mg5,10.904;0.4985;0.2485
C2Te2Mg5,10.3535;0.5305;0.2814
C2Ir2Mg5,9.551;0.4746;0.2253
C2Yb2Mg5,10.7765;0.5019;0.2519
C2T2Mg5,10.904;0.4987;0.2487
C2Th2Mg5,11.3972;0.4712;0.222
C2Lu2Mg5,10.5662;0.4796;0.23
C2Ag2Mg5,10.9287;0.4955;0.2455
C2Cd2Mg5,10.8263;0.4979;0.2479
C2Br2Mg5,11.1488;0.5018;0.2518
C2I2Mg5,11.1702;0.5025;0.2526
C2Sc2Mg5,10.9832;0.5063;0.2563
C2Cr2Mg5,10.2067;0.5291;0.28
C2D2Mg5,10.9154;0.4992;0.2492
C2Cs2N5,10.4345;0.555;0.3081
C2Tc2Mg5,10.9314;0.4977;0.2477
C2Pu2Mg5,10.8873;0.4939;0.2439
C2Am2Mg5,10.9041;0.4985;0.2485
C2Cm2Mg5,10.904;0.4985;0.2485
C2Po2Mg5,10.904;0.4985;0.2485
Gd2Mg2B5,24.487;0.7592;0.5764
Gd2Lu2Tc5,9.9815;0.1126;0.0127
Gd2Sc2Tc5,10.7967;0.1102;0.0121
In2Mg2B5,24.6269;0.7727;0.5971
In2Lu2Tc5,9.8751;0.1278;0.0163
In2Sc2Tc5,10.6783;0.1272;0.0162
Pd2Mg2B5,23.6905;0.694;0.4816
Pd2Au2H5,11.4368;0.1933;0.0374
Pd2Si2H5,10.8397;0.2942;0.0865
Pd2Ag2H5,12.6419;0.2368;0.0561
Zr2Mg2B5,21.3239;0.8991;0.8085
Zr2Mg2Li5,9.6238;0.5347;0.2859
Zr2Zn2Nb5,9.8033;0.2478;0.0614
Zr2Li2N5,10.1492;0.2857;0.0816
Mn2Mg2B5,25.6575;0.6741;0.4544
Mn2Li2Mg5,9.8008;0.6668;0.4446
Mn2Lu2Tc5,9.9327;0.1346;0.0181
Mn2Sc2Tc5,10.7166;0.1253;0.0157
Ho2Mg2B5,24.8858;0.7236;0.5237
Ho2Lu2Tc5,10.0431;0.1191;0.0142
Ho2Sc2Tc5,10.9456;0.105;0.011
Se2Hg2D5,9.7978;0.3873;0.15
Se2Eu2D5,9.8416;0.3843;0.1477
Se2Mg2B5,25.797;0.6948;0.4828
Se2Np2D5,9.8508;0.3873;0.15
Se2Pa2D5,9.8546;0.3871;0.1499
Se2Yb2D5,9.7089;0.3938;0.1551
Se2T2D5,9.8518;0.3869;0.1497
Se2Lu2Tc5,10.1968;0.1016;0.0103
Se2Sc2Tc5,11.0385;0.0902;0.0081
Se2Tc2D5,9.8559;0.3851;0.1483
Se2Am2D5,9.8554;0.3877;0.1503
Se2Cm2D5,9.8546;0.3871;0.1499
Se2Po2D5,9.8546;0.3871;0.1499
Ti2Mg2Cl5,9.975;0.5524;0.3052
Ti2Mg2B5,30.3842;0.606;0.3673
Ti2Mg2Li5,10.9696;0.5133;0.2635
Ti2Mg2D5,11.4298;0.6123;0.3749
Hg2Eu2D5,9.8292;0.3814;0.1455
Hg2Mg2B5,24.9989;0.7468;0.5578
Hg2Np2D5,9.8396;0.3832;0.1468
Hg2Pa2D5,9.8432;0.3827;0.1465
Hg2Yb2D5,9.6972;0.3939;0.1552
Hg2T2D5,9.8406;0.3822;0.1461
Hg2Lu2Tc5,10.2126;0.0966;0.0093
Hg2Sc2Tc5,11.0551;0.0839;0.007
Hg2Tc2D5,9.8417;0.3827;0.1464
Hg2Am2D5,9.844;0.3832;0.1468
Hg2Cm2D5,9.8432;0.3827;0.1465
Hg2Po2D5,9.8432;0.3827;0.1465
Eu2Mg2B5,25.5304;0.7267;0.5281
Eu2Np2D5,9.8803;0.3806;0.1448
Eu2Pa2D5,9.8845;0.3806;0.1449
Eu2Yb2D5,9.7356;0.3873;0.15
Eu2T2D5,9.8817;0.3805;0.1448
Eu2Lu2Tc5,10.2228;0.0972;0.0095
Eu2Sc2Tc5,11.0695;0.0824;0.0068
Eu2Tc2D5,9.8964;0.3804;0.1447
Eu2Am2D5,9.8853;0.3812;0.1453
Eu2Cm2D5,9.8845;0.3806;0.1449
Eu2Po2D5,9.8845;0.3806;0.1449
Rb2Mg2B5,23.7832;0.7704;0.5936
Rb2Cs2C5,10.0324;0.6049;0.3659
Rb2Cs2Tc5,10.0499;0.3576;0.1279
Pr2Mg2B5,24.1767;0.7368;0.5429
Pr2Sc2Tc5,10.162;0.1615;0.0261
Mg2Sb2B5,24.2726;0.7378;0.5444
Mg2Er2B5,24.5888;0.7167;0.5137
Mg2Rh2B5,23.5226;0.7157;0.5122
Mg2Au2B5,25.3504;0.6968;0.4855
Mg2Zn2B5,22.6631;0.858;0.7361
Mg2Li2N5,11.3692;0.5794;0.3357
Mg2Li2Hf5,9.9228;0.5841;0.3412
Mg2Li2Cl5,11.6476;0.5603;0.3139
Mg2Li2B5,23.5076;0.61;0.3721
Mg2Li2Ti5,11.7381;0.5374;0.2888
Mg2Li2D5,9.6424;0.5687;0.3234
Mg2Li2Tc5,10.6131;0.4604;0.212
Mg2Np2B5,25.859;0.7065;0.4991
Mg2Si2B5,24.0877;0.7317;0.5354
Mg2P2B5,25.7146;0.7019;0.4927
Mg2Ta2B5,25.735;0.6841;0.4681
Mg2Ta2Ti5,9.5751;0.5694;0.3243
Mg2Na2B5,27.364;0.7361;0.5418
Mg2H2B5,25.7548;0.719;0.5169
Mg2Pt2B5,23.2597;0.799;0.6384
Mg2Ge2B5,24.3298;0.718;0.5155
Mg2Pa2B5,25.8582;0.7065;0.4992
Mg2Te2B5,24.1605;0.7436;0.553
Mg2Ir2B5,18.084;0.7496;0.5619
Mg2Yb2B5,23.3022;0.7317;0.5354
Mg2T2B5,25.8584;0.7066;0.4993
Mg2U2B5,19.1262;0.8589;0.7376
Mg2Th2B5,24.0177;0.7627;0.5817
Mg2Lu2B5,23.2427;0.6914;0.478
Mg2Ag2B5,24.3411;0.7046;0.4964
Mg2Cd2B5,25.7805;0.6991;0.4888
Mg2Br2B5,24.9584;0.7535;0.5678
Mg2Br2Li5,10.6116;0.532;0.2831
Mg2I2B5,25.7873;0.7215;0.5206
Mg2Dy2B5,23.8017;0.7355;0.541
Mg2Sc2B5,15.1305;0.6855;0.4699
Mg2Cr2B5,21.1603;0.784;0.6147
Mg2D2B5,25.863;0.705;0.4971
Mg2Cs2B5,24.8384;0.7599;0.5775
Mg2Tc2B5,25.8674;0.7038;0.4954
Mg2Pu2B5,25.3403;0.7322;0.5361
Mg2Am2B5,25.8584;0.7065;0.4991
Mg2Cm2B5,25.8582;0.7065;0.4992
Mg2Po2B5,25.8582;0.7065;0.4992
Sb2Sc2Tc5,10.0277;0.1716;0.0295
Er2Lu2Tc5,9.9479;0.1168;0.0136
Er2Sc2Tc5,10.6957;0.122;0.0149
Au2Si2H5,10.2734;0.3279;0.1075
Au2H2D5,10.2778;0.4023;0.1619
Au2Lu2Tc5,10.1269;0.1048;0.011
Au2Sc2Tc5,10.9596;0.097;0.0094
Zn2Sc2Tc5,9.9338;0.1898;0.036
Li2Na2N5,9.8111;0.4009;0.1607
Li2Br2N5,12.6246;0.4119;0.1696
Li2Br2Hf5,9.725;0.5163;0.2665
Li2Cs2N5,9.8393;0.4529;0.2051
Np2Pa2D5,9.8929;0.3828;0.1466
Np2Yb2D5,9.7458;0.3908;0.1527
Np2T2D5,9.8902;0.3826;0.1464
Np2Lu2Tc5,10.2248;0.0961;0.0092
Np2Sc2Tc5,11.0721;0.082;0.0067
Np2Tc2D5,9.9114;0.3819;0.1458
Np2Am2D5,9.894;0.3834;0.147
Np2Cm2D5,9.8929;0.3828;0.1466
Np2Po2D5,9.8929;0.3828;0.1466
Si2Ag2H5,10.7427;0.3819;0.1458
Si2Sc2Tc5,10.3582;0.1811;0.0328
P2Lu2Tc5,10.0802;0.1139;0.013
P2Sc2Tc5,10.9342;0.1166;0.0136
Ta2Lu2Tc5,10.0773;0.1139;0.013
Ta2Sc2Tc5,10.9001;0.1032;0.0107
Na2Lu2Tc5,10.0453;0.1138;0.0129
Na2Sc2Tc5,10.8588;0.1038;0.0108
H2Lu2Tc5,9.9692;0.1162;0.0135
H2Ag2D5,10.9496;0.4136;0.171
H2Ag2Tc5,9.8988;0.1582;0.025
H2Sc2Tc5,10.7275;0.1174;0.0138
Ge2Sc2Tc5,10.073;0.1833;0.0336
Pa2Yb2D5,9.7487;0.3911;0.153
Pa2T2D5,9.8944;0.3828;0.1465
Pa2Lu2Tc5,10.2246;0.0962;0.0093
Pa2Sc2Tc5,11.0713;0.0824;0.0068
Pa2Tc2D5,9.9146;0.3818;0.1458
Pa2Am2D5,9.8982;0.3835;0.1471
Pa2Cm2D5,9.8971;0.383;0.1467
Pa2Po2D5,9.8971;0.383;0.1467
Te2Sc2Tc5,10.3529;0.1551;0.024
Yb2T2D5,9.7469;0.3908;0.1527
Yb2Lu2Tc5,10.1595;0.1004;0.0101
Yb2Sc2Tc5,11.0493;0.0861;0.0074
Yb2Tc2D5,9.7503;0.3879;0.1505
Yb2Am2D5,9.7494;0.3915;0.1533
Yb2Cm2D5,9.7487;0.3911;0.153
Yb2Po2D5,9.7487;0.3911;0.153
T2Lu2Tc5,10.2245;0.0961;0.0092
T2Sc2Tc5,11.0712;0.0823;0.0068
T2Tc2D5,9.9114;0.3819;0.1458
T2Am2D5,9.8955;0.3833;0.1469
T2Cm2D5,9.8944;0.3828;0.1465
T2Po2D5,9.8944;0.3828;0.1465
Th2Lu2C5,10.5549;0.1628;0.0265
Th2Lu2Tc5,10.1256;0.1046;0.0109
Th2Sc2Tc5,10.915;0.0848;0.0072
Lu2Ag2Tc5,10.1549;0.1022;0.0104
Lu2Cd2Tc5,10.1136;0.1035;0.0107
Lu2I2Tc5,10.0422;0.1108;0.0123
Lu2Dy2Tc5,10.0825;0.1049;0.011
Lu2Sc2Tc5,10.4819;0.0823;0.0068
Lu2D2Tc5,10.225;0.0968;0.0094
Lu2Am2Tc5,10.2245;0.0962;0.0093
Lu2Cm2Tc5,10.2246;0.0962;0.0093
Lu2Po2Tc5,10.2246;0.0962;0.0093
Ag2Sc2Tc5,10.9824;0.1002;0.01
Cd2Sc2Tc5,10.9431;0.0818;0.0067
Br2Sc2Tc5,10.4439;0.1772;0.0314
I2Sc2Tc5,10.8467;0.1065;0.0113
Dy2Sc2Tc5,10.9164;0.1032;0.0107
Sc2D2Tc5,11.0713;0.0839;0.007
Sc2Cs2Tc5,9.9192;0.1689;0.0285
Sc2Pu2Tc5,10.1737;0.1592;0.0253
Sc2Am2Tc5,11.0712;0.0824;0.0068
Sc2Cm2Tc5,11.0713;0.0824;0.0068
Sc2Po2Tc5,11.0713;0.0824;0.0068
Tc2Am2D5,9.9148;0.3823;0.1461
Tc2Cm2D5,9.9146;0.3818;0.1458
Tc2Po2D5,9.9146;0.3818;0.1458
Am2Cm2D5,9.8982;0.3835;0.1471
Am2Po2D5,9.8982;0.3835;0.1471
Cm2Po2D5,9.8971;0.383;0.1467

1842 of 317985 appear to be promising

hp_tune_min_nc_normal:

{'ccp_alpha': 0.0, 'criterion': 'squared_error', 'max_depth': None, 'max_leaf_nodes': None, 'max_samples': None, 'min_impurity_decrease': 0.0, 'min_samples_leaf': 1, 'min_samples_split': 2, 'min_weight_fraction_leaf': 0.0, 'n_estimators': 400, 'n_jobs': None, 'oob_score': False, 'random_state': None, 'verbose': 0, 'warm_start': False, 'max_features': 'sqrt', 'bootstrap': False}

Ba2K2O5,12.6628;0.6217;0.3865
Ba2K2F5,10.3861;0.5837;0.3407
Ba2K2Se5,9.7274;0.5252;0.2758
Ba2S2O5,10.5001;0.7332;0.5376
Ba2N2Cl5,9.6788;0.3958;0.1567
Ba2Cl2O5,11.0208;0.6185;0.3825
Ba2Rb2O5,9.4855;0.5173;0.2676
Ba2P2O5,9.9578;0.7346;0.5397
K2O2Br5,10.1702;0.5331;0.2842
K2Bi2O5,11.5264;0.506;0.256
K2Bi2Cl5,10.4467;0.4815;0.2319
K2Pb2Cl5,9.675;0.4195;0.176
K2Sr2O5,9.8497;0.551;0.3036
K2N2Cl5,10.2638;0.3379;0.1141
K2N2Br5,10.4278;0.3883;0.1508
K2Be2B5,12.0684;0.7053;0.4974
K2Hg2Cl5,9.7328;0.4588;0.2105
K2Eu2O5,9.4185;0.6123;0.3749
K2Mg2H5,9.661;0.5534;0.3063
K2Li2B5,9.8793;0.5704;0.3254
K2Am2O5,9.4873;0.5679;0.3225
Fe2Mg2B5,11.7627;0.6825;0.4658
As2Mg2B5,12.1059;0.5659;0.3202
Ca2Be2B5,11.8166;0.6449;0.4159
Ca2Mg2B5,10.498;0.6154;0.3787
Ca2Mg2H5,10.5616;0.6169;0.3806
Ca2Li2B5,12.7706;0.7179;0.5154
Ca2Na2Li5,11.1317;0.2541;0.0645
Cu2Mg2B5,12.4598;0.6628;0.4393
O2Bi2Sr5,10.386;0.6837;0.4675
O2S2Li5,10.2155;0.4882;0.2384
O2F2Mg5,9.6826;0.6248;0.3904
O2Al2Li5,9.7771;0.5251;0.2757
O2N2Mg5,11.7182;0.5991;0.3589
O2Cl2Li5,10.0511;0.4585;0.2102
O2B2Mg5,11.5854;0.6934;0.4808
O2C2Mg5,11.6401;0.6309;0.3981
O2C2H5,9.8346;0.4088;0.1671
O2Mg2Be5,9.947;0.5447;0.2967
O2Mg2B5,15.1574;0.7473;0.5584
O2Mg2C5,12.6847;0.7114;0.5061
O2Mg2Li5,10.198;0.5211;0.2716
O2Mg2H5,11.9504;0.6358;0.4043
O2Si2Li5,9.801;0.442;0.1954
O2P2Li5,9.6944;0.4773;0.2278
O2H2Mg5,12.8859;0.68;0.4623
O2H2Na5,9.8564;0.6018;0.3622
Mo2Ru2Tc5,11.2372;0.1854;0.0344
Mo2Sn2Nb5,10.0632;0.3315;0.1099
Mo2Re2Tc5,9.8324;0.2438;0.0594
Mo2Mg2B5,9.54;0.6114;0.3738
Mo2Rh2Tc5,10.229;0.2099;0.0441
Ru2Nb2Tc5,10.6007;0.2029;0.0412
Ru2Mg2B5,10.0855;0.6927;0.4798
Os2Mg2B5,9.5366;0.6649;0.4421
Sn2V2Nb5,11.376;0.2031;0.0413
Sn2Hf2Nb5,11.3625;0.3191;0.1018
Sn2Zr2Nb5,15.1918;0.2437;0.0594
Sn2Ti2Nb5,10.7784;0.3192;0.1019
Sn2Mg2B5,10.1592;0.55;0.3025
Sn2Ta2Nb5,13.0823;0.2632;0.0693
Sn2Cd2Nb5,10.109;0.3918;0.1535
Sn2Cr2Nb5,10.7916;0.3034;0.0921
Sn2Tc2Nb5,9.8605;0.3116;0.0971
Bi2Pb2Ba5,10.3178;0.5683;0.323
Bi2Rb2O5,13.6528;0.4655;0.2167
Bi2Rb2N5,9.9754;0.4625;0.2139
Bi2Cs2O5,10.1728;0.5132;0.2634
Pb2Rb2O5,11.5796;0.5409;0.2926
Pb2Po2Ba5,9.5027;0.531;0.282
S2F2Li5,9.9675;0.568;0.3226
S2N2C5,9.8854;0.6162;0.3797
S2C2H5,9.4974;0.5343;0.2854
S2Rb2O5,9.6071;0.5141;0.2643
S2Mg2Be5,10.4397;0.5678;0.3224
S2Mg2B5,13.5728;0.6861;0.4707
S2Mg2Li5,9.8678;0.5504;0.3029
S2Mg2H5,12.0722;0.7266;0.5279
S2P2Li5,9.6218;0.518;0.2684
S2H2C5,10.9401;0.6619;0.4381
S2H2Mg5,11.0355;0.5988;0.3586
F2Al2Li5,10.0709;0.5174;0.2677
F2N2Nb5,9.6676;0.3335;0.1112
F2N2Mg5,11.0899;0.5824;0.3392
F2Cl2Li5,9.81;0.4932;0.2432
F2B2Mg5,12.5117;0.6182;0.3822
F2C2Mg5,11.6616;0.5488;0.3011
F2Mg2Be5,10.4488;0.5265;0.2772
F2Mg2B5,14.8268;0.7001;0.4901
F2Mg2C5,12.7743;0.7071;0.5
F2Mg2Li5,11.0222;0.5429;0.2948
F2Mg2H5,11.9777;0.6357;0.4041
F2Si2Li5,9.5867;0.5211;0.2716
F2Si2H5,10.0489;0.4833;0.2336
F2P2Li5,9.5479;0.4855;0.2357
F2H2Mg5,11.9802;0.6108;0.373
F2Cs2O5,9.7071;0.5169;0.2671
V2Ga2Nb5,10.7219;0.2118;0.0448
V2Al2Nb5,11.4985;0.2239;0.0501
V2Mg2B5,9.9905;0.6109;0.3731
Ga2Mg2B5,11.4904;0.598;0.3576
Ga2Si2V5,10.7701;0.4054;0.1644
Ga2Ta2Nb5,10.0492;0.2893;0.0837
Ga2Cr2Nb5,9.9127;0.297;0.0882
Al2N2H5,9.8909;0.3908;0.1528
Al2Be2B5,9.8067;0.6289;0.3955
Al2Mg2B5,20.5148;0.7207;0.5194
Al2Mg2C5,9.4407;0.5785;0.3347
Al2Mg2H5,12.4602;0.6621;0.4384
Al2Li2B5,11.5853;0.7259;0.5269
Al2Si2Nb5,14.209;0.3806;0.1448
Al2Ta2Nb5,10.227;0.2928;0.0857
Al2Na2B5,14.2233;0.6545;0.4284
Al2H2Mg5,10.0053;0.6287;0.3953
Al2Ge2Nb5,11.7885;0.4447;0.1978
Al2Tc2Nb5,11.052;0.2549;0.065
Co2Mg2B5,12.7827;0.6463;0.4176
Re2Mg2B5,9.6614;0.6308;0.3979
N2Be2Mg5,9.526;0.6119;0.3744
N2Hf2Cl5,10.344;0.4826;0.2329
N2Cl2Zr5,9.8515;0.4209;0.1771
N2Cl2Mg5,10.6919;0.4698;0.2207
N2Cl2Tc5,10.8454;0.4364;0.1904
N2B2Mg5,11.9857;0.6296;0.3964
N2C2Nb5,10.3687;0.2921;0.0853
N2C2Mg5,11.1571;0.559;0.3125
N2C2H5,11.5787;0.5389;0.2904
N2Rb2Cl5,10.1246;0.3208;0.1029
N2Mg2Be5,10.8037;0.5981;0.3577
N2Mg2B5,15.2313;0.7391;0.5463
N2Mg2C5,12.9381;0.6598;0.4354
N2Mg2Li5,10.9164;0.5858;0.3431
N2Mg2H5,12.5172;0.6076;0.3691
N2Li2Mg5,10.0459;0.6267;0.3927
N2Li2I5,10.6017;0.4155;0.1727
N2Si2C5,9.6096;0.5554;0.3085
N2Si2H5,10.5456;0.4033;0.1626
N2P2Li5,9.838;0.5399;0.2915
N2H2C5,13.2072;0.627;0.3931
N2H2Mg5,12.612;0.6104;0.3726
N2Pa2Cl5,10.1836;0.4067;0.1654
N2Yb2Cl5,9.5849;0.4196;0.1761
N2Th2Cl5,10.6263;0.4032;0.1626
N2Cs2Cl5,10.4788;0.3657;0.1337
Be2C2Mg5,10.7016;0.6503;0.4229
Be2Ti2B5,9.5213;0.7244;0.5248
Be2Mg2O5,10.1571;0.5849;0.3421
Be2Mg2F5,11.0939;0.6284;0.3948
Be2Mg2N5,10.5879;0.5474;0.2997
Be2Mg2B5,24.1953;0.6965;0.4852
Be2Mg2C5,12.7105;0.622;0.3869
Be2Mg2H5,10.1308;0.6046;0.3655
Be2Na2B5,11.0802;0.6574;0.4321
Be2H2Mg5,11.7846;0.5533;0.3061
Be2Sc2B5,9.3799;0.6421;0.4123
Tl2Rb2O5,11.7057;0.4792;0.2296
Tl2Mg2B5,9.7654;0.5944;0.3534
Y2Tb2C5,9.8561;0.2852;0.0813
Y2Gd2C5,10.054;0.2774;0.0769
Y2Eu2C5,9.8719;0.2746;0.0754
Y2Th2C5,14.5624;0.113;0.0128
Hf2Li2Cl5,9.6189;0.4825;0.2328
Cl2B2Li5,9.9837;0.4791;0.2295
Cl2Rb2O5,10.2475;0.4946;0.2446
Cl2Mg2B5,12.925;0.6905;0.4768
Cl2Mg2Li5,10.0738;0.5369;0.2883
Cl2Mg2H5,11.901;0.6676;0.4457
Cl2Si2Li5,9.6681;0.4897;0.2399
Cl2H2Mg5,11.3264;0.5438;0.2957
Ni2Mg2B5,12.3813;0.653;0.4264
B2C2Mg5,12.857;0.6352;0.4035
B2Mg2N5,9.9226;0.5748;0.3304
B2Mg2C5,13.2361;0.8178;0.6688
B2Mg2H5,10.6566;0.6536;0.4272
B2H2Mg5,15.3148;0.6123;0.3749
C2Mg2O5,11.1192;0.6064;0.3677
C2Mg2N5,11.4072;0.5818;0.3385
C2Mg2Be5,12.1303;0.5591;0.3126
C2Mg2B5,18.2522;0.7917;0.6268
C2Mg2Li5,9.744;0.4908;0.2409
C2Mg2H5,11.7239;0.5922;0.3507
C2Li2Mg5,9.5279;0.5302;0.2811
C2P2Li5,9.9467;0.5395;0.291
C2H2Mg5,13.3993;0.6294;0.3961
In2Mg2B5,10.6065;0.6007;0.3609
In2Cs2O5,9.6278;0.4621;0.2135
Pd2Mg2B5,11.3917;0.6773;0.4587
Mn2Mg2B5,10.7376;0.741;0.5491
Se2Mg2B5,11.0551;0.5269;0.2776
Ti2Mg2B5,10.6016;0.6627;0.4391
Hg2Rb2O5,11.8912;0.5003;0.2503
Hg2Mg2B5,9.4896;0.5585;0.3119
Rb2P2O5,9.7254;0.5141;0.2643
Rb2Yb2O5,10.2045;0.5373;0.2887
Rb2I2O5,9.6311;0.4315;0.1862
Rb2Po2O5,11.8631;0.5118;0.262
Mg2Rh2B5,10.404;0.6271;0.3933
Mg2Au2B5,10.903;0.6127;0.3754
Mg2Zn2B5,15.5685;0.7297;0.5325
Mg2Li2O5,10.0746;0.565;0.3192
Mg2Li2F5,10.8121;0.6238;0.3891
Mg2Li2N5,10.7791;0.6017;0.362
Mg2Li2B5,17.6419;0.6711;0.4503
Mg2Li2C5,12.4566;0.6173;0.381
Mg2Si2Be5,9.6195;0.52;0.2704
Mg2Si2B5,19.7275;0.6612;0.4372
Mg2Si2H5,12.1084;0.6502;0.4228
Mg2P2Be5,9.9492;0.5595;0.3131
Mg2P2B5,13.7802;0.6943;0.4821
Mg2P2Li5,10.3421;0.5292;0.2801
Mg2P2H5,11.1988;0.7057;0.498
Mg2Na2N5,9.6578;0.6525;0.4257
Mg2Na2B5,18.8815;0.7746;0.5999
Mg2Na2C5,11.466;0.685;0.4693
Mg2Na2Li5,10.103;0.4681;0.2191
Mg2Na2H5,11.1787;0.6162;0.3798
Mg2H2O5,10.3814;0.6445;0.4154
Mg2H2F5,10.208;0.6419;0.412
Mg2H2N5,10.5702;0.6655;0.4429
Mg2H2Be5,10.2676;0.5569;0.3101
Mg2H2B5,14.2685;0.8001;0.6402
Mg2H2C5,13.7305;0.6462;0.4176
Mg2H2Li5,11.4281;0.5379;0.2893
Mg2Pt2B5,11.1075;0.6789;0.4609
Mg2Ge2B5,11.8247;0.5607;0.3143
Mg2Ag2B5,9.4461;0.6047;0.3656
Mg2Cd2B5,11.383;0.6509;0.4237
Mg2Br2B5,10.2614;0.5111;0.2612
Mg2Cr2B5,9.5574;0.6451;0.4162
Mg2Tc2B5,10.0099;0.6753;0.456
Li2Si2B5,12.3432;0.6792;0.4613
Li2P2B5,9.6419;0.5983;0.358
Li2Na2B5,11.259;0.6894;0.4752
Li2H2Mg5,12.9279;0.684;0.4678
Li2Sc2B5,10.9364;0.6886;0.4742
Si2Na2B5,13.0526;0.7093;0.5032
Si2H2C5,9.5815;0.566;0.3204
Si2H2Mg5,10.0007;0.5944;0.3533
P2Na2B5,9.7408;0.6;0.36
P2H2Mg5,11.1962;0.6132;0.376
Cd2Cs2O5,9.7509;0.4834;0.2337
I2Cs2O5,9.8007;0.4828;0.2331

242 of 285852 appear to be promising

hp_tune_sug_nc_normal:

{'ccp_alpha': 0.0, 'criterion': 'squared_error', 'max_depth': None, 'max_leaf_nodes': None, 'max_samples': None, 'min_impurity_decrease': 0.0, 'min_samples_leaf': 1, 'min_samples_split': 2, 'min_weight_fraction_leaf': 0.0, 'n_estimators': 400, 'n_jobs': None, 'oob_score': False, 'random_state': None, 'verbose': 0, 'warm_start': False, 'max_features': 'sqrt', 'bootstrap': False}

Ba2K2O5,13.0738;0.5444;0.2964
Ba2K2F5,11.7034;0.4873;0.2374
Ba2K2Cl5,9.4573;0.564;0.3181
Ba2O2F5,10.0436;0.5883;0.3461
Ba2O2P5,9.603;0.5508;0.3034
Ba2S2O5,14.6515;0.6559;0.4302
Ba2S2F5,10.7797;0.5972;0.3567
Ba2F2O5,11.9554;0.6473;0.419
Ba2N2O5,11.18;0.5802;0.3367
Ba2N2Cl5,10.7917;0.4184;0.175
Ba2N2P5,9.9219;0.4689;0.2199
Ba2Cl2O5,13.6245;0.7043;0.496
Ba2Cl2F5,11.146;0.5896;0.3476
Ba2Rb2O5,10.8576;0.5778;0.3339
Ba2Rb2F5,9.9882;0.5127;0.2628
Ba2P2O5,14.555;0.6388;0.408
Ba2P2F5,10.772;0.6106;0.3728
Ba2Na2O5,11.4089;0.5307;0.2816
Ba2Br2O5,10.9023;0.6035;0.3642
Ba2I2O5,10.7381;0.5714;0.3265
K2O2B5,9.7439;0.5779;0.3339
K2Bi2O5,11.3466;0.5204;0.2708
K2Bi2Cl5,10.4929;0.473;0.2237
K2N2S5,9.6078;0.4205;0.1768
K2N2Cl5,10.5275;0.3553;0.1262
K2N2B5,9.4778;0.5231;0.2737
K2N2P5,9.8101;0.4749;0.2255
K2N2Br5,10.7847;0.4153;0.1725
K2Be2B5,12.9587;0.6853;0.4697
K2Cl2P5,9.6312;0.4786;0.2291
K2Mg2B5,10.4341;0.601;0.3612
K2Li2B5,11.1831;0.5868;0.3444
K2Yb2O5,10.0181;0.6045;0.3654
K2Br2Cl5,9.7411;0.4338;0.1882
K2Po2O5,10.255;0.5074;0.2575
Fe2Li2B5,10.1377;0.6432;0.4137
Ca2Be2B5,14.6342;0.7239;0.524
Ca2Mg2B5,10.289;0.595;0.3541
Ca2Li2B5,13.1798;0.7234;0.5234
Ca2Na2B5,9.9915;0.5857;0.3431
Ca2Na2Li5,11.4053;0.221;0.0488
La2N2Cl5,9.6245;0.3969;0.1575
O2Bi2Ba5,9.4156;0.6465;0.4179
O2Bi2Sr5,11.4619;0.6612;0.4372
O2S2Li5,10.0733;0.4303;0.1851
O2N2Mg5,10.4511;0.5718;0.3269
O2Cl2Li5,9.9053;0.4177;0.1744
O2B2Mg5,11.5248;0.5602;0.3139
O2Se2Ba5,9.3974;0.6761;0.4572
O2Rb2Cl5,9.877;0.4202;0.1766
O2Rb2P5,9.6328;0.4275;0.1828
O2Mg2B5,12.9871;0.635;0.4032
O2Mg2Li5,9.8453;0.4992;0.2492
O2Si2Li5,9.9793;0.4171;0.174
O2P2Li5,9.6544;0.4071;0.1657
O2H2Mg5,10.0838;0.4634;0.2148
O2Cs2F5,9.5927;0.4671;0.2182
O2Cs2Cl5,9.5248;0.4834;0.2337
Mo2Sn2Nb5,10.0504;0.3401;0.1157
Sn2V2Nb5,10.9692;0.1965;0.0386
Sn2Ga2Nb5,10.3967;0.3778;0.1427
Sn2Al2Nb5,10.8216;0.4186;0.1753
Sn2Hf2Nb5,12.2465;0.3414;0.1166
Sn2In2Nb5,12.8465;0.3367;0.1134
Sn2Zr2Nb5,15.2672;0.2526;0.0638
Sn2Ti2Nb5,10.5717;0.2753;0.0758
Sn2Rb2O5,9.606;0.5539;0.3068
Sn2Sb2Nb5,10.3644;0.3161;0.0999
Sn2Ta2Nb5,12.6228;0.2546;0.0648
Sn2Cr2Nb5,10.039;0.2649;0.0702
Sn2Cs2O5,9.6055;0.5859;0.3433
Sn2Tc2Nb5,10.5924;0.3399;0.1155
Nd2N2Cl5,9.9521;0.4221;0.1782
Bi2Pb2Ba5,9.8356;0.51;0.2601
Bi2Rb2O5,13.5152;0.484;0.2342
Bi2Rb2N5,9.9178;0.4678;0.2188
Bi2Cs2O5,9.5581;0.4773;0.2278
Pb2Rb2O5,10.8366;0.4829;0.2332
Pb2Po2Ba5,9.5874;0.4527;0.205
S2F2Li5,9.8814;0.4288;0.1839
S2Hf2Cl5,9.7807;0.4701;0.221
S2Cl2Li5,10.3221;0.4387;0.1925
S2Rb2O5,11.0123;0.4612;0.2127
S2Mg2B5,13.7179;0.5904;0.3486
S2Mg2Li5,9.6573;0.4796;0.23
S2Li2B5,9.6183;0.5348;0.286
S2P2Li5,9.6407;0.4734;0.2241
S2Na2B5,11.4686;0.7034;0.4948
S2H2Mg5,10.1627;0.6213;0.386
S2Cs2O5,10.1066;0.4479;0.2006
F2Al2Li5,10.0853;0.4398;0.1935
F2N2Mg5,9.6308;0.5779;0.334
F2Cl2Li5,9.7754;0.4503;0.2027
F2B2Mg5,12.1007;0.5755;0.3312
F2Rb2O5,10.528;0.4114;0.1692
F2Rb2Cl5,9.8234;0.4418;0.1952
F2Mg2B5,11.9034;0.5871;0.3447
F2Mg2Li5,9.8495;0.4753;0.2259
F2Si2H5,10.8018;0.3971;0.1577
F2P2Li5,9.8532;0.4286;0.1837
F2H2Mg5,9.614;0.4883;0.2384
F2Cs2O5,11.2508;0.5085;0.2586
F2Cs2Cl5,9.5346;0.498;0.248
V2Ga2Nb5,11.0981;0.215;0.0462
V2Al2Nb5,11.38;0.2233;0.0499
V2Li2B5,10.5752;0.7108;0.5052
Ga2Al2Nb5,11.4983;0.403;0.1624
Ga2Hf2Nb5,9.9729;0.3095;0.0958
Ga2In2Nb5,10.0939;0.4663;0.2174
Ga2Zr2Nb5,10.7906;0.3103;0.0963
Ga2Rb2O5,10.486;0.5194;0.2698
Ga2Mg2B5,9.4067;0.5984;0.3581
Ga2Si2V5,11.319;0.3722;0.1385
Ga2Ta2Nb5,10.4278;0.276;0.0762
Ga2Cr2Nb5,10.4727;0.2808;0.0788
Ga2Cs2O5,10.6078;0.5422;0.2939
Ga2Tc2Nb5,9.7677;0.3646;0.1329
Al2Be2B5,11.1744;0.6381;0.4072
Al2Hf2Nb5,10.5614;0.2617;0.0685
Al2In2Nb5,9.87;0.384;0.1474
Al2Zr2Nb5,10.1902;0.2643;0.0698
Al2Mg2B5,18.0132;0.683;0.4665
Al2Li2B5,11.3138;0.5554;0.3085
Al2Si2Nb5,14.7968;0.3452;0.1192
Al2Na2B5,15.8682;0.8228;0.6771
Al2H2Mg5,9.5005;0.5359;0.2872
Al2Ge2Nb5,14.4523;0.3254;0.1059
Al2Cr2Nb5,9.8891;0.2765;0.0765
Al2Tc2Nb5,10.487;0.2866;0.0821
Sr2P2O5,9.4489;0.5849;0.3421
Co2Li2B5,9.5365;0.6404;0.4101
N2Be2Mg5,9.496;0.5651;0.3193
N2Hf2Cl5,10.9727;0.4826;0.2329
N2Cl2Sn5,9.882;0.471;0.2218
N2Cl2Hf5,9.7691;0.5139;0.2641
N2Cl2Zr5,11.1787;0.4285;0.1836
N2Cl2Mg5,11.1472;0.4539;0.206
N2Cl2Sb5,10.7905;0.4209;0.1772
N2Cl2Ge5,10.1539;0.4313;0.186
N2Cl2Te5,10.2672;0.4317;0.1863
N2Cl2Sc5,9.8617;0.4063;0.1651
N2Cl2Tc5,10.6124;0.4614;0.2129
N2B2Mg5,11.4326;0.6586;0.4337
N2Rb2S5,9.5451;0.4632;0.2145
N2Rb2Cl5,10.7657;0.3971;0.1577
N2Rb2P5,9.7458;0.5205;0.271
N2Mg2B5,11.9862;0.6601;0.4357
N2Mg2Li5,9.9591;0.5272;0.2779
N2Er2Cl5,9.5926;0.4098;0.168
N2Si2Li5,9.6472;0.3918;0.1535
N2Cs2O5,9.8556;0.5095;0.2596
N2Cs2Cl5,10.6208;0.455;0.2071
Be2Mn2B5,9.5448;0.695;0.483
Be2Ti2B5,11.7515;0.7178;0.5153
Be2Mg2B5,17.8941;0.755;0.57
Be2Si2B5,10.7906;0.6948;0.4828
Be2Na2B5,11.792;0.5465;0.2987
Be2Sc2B5,13.2204;0.7649;0.5851
Tl2Rb2O5,11.1591;0.5005;0.2505
Hf2Mg2Cl5,9.9379;0.4264;0.1818
Hf2Li2Cl5,10.3196;0.4596;0.2112
Cl2B2Li5,10.5334;0.4601;0.2117
Cl2Rb2O5,11.6056;0.4897;0.2398
Cl2Mg2B5,12.8755;0.5991;0.3589
Cl2Mg2Li5,9.8628;0.4623;0.2137
Cl2Si2Li5,9.7128;0.4021;0.1616
Cl2P2Li5,10.5289;0.4526;0.2049
Cl2Na2B5,11.1977;0.5979;0.3575
Cl2H2Mg5,10.603;0.5677;0.3223
Cl2Cs2O5,10.6323;0.4948;0.2449
Cl2Cs2F5,9.8586;0.4906;0.2407
Cl2Cs2N5,9.5352;0.4757;0.2262
Ni2Li2B5,9.3904;0.6642;0.4412
B2Li2Si5,9.4487;0.606;0.3672
B2H2Mg5,11.895;0.5956;0.3547
In2Rb2O5,10.9753;0.5123;0.2625
In2Cs2O5,10.8162;0.5441;0.2961
Mn2Li2B5,10.1388;0.7254;0.5263
Se2Rb2O5,11.1148;0.43;0.1849
Se2Cs2O5,10.3541;0.4849;0.2351
Ti2Li2B5,12.3061;0.7352;0.5405
Hg2Rb2O5,11.4506;0.517;0.2673
Rb2Mg2O5,10.3614;0.4617;0.2131
Rb2Zn2O5,9.7403;0.5069;0.2569
Rb2Li2O5,9.5518;0.4817;0.232
Rb2P2O5,11.1013;0.4945;0.2445
Rb2H2Cl5,9.7724;0.4122;0.1699
Rb2Yb2O5,9.822;0.5786;0.3347
Rb2Cd2O5,10.2533;0.5056;0.2556
Rb2Br2O5,11.1237;0.4722;0.223
Rb2I2O5,10.4182;0.4149;0.1721
Rb2Po2O5,11.2312;0.5528;0.3056
Mg2Zn2B5,9.947;0.5849;0.3421
Mg2Li2Cl5,9.6957;0.3873;0.15
Mg2Li2B5,13.9636;0.699;0.4885
Mg2Si2B5,18.6166;0.6832;0.4668
Mg2P2B5,14.179;0.6474;0.4191
Mg2P2Li5,10.067;0.4835;0.2337
Mg2Na2O5,9.677;0.6312;0.3984
Mg2Na2B5,16.8724;0.7254;0.5262
Mg2Na2Li5,10.1117;0.3935;0.1548
Mg2H2B5,10.7538;0.5718;0.3269
Mg2H2Li5,10.3737;0.5769;0.3328
Mg2Cs2O5,9.6555;0.4836;0.2339
Zn2Cs2O5,9.7212;0.5342;0.2853
Li2Si2B5,12.3701;0.6771;0.4584
Li2P2B5,10.3239;0.5769;0.3329
Li2Na2B5,11.7073;0.651;0.4238
Li2H2Mg5,10.5955;0.5976;0.3571
Li2Sc2B5,12.6858;0.7257;0.5267
Li2Cr2B5,9.4463;0.6826;0.4659
Li2Cs2O5,9.7169;0.4742;0.2249
Si2Na2B5,14.0999;0.7543;0.569
Si2H2Mg5,9.6287;0.5732;0.3286
P2Na2B5,12.6558;0.7113;0.5059
P2H2Mg5,10.4257;0.6335;0.4013
P2Cs2O5,10.1068;0.4859;0.2361
H2Cs2Cl5,10.2789;0.4182;0.1749
Cd2Cs2O5,9.9938;0.5361;0.2874
Br2Cs2O5,10.4206;0.499;0.249
I2Cs2O5,10.6624;0.5205;0.2709

221 of 219450 appear to be promising

