hp_tune_blank_nc_normal:

{'ccp_alpha': 0.0, 'criterion': 'squared_error', 'max_depth': None, 'max_leaf_nodes': None, 'max_samples': None, 'min_impurity_decrease': 0.0, 'min_samples_leaf': 1, 'min_samples_split': 2, 'min_weight_fraction_leaf': 0.0, 'n_estimators': 400, 'n_jobs': None, 'oob_score': False, 'random_state': None, 'verbose': 0, 'warm_start': False, 'max_features': 'sqrt', 'bootstrap': False}

Ba2K2Fe3,9.4365;0.5822;0.3389
Ba2K2As3,10.0093;0.5474;0.2997
Ba2K2Ca3,10.6168;0.5141;0.2643
Ba2K2La3,10.1013;0.5068;0.2568
Ba2K2Cu3,9.8159;0.548;0.3003
Ba2K2O3,14.9399;0.6335;0.4013
Ba2K2Ru3,9.5768;0.5415;0.2932
Ba2K2Tm3,10.8362;0.5352;0.2865
Ba2K2Os3,9.7824;0.5754;0.331
Ba2K2Sn3,10.3321;0.5566;0.3098
Ba2K2Nd3,12.2338;0.6426;0.413
Ba2K2Bi3,14.156;0.6111;0.3734
Ba2K2Pb3,10.9993;0.5555;0.3086
Ba2K2F3,11.0497;0.5263;0.277
Ba2K2V3,9.9669;0.5273;0.278
Ba2K2Sr3,11.7356;0.5497;0.3022
Ba2K2Re3,9.9942;0.5322;0.2833
Ba2K2W3,9.7604;0.4866;0.2368
Ba2K2N3,11.6426;0.4756;0.2262
Ba2K2Be3,10.7966;0.5423;0.2941
Ba2K2Tl3,10.8286;0.5346;0.2858
Ba2K2Y3,12.6638;0.5728;0.328
Ba2K2Hf3,11.2195;0.5278;0.2786
Ba2K2Cl3,11.7203;0.5028;0.2528
Ba2K2Sm3,10.8104;0.5334;0.2845
Ba2K2Tb3,10.7323;0.5239;0.2744
Ba2K2B3,10.5117;0.5388;0.2903
Ba2K2Gd3,10.7047;0.5335;0.2846
Ba2K2In3,10.4245;0.541;0.2927
Ba2K2Pd3,9.5168;0.54;0.2916
Ba2K2Zr3,11.03;0.5258;0.2765
Ba2K2Mn3,10.4896;0.5318;0.2829
Ba2K2Ho3,10.7278;0.5426;0.2944
Ba2K2Se3,10.075;0.5479;0.3002
Ba2K2Ti3,9.5791;0.5804;0.3369
Ba2K2Hg3,9.9201;0.5028;0.2528
Ba2K2Eu3,10.8579;0.5338;0.285
Ba2K2Rb3,11.6654;0.5977;0.3573
Ba2K2Er3,10.5918;0.5395;0.2911
Ba2K2Rh3,10.3539;0.5437;0.2956
Ba2K2Zn3,10.3913;0.5384;0.2898
Ba2K2Np3,10.8688;0.5315;0.2825
Ba2K2P3,9.8843;0.5214;0.2718
Ba2K2Ta3,10.1721;0.4685;0.2195
Ba2K2Na3,10.6835;0.5226;0.2731
Ba2K2H3,11.4551;0.5529;0.3057
Ba2K2Pt3,9.9034;0.5425;0.2943
Ba2K2Ge3,10.4183;0.5265;0.2772
Ba2K2Pa3,10.8701;0.5323;0.2833
Ba2K2Yb3,10.798;0.533;0.2841
Ba2K2T3,10.8709;0.532;0.283
Ba2K2Th3,10.6105;0.5319;0.2829
Ba2K2Lu3,10.6175;0.5344;0.2856
Ba2K2Cd3,10.7829;0.5404;0.2921
Ba2K2Br3,12.2026;0.5477;0.3
Ba2K2I3,10.8306;0.5298;0.2807
Ba2K2Dy3,10.7203;0.5462;0.2983
Ba2K2Sc3,10.8194;0.5353;0.2866
Ba2K2Cr3,10.4596;0.5033;0.2533
Ba2K2D3,11.3178;0.5321;0.2831
Ba2K2Cs3,10.7181;0.5317;0.2827
Ba2K2Tc3,11.3653;0.5176;0.2679
Ba2K2Pu3,10.6643;0.5118;0.2619
Ba2K2Am3,10.8667;0.5327;0.2838
Ba2K2Cm3,10.8667;0.5327;0.2838
Ba2K2Po3,10.8667;0.5327;0.2838
Ba2As2K3,9.7546;0.5525;0.3052
Ba2Ca2K3,10.3037;0.5193;0.2696
Ba2La2K3,9.5749;0.5041;0.2541
Ba2Cu2K3,10.1629;0.5507;0.3033
Ba2O2K3,13.7837;0.6673;0.4453
Ba2Mo2K3,9.5363;0.5184;0.2687
Ba2Tm2K3,10.452;0.542;0.2938
Ba2Os2K3,9.4878;0.5776;0.3336
Ba2Sn2K3,10.1037;0.5552;0.3082
Ba2Nd2K3,11.8818;0.6509;0.4236
Ba2Nd2Sr3,10.886;0.7165;0.5134
Ba2Nd2Rb3,10.7548;0.6274;0.3937
Ba2Bi2K3,13.7911;0.6239;0.3893
Ba2Bi2Rb3,10.528;0.4926;0.2427
Ba2Pb2K3,10.5773;0.5536;0.3064
Ba2F2K3,10.678;0.5359;0.2872
Ba2V2K3,9.8619;0.5466;0.2988
Ba2Sr2K3,11.4212;0.5558;0.3089
Ba2Sr2Nd3,10.9434;0.7121;0.5071
Ba2Sr2Rb3,10.5631;0.4966;0.2467
Ba2Co2K3,9.6039;0.577;0.333
Ba2Re2K3,9.6627;0.5435;0.2954
Ba2N2K3,11.4408;0.4866;0.2368
Ba2N2Cl3,14.3648;0.2964;0.0879
Ba2N2Br3,11.0755;0.3392;0.115
Ba2Be2K3,10.3971;0.5485;0.3008
Ba2Tl2K3,10.4861;0.5412;0.2929
Ba2Y2K3,12.9433;0.5999;0.3599
Ba2Hf2K3,10.7589;0.5413;0.293
Ba2Cl2K3,11.8087;0.4997;0.2497
Ba2Cl2N3,14.7444;0.343;0.1177
Ba2Cl2Rb3,10.4061;0.4536;0.2058
Ba2Sm2K3,10.4312;0.5405;0.2921
Ba2Tb2K3,10.3618;0.5297;0.2806
Ba2B2K3,10.326;0.5422;0.294
Ba2C2Mg3,12.9698;0.5771;0.333
Ba2Gd2K3,10.3426;0.5385;0.2899
Ba2In2K3,10.082;0.5465;0.2987
Ba2Zr2K3,10.9426;0.5325;0.2835
Ba2Mn2K3,10.143;0.54;0.2916
Ba2Ho2K3,10.3616;0.5482;0.3006
Ba2Se2K3,9.9104;0.5375;0.2889
Ba2Ti2K3,9.6119;0.5725;0.3278
Ba2Eu2K3,10.466;0.5409;0.2925
Ba2Rb2K3,11.3193;0.6078;0.3695
Ba2Rb2O3,10.1784;0.5774;0.3334
Ba2Rb2Nd3,10.734;0.6276;0.3938
Ba2Rb2Bi3,11.0103;0.4675;0.2186
Ba2Rb2Sr3,10.5264;0.4973;0.2473
Ba2Rb2Cl3,9.9764;0.4397;0.1933
Ba2Rb2Br3,10.1177;0.4791;0.2295
Ba2Rb2Cs3,10.1038;0.5528;0.3056
Ba2Mg2B3,9.9983;0.6366;0.4053
Ba2Mg2C3,12.775;0.6167;0.3803
Ba2Er2K3,10.2188;0.5464;0.2985
Ba2Rh2K3,9.6516;0.5531;0.3059
Ba2Au2K3,9.8681;0.5534;0.3063
Ba2Zn2K3,10.0296;0.546;0.2981
Ba2Np2K3,10.4733;0.5401;0.2917
Ba2Si2K3,9.6054;0.5318;0.2828
Ba2P2K3,9.634;0.5274;0.2782
Ba2Ta2K3,9.9071;0.4719;0.2227
Ba2Na2K3,10.3187;0.533;0.2841
Ba2H2K3,11.4299;0.5377;0.2891
Ba2Pt2K3,9.7787;0.5315;0.2825
Ba2Ge2K3,10.0379;0.5357;0.287
Ba2Pa2K3,10.4707;0.5406;0.2923
Ba2Yb2K3,10.4205;0.5401;0.2917
Ba2T2K3,10.478;0.539;0.2905
Ba2Th2K3,10.3913;0.5412;0.2929
Ba2Lu2K3,10.2824;0.5365;0.2879
Ba2Cd2K3,10.4299;0.548;0.3003
Ba2Br2K3,11.8451;0.5528;0.3056
Ba2Br2N3,10.8001;0.369;0.1362
Ba2Br2Rb3,10.0751;0.4825;0.2329
Ba2I2K3,10.4568;0.5409;0.2925
Ba2Dy2K3,10.3483;0.5547;0.3077
Ba2Sc2K3,10.4524;0.5379;0.2893
Ba2Cr2K3,10.4607;0.5167;0.267
Ba2D2K3,10.9896;0.5331;0.2842
Ba2Cs2K3,10.3355;0.5413;0.293
Ba2Cs2Rb3,10.1091;0.5528;0.3056
Ba2Tc2K3,10.481;0.539;0.2906
Ba2Pu2K3,10.2942;0.5193;0.2697
Ba2Am2K3,10.4707;0.5406;0.2923
Ba2Cm2K3,10.4707;0.5406;0.2923
Ba2Po2K3,10.4707;0.5406;0.2923
K2Fe2Ba3,9.525;0.5708;0.3258
K2As2Ba3,10.0469;0.5502;0.3027
K2Ca2Ba3,10.6241;0.5143;0.2645
K2La2Ba3,9.8501;0.5107;0.2608
K2Cu2Ba3,10.4047;0.549;0.3014
K2O2Ba3,13.937;0.6662;0.4439
K2Mo2Ba3,9.7229;0.5164;0.2667
K2Ru2Ba3,9.612;0.5391;0.2907
K2Tm2Ba3,10.7881;0.5389;0.2904
K2Os2Ba3,9.7933;0.5755;0.3312
K2Sn2Ba3,10.3894;0.5557;0.3088
K2Nd2Ba3,12.2113;0.6434;0.414
K2Bi2Ba3,13.7689;0.6282;0.3947
K2Pb2Ba3,10.9412;0.5514;0.304
K2S2Ba3,9.5522;0.5359;0.2872
K2F2Ba3,11.0032;0.5291;0.2799
K2V2Ba3,10.1538;0.5422;0.2939
K2Ga2Ba3,9.5623;0.5162;0.2665
K2Sr2Ba3,11.7161;0.5493;0.3017
K2Co2Ba3,9.9019;0.5685;0.3232
K2Re2Ba3,9.8919;0.532;0.2831
K2W2Ba3,9.7138;0.4876;0.2378
K2N2Ba3,11.6189;0.4771;0.2277
K2N2Cl3,13.054;0.2687;0.0722
K2N2Br3,12.5388;0.3287;0.108
K2Be2Ba3,10.7326;0.5435;0.2954
K2Tl2Ba3,10.8023;0.5368;0.2881
K2Y2Ba3,13.1993;0.5865;0.3439
K2Hf2Ba3,11.0895;0.5371;0.2885
K2Cl2Ba3,12.0369;0.4913;0.2413
K2Cl2N3,13.4477;0.2631;0.0692
K2Sm2Ba3,10.7627;0.5371;0.2884
K2Tb2Ba3,10.6882;0.528;0.2788
K2B2Ba3,10.6487;0.5341;0.2852
K2C2Mg3,10.639;0.554;0.3069
K2Gd2Ba3,10.6644;0.5361;0.2874
K2In2Ba3,10.3986;0.5435;0.2954
K2Pd2Ba3,9.5493;0.551;0.3036
K2Zr2Ba3,11.2173;0.5275;0.2782
K2Zr2N3,9.8638;0.2943;0.0866
K2Mn2Ba3,10.4471;0.5342;0.2853
K2Ho2Ba3,10.6819;0.546;0.2981
K2Se2Ba3,10.0953;0.5427;0.2945
K2Ti2Ba3,9.8675;0.5654;0.3197
K2Hg2Ba3,9.886;0.5041;0.2542
K2Eu2Ba3,10.81;0.5374;0.2888
K2Rb2Ba3,11.6282;0.5998;0.3598
K2Mg2Ba3,9.5809;0.5315;0.2825
K2Mg2C3,10.663;0.5886;0.3464
K2Er2Ba3,10.529;0.5411;0.2928
K2Rh2Ba3,9.9491;0.5521;0.3048
K2Au2Ba3,10.1697;0.5522;0.3049
K2Zn2Ba3,10.3278;0.541;0.2927
K2Np2Ba3,10.8206;0.535;0.2862
K2Si2Ba3,9.9098;0.5243;0.2749
K2P2Ba3,9.9771;0.5247;0.2753
K2Ta2Ba3,10.116;0.4741;0.2248
K2Na2Ba3,10.6488;0.5261;0.2767
K2H2Ba3,11.6722;0.5316;0.2826
K2Pt2Ba3,10.1027;0.53;0.2809
K2Ge2Ba3,10.418;0.5331;0.2842
K2Pa2Ba3,10.8185;0.5363;0.2876
K2Te2Ba3,9.5548;0.5018;0.2518
K2Yb2Ba3,10.7496;0.5364;0.2877
K2T2Ba3,10.8228;0.5356;0.2869
K2Th2Ba3,10.719;0.5392;0.2907
K2Lu2Ba3,10.5983;0.5329;0.2839
K2Cd2Ba3,10.7655;0.5438;0.2957
K2Br2Ba3,12.1257;0.5487;0.3011
K2Br2N3,12.4076;0.3585;0.1286
K2I2Ba3,10.7983;0.5355;0.2868
K2Dy2Ba3,10.6733;0.5498;0.3022
K2Sc2Ba3,10.786;0.5341;0.2853
K2Cr2Ba3,10.7219;0.5063;0.2564
K2D2Ba3,11.3054;0.5287;0.2796
K2Cs2Ba3,10.6731;0.5352;0.2864
K2Tc2Ba3,10.8259;0.535;0.2862
K2Pu2Ba3,10.6204;0.5163;0.2666
K2Am2Ba3,10.8185;0.5363;0.2876
K2Cm2Ba3,10.8185;0.5363;0.2876
K2Po2Ba3,10.8185;0.5363;0.2876
Fe2S2D3,10.5095;0.5741;0.3296
Fe2N2Cl3,13.6196;0.3127;0.0978
Fe2N2Br3,11.3441;0.389;0.1513
Fe2Cl2N3,14.1398;0.3358;0.1128
Fe2C2Mg3,13.2698;0.6714;0.4508
Fe2Mg2B3,10.2265;0.6767;0.4579
Fe2Mg2C3,12.962;0.685;0.4693
Fe2Br2N3,11.0559;0.4048;0.1639
As2S2D3,10.5232;0.563;0.317
As2N2Cl3,13.7659;0.2928;0.0857
As2N2Br3,11.4718;0.3828;0.1465
As2Cl2N3,14.2892;0.3241;0.1051
As2C2Mg3,13.5331;0.5905;0.3487
As2Mg2B3,9.9393;0.6763;0.4573
As2Mg2C3,13.1526;0.6374;0.4062
As2Br2N3,11.1769;0.392;0.1536
Ca2Mo2C3,10.2315;0.1427;0.0204
Ca2Mo2Tc3,10.1423;0.2515;0.0633
Ca2S2D3,12.326;0.6107;0.3729
Ca2N2Cl3,13.9109;0.282;0.0795
Ca2N2Br3,11.8747;0.3302;0.1091
Ca2Cl2N3,14.4712;0.3005;0.0903
Ca2C2Mg3,13.6955;0.576;0.3318
Ca2Mg2C3,13.7626;0.6321;0.3995
Ca2Br2N3,11.5719;0.3685;0.1358
La2S2D3,11.3577;0.5777;0.3337
La2N2Cl3,11.9821;0.3419;0.1169
La2N2Br3,9.9001;0.3797;0.1441
La2Cl2N3,12.4315;0.3665;0.1343
La2C2Mg3,11.4288;0.6006;0.3607
La2Mg2C3,11.478;0.6809;0.4636
Cu2Mo2C3,9.916;0.1628;0.0265
Cu2Mo2Tc3,9.8802;0.2406;0.0579
Cu2S2D3,11.5826;0.5863;0.3438
Cu2N2Cl3,13.9586;0.2969;0.0882
Cu2N2Br3,11.9504;0.3524;0.1242
Cu2Cl2N3,14.4799;0.329;0.1083
Cu2C2Mg3,12.2333;0.5967;0.356
Cu2Pd2H3,14.599;0.2804;0.0786
Cu2Mg2C3,11.3971;0.6501;0.4226
Cu2Si2H3,9.8512;0.3482;0.1212
Cu2H2Pd3,13.2218;0.298;0.0888
Cu2H2Br3,10.7956;0.3747;0.1404
Cu2Br2N3,11.5971;0.3844;0.1478
Cu2Br2H3,10.8435;0.3486;0.1216
O2S2D3,10.4391;0.5308;0.2818
O2N2Nb3,10.0497;0.2427;0.0589
O2N2Cl3,13.8213;0.2556;0.0653
O2N2Br3,12.014;0.3354;0.1125
O2Cl2N3,14.4239;0.3049;0.093
O2C2Mg3,13.813;0.5799;0.3363
O2Mg2B3,10.1511;0.664;0.4409
O2Mg2C3,13.3754;0.6289;0.3955
O2Br2N3,11.9057;0.3528;0.1245
Mo2Tm2Tc3,10.2371;0.2519;0.0635
Mo2Nd2Tc3,10.0533;0.2671;0.0713
Mo2S2C3,10.0497;0.1539;0.0237
Mo2F2Tc3,10.3265;0.2502;0.0626
Mo2Sr2C3,10.0653;0.147;0.0216
Mo2Sr2Tc3,10.2391;0.2459;0.0604
Mo2W2C3,10.3214;0.1325;0.0176
Mo2W2Tc3,9.9376;0.2499;0.0625
Mo2N2Cl3,13.4153;0.2983;0.089
Mo2N2Br3,10.5492;0.3663;0.1342
Mo2Be2C3,9.8685;0.1702;0.029
Mo2Nb2C3,11.7661;0.159;0.0253
Mo2Nb2Tc3,10.0803;0.2195;0.0482
Mo2Tl2C3,9.9596;0.1737;0.0302
Mo2Tl2Tc3,10.1391;0.2572;0.0661
Mo2Cl2N3,13.9532;0.3405;0.116
Mo2Cl2Tc3,10.0512;0.3063;0.0938
Mo2Sm2C3,10.0339;0.1558;0.0243
Mo2Sm2Tc3,10.2266;0.2564;0.0657
Mo2Tb2Tc3,9.9834;0.2491;0.062
Mo2C2Mg3,12.714;0.5505;0.3031
Mo2Gd2Tc3,10.0628;0.2608;0.068
Mo2Ho2C3,10.0783;0.1554;0.0242
Mo2Ho2Tc3,10.0428;0.2767;0.0766
Mo2Se2Tc3,9.8793;0.2421;0.0586
Mo2Hg2C3,10.7696;0.2623;0.0688
Mo2Hg2Tc3,10.2769;0.2454;0.0602
Mo2Eu2C3,10.084;0.1558;0.0243
Mo2Eu2Tc3,10.0339;0.2562;0.0656
Mo2Pr2Tc3,9.9376;0.27;0.0729
Mo2Mg2B3,10.038;0.6519;0.4249
Mo2Mg2C3,14.7485;0.5311;0.282
Mo2Er2C3,9.8702;0.1673;0.028
Mo2Er2Tc3,9.7363;0.2949;0.087
Mo2Np2C3,10.1259;0.1485;0.0221
Mo2Np2Tc3,10.283;0.2489;0.062
Mo2P2C3,10.1152;0.1545;0.0239
Mo2P2Tc3,10.1588;0.2657;0.0706
Mo2Ta2Tc3,10.0489;0.2636;0.0695
Mo2H2C3,10.1722;0.1583;0.0251
Mo2H2Tc3,10.2488;0.2779;0.0772
Mo2Pa2C3,10.1256;0.1483;0.022
Mo2Pa2Tc3,10.2764;0.2474;0.0612
Mo2Yb2C3,10.0336;0.1539;0.0237
Mo2Yb2Tc3,9.9673;0.256;0.0656
Mo2T2C3,10.128;0.1491;0.0222
Mo2T2Tc3,10.301;0.2453;0.0602
Mo2Th2C3,10.0257;0.1726;0.0298
Mo2Th2Tc3,10.0372;0.272;0.074
Mo2Lu2Tc3,9.77;0.2724;0.0742
Mo2Cd2C3,10.0323;0.1596;0.0255
Mo2Cd2Tc3,9.8505;0.26;0.0676
Mo2Br2N3,10.2292;0.3798;0.1443
Mo2Br2C3,10.031;0.1528;0.0233
Mo2Br2Tc3,10.8014;0.2607;0.068
Mo2I2C3,9.9987;0.1752;0.0307
Mo2I2Tc3,10.2267;0.2392;0.0572
Mo2Dy2Tc3,10.0344;0.2651;0.0703
Mo2Sc2C3,9.922;0.1611;0.0259
Mo2Sc2Tc3,10.1156;0.2452;0.0601
Mo2D2C3,10.2724;0.1523;0.0232
Mo2D2Tc3,10.6772;0.2891;0.0836
Mo2Cs2Tc3,10.1507;0.2382;0.0567
Mo2Tc2C3,10.2345;0.1469;0.0216
Mo2Pu2C3,10.0503;0.1493;0.0223
Mo2Pu2Tc3,9.9793;0.2819;0.0795
Mo2Am2C3,10.1256;0.1483;0.022
Mo2Am2Tc3,10.2763;0.2475;0.0612
Mo2Cm2C3,10.1256;0.1483;0.022
Mo2Cm2Tc3,10.2764;0.2474;0.0612
Mo2Po2C3,10.1256;0.1483;0.022
Mo2Po2Tc3,10.2764;0.2474;0.0612
Ru2S2D3,11.7386;0.5632;0.3172
Ru2N2Cl3,12.917;0.3051;0.0931
Ru2N2Br3,10.7697;0.4062;0.165
Ru2Cl2N3,13.5051;0.324;0.1049
Ru2C2Mg3,12.7883;0.5638;0.3179
Ru2Mg2B3,9.712;0.6327;0.4003
Ru2Mg2C3,12.5266;0.6359;0.4044
Ru2Br2N3,10.5617;0.3946;0.1557
Tm2S2D3,12.4569;0.5881;0.3459
Tm2N2Cl3,14.09;0.2826;0.0799
Tm2N2Br3,12.0724;0.3538;0.1252
Tm2Cl2N3,14.6169;0.3079;0.0948
Tm2C2Mg3,13.7266;0.5754;0.3311
Tm2Mg2B3,10.5536;0.6601;0.4357
Tm2Mg2C3,13.2421;0.6442;0.415
Tm2Br2N3,11.7681;0.381;0.1452
Os2S2D3,10.4361;0.5868;0.3444
Os2N2Cl3,13.3157;0.3093;0.0956
Os2N2Br3,11.0457;0.386;0.149
Os2Cl2N3,13.8158;0.3501;0.1225
Os2C2Mg3,13.1755;0.6214;0.3861
Os2Mg2B3,9.4493;0.6611;0.437
Os2Mg2C3,12.8091;0.6704;0.4494
Os2Br2N3,10.7568;0.406;0.1649
Os2Tc2Mo3,10.9394;0.173;0.0299
Sn2S2D3,9.6582;0.5284;0.2792
Sn2N2Cl3,13.549;0.3061;0.0937
Sn2N2Br3,11.4174;0.3531;0.1247
Sn2Cl2N3,14.0634;0.3224;0.1039
Sn2C2Mg3,14.0751;0.5957;0.3548
Sn2Mg2B3,10.8586;0.6241;0.3895
Sn2Mg2C3,13.7292;0.6068;0.3682
Sn2Mg2Li3,9.4226;0.6516;0.4246
Sn2Br2N3,11.0588;0.3843;0.1477
Nd2S2D3,11.9624;0.5693;0.3241
Nd2Sr2Ba3,10.9062;0.7212;0.5202
Nd2N2Cl3,14.0796;0.2857;0.0816
Nd2N2Br3,12.0071;0.353;0.1246
Nd2Cl2N3,14.6073;0.3114;0.097
Nd2C2Mg3,13.6537;0.586;0.3433
Nd2Rb2Ba3,10.6981;0.6303;0.3973
Nd2Mg2B3,10.0836;0.6843;0.4683
Nd2Mg2C3,13.1877;0.6415;0.4115
Nd2Br2N3,11.7074;0.3798;0.1442
Bi2N2Cl3,13.3122;0.309;0.0955
Bi2N2Br3,10.8889;0.3871;0.1499
Bi2Cl2N3,13.8393;0.3426;0.1174
Bi2C2Mg3,12.0076;0.5858;0.3431
Bi2Rb2Ba3,10.2837;0.4943;0.2443
Bi2Mg2C3,11.3849;0.6405;0.4102
Bi2Br2N3,10.6125;0.3765;0.1417
Pb2N2Cl3,13.7236;0.3031;0.0919
Pb2N2Br3,11.3186;0.3487;0.1216
Pb2Cl2N3,14.2524;0.3141;0.0987
Pb2C2Mg3,13.2854;0.5575;0.3108
Pb2Mg2B3,10.2469;0.5767;0.3326
Pb2Mg2C3,12.8875;0.5745;0.3301
Pb2Mg2Li3,9.8601;0.5934;0.3522
Pb2Br2N3,10.9408;0.3815;0.1455
S2F2D3,11.6816;0.5624;0.3163
S2V2D3,11.1811;0.6048;0.3658
S2Sr2D3,11.82;0.5482;0.3005
S2W2D3,11.515;0.5544;0.3074
S2N2Cl3,13.1628;0.3024;0.0914
S2N2Br3,10.7557;0.387;0.1498
S2Be2D3,12.211;0.5814;0.3381
S2Tl2D3,12.3737;0.5855;0.3428
S2Y2D3,10.1376;0.5259;0.2766
S2Hf2D3,11.4772;0.5633;0.3173
S2Cl2N3,13.6473;0.3475;0.1207
S2Cl2D3,11.1869;0.552;0.3047
S2Sm2D3,12.2192;0.596;0.3552
S2Tb2D3,12.0622;0.6107;0.373
S2B2D3,11.2189;0.5744;0.3299
S2C2Mg3,14.0061;0.5788;0.335
S2Gd2D3,11.9672;0.6012;0.3615
S2In2D3,11.8459;0.5873;0.3449
S2Pd2D3,9.531;0.5099;0.26
S2Zr2D3,10.1802;0.5331;0.2842
S2Mn2D3,11.0987;0.6306;0.3977
S2Ho2D3,12.1114;0.6087;0.3706
S2Se2D3,12.4335;0.5896;0.3476
S2Ti2D3,11.4828;0.6024;0.3629
S2Hg2D3,12.1344;0.5907;0.3489
S2Eu2D3,12.1239;0.5847;0.3419
S2Rb2D3,9.5966;0.5053;0.2553
S2Pr2D3,11.8411;0.6071;0.3686
S2Mg2B3,10.3298;0.6596;0.4351
S2Mg2C3,13.581;0.6313;0.3985
S2Sb2D3,10.618;0.6088;0.3706
S2Er2D3,11.4989;0.6336;0.4015
S2Rh2D3,11.3032;0.594;0.3529
S2Au2D3,10.5373;0.6125;0.3752
S2Zn2D3,10.1394;0.613;0.3757
S2Np2D3,12.519;0.5935;0.3522
S2Si2D3,10.6829;0.6076;0.3692
S2P2D3,11.9892;0.6051;0.3661
S2Ta2D3,11.7407;0.5718;0.327
S2Na2D3,11.2092;0.5875;0.3452
S2H2D3,11.4248;0.5868;0.3443
S2Pt2D3,11.2786;0.6001;0.3601
S2Ge2D3,11.3372;0.5971;0.3565
S2Pa2D3,12.5155;0.5928;0.3514
S2Te2D3,10.5155;0.5438;0.2958
S2Yb2D3,12.246;0.59;0.3481
S2T2D3,12.5199;0.5925;0.351
S2Th2D3,10.8333;0.5616;0.3154
S2Lu2D3,11.0479;0.574;0.3295
S2Cd2D3,12.2502;0.6084;0.3701
S2Br2N3,10.3449;0.422;0.1781
S2Br2D3,13.1885;0.5562;0.3094
S2I2D3,12.2996;0.5838;0.3409
S2Dy2D3,12.1653;0.5931;0.3518
S2Sc2D3,12.5302;0.5925;0.351
S2Cr2D3,9.6209;0.5473;0.2996
S2D2Br3,9.6711;0.4646;0.2158
S2Cs2D3,11.7644;0.5773;0.3332
S2Tc2D3,12.5739;0.5927;0.3513
S2Pu2D3,11.0713;0.5968;0.3562
S2Am2D3,12.5154;0.5927;0.3513
S2Cm2D3,12.5155;0.5928;0.3514
S2Po2D3,12.5155;0.5928;0.3514
F2N2Cl3,13.9696;0.2879;0.0829
F2N2Br3,12.0117;0.3594;0.1292
F2Cl2N3,14.502;0.3117;0.0972
F2Cl2Hf3,9.5321;0.5367;0.288
F2C2Mg3,13.5065;0.5705;0.3255
F2Mg2B3,10.2263;0.5579;0.3113
F2Mg2C3,12.9612;0.6096;0.3717
F2Br2N3,11.5969;0.3969;0.1575
V2N2Cl3,12.689;0.3085;0.0952
V2N2Br3,10.7336;0.3565;0.1271
V2Cl2N3,13.3403;0.3166;0.1002
V2C2Mg3,12.2297;0.5703;0.3252
V2Mg2B3,10.3847;0.6593;0.4346
V2Mg2C3,12.0268;0.6228;0.3879
V2Br2N3,10.7332;0.346;0.1197
Ga2N2Cl3,11.8893;0.3568;0.1273
Ga2N2Br3,9.7067;0.3223;0.1039
Ga2Cl2N3,12.383;0.371;0.1376
Ga2C2Mg3,10.8154;0.6114;0.3738
Ga2Mg2C3,10.6949;0.6912;0.4778
Al2N2Cl3,9.9171;0.42;0.1764
Al2Cl2N3,10.4279;0.399;0.1592
Al2Mg2B3,11.3841;0.5775;0.3334
Al2Ge2Nb3,10.2833;0.3941;0.1553
Sr2N2Cl3,14.0302;0.29;0.0841
Sr2N2Br3,12.0543;0.3569;0.1274
Sr2Cl2N3,14.5528;0.3179;0.101
Sr2C2Mg3,13.9427;0.5814;0.3381
Sr2Rb2Ba3,10.5145;0.5022;0.2522
Sr2Mg2B3,10.4612;0.6399;0.4095
Sr2Mg2C3,13.5169;0.63;0.3969
Sr2Br2N3,11.6798;0.3855;0.1486
Co2N2Cl3,12.5098;0.34;0.1156
Co2N2Br3,10.2141;0.3716;0.1381
Co2Cl2N3,13.0603;0.3837;0.1472
Co2C2Mg3,13.2077;0.6406;0.4104
Co2Mg2B3,9.5658;0.6204;0.3849
Co2Mg2C3,12.9338;0.6682;0.4465
Co2Br2N3,10.0235;0.3904;0.1524
Co2Pu2Ga3,11.4449;0.2822;0.0796
Re2N2Cl3,13.9021;0.2889;0.0835
Re2N2Br3,11.5151;0.3597;0.1294
Re2Cl2N3,14.4304;0.3143;0.0988
Re2C2Mg3,13.9799;0.5763;0.3321
Re2Mg2B3,10.9531;0.6449;0.4159
Re2Mg2C3,13.6949;0.6081;0.3697
Re2Mg2Li3,9.4332;0.657;0.4316
Re2Br2N3,11.1713;0.3768;0.142
Re2Tc2Mo3,9.9815;0.2007;0.0403
W2N2Cl3,13.7674;0.2978;0.0887
W2N2Br3,11.7199;0.3634;0.132
W2Cl2N3,14.3226;0.3166;0.1002
W2C2Mg3,13.7398;0.5773;0.3333
W2Mg2B3,10.4217;0.6377;0.4066
W2Mg2C3,14.0396;0.6158;0.3793
W2Br2N3,11.4091;0.3906;0.1526
N2Be2Cl3,14.0229;0.2816;0.0793
N2Be2Br3,11.9851;0.365;0.1333
N2Nb2Cl3,13.9046;0.2897;0.0839
N2Nb2C3,10.6393;0.2266;0.0514
N2Nb2Ti3,10.1383;0.2693;0.0725
N2Nb2Li3,9.6825;0.384;0.1474
N2Nb2Br3,12.0097;0.3021;0.0913
N2Tl2Cl3,14.0962;0.2854;0.0814
N2Tl2Br3,12.1906;0.3415;0.1166
N2Y2Cl3,12.471;0.3133;0.0981
N2Y2Br3,10.8269;0.3689;0.1361
N2Hf2Cl3,19.5903;0.2263;0.0512
N2Hf2Li3,14.5727;0.5536;0.3065
N2Hf2Br3,15.3107;0.3696;0.1366
N2Cl2Ba3,15.0589;0.2989;0.0893
N2Cl2K3,13.4476;0.2765;0.0765
N2Cl2Fe3,14.5048;0.3252;0.1058
N2Cl2As3,14.6864;0.2969;0.0881
N2Cl2Ca3,14.8361;0.2804;0.0786
N2Cl2La3,13.0508;0.3112;0.0969
N2Cl2Cu3,13.6281;0.3786;0.1433
N2Cl2O3,14.1038;0.2995;0.0897
N2Cl2Mo3,13.2538;0.3092;0.0956
N2Cl2Ru3,13.7844;0.3247;0.1055
N2Cl2Tm3,15.0258;0.2855;0.0815
N2Cl2Os3,14.1855;0.3336;0.1113
N2Cl2Sn3,14.3066;0.3241;0.105
N2Cl2Nd3,15.0135;0.2887;0.0833
N2Cl2Bi3,14.2508;0.3147;0.099
N2Cl2Pb3,14.6637;0.2991;0.0894
N2Cl2S3,14.0704;0.3123;0.0975
N2Cl2F3,14.9013;0.2946;0.0868
N2Cl2V3,13.3624;0.3321;0.1103
N2Cl2Ga3,12.4628;0.3877;0.1503
N2Cl2Al3,10.3696;0.4095;0.1677
N2Cl2Sr3,14.9576;0.2952;0.0872
N2Cl2Co3,12.9415;0.3704;0.1372
N2Cl2Re3,14.597;0.2933;0.086
N2Cl2W3,13.7205;0.3373;0.1137
N2Cl2Be3,14.9588;0.2853;0.0814
N2Cl2Nb3,14.6491;0.2661;0.0708
N2Cl2Tl3,15.0308;0.2877;0.0828
N2Cl2Y3,13.1338;0.3482;0.1212
N2Cl2Hf3,20.5818;0.2404;0.0578
N2Cl2Sm3,15.0272;0.2856;0.0816
N2Cl2Ni3,14.0589;0.2944;0.0867
N2Cl2Tb3,14.9762;0.2853;0.0814
N2Cl2Ce3,11.5498;0.3702;0.1371
N2Cl2B3,12.7345;0.4153;0.1725
N2Cl2C3,11.5773;0.3309;0.1095
N2Cl2Gd3,14.9938;0.2822;0.0796
N2Cl2In3,13.7871;0.3194;0.102
N2Cl2Pd3,13.9197;0.3212;0.1032
N2Cl2Zr3,14.2167;0.1164;0.0136
N2Cl2Mn3,14.8537;0.2908;0.0846
N2Cl2Ho3,15.0074;0.2863;0.0819
N2Cl2Se3,14.6132;0.2898;0.084
N2Cl2Ti3,15.4936;0.204;0.0416
N2Cl2Hg3,15.0295;0.2849;0.0812
N2Cl2Eu3,15.0273;0.2852;0.0814
N2Cl2Rb3,15.221;0.2364;0.0559
N2Cl2Pr3,14.5264;0.3196;0.1021
N2Cl2Mg3,12.722;0.5105;0.2606
N2Cl2Sb3,14.4589;0.2899;0.0841
N2Cl2Er3,14.9846;0.2889;0.0835
N2Cl2Rh3,13.7758;0.3277;0.1074
N2Cl2Au3,14.0692;0.3398;0.1155
N2Cl2Zn3,14.8892;0.2975;0.0885
N2Cl2Li3,15.3727;0.2828;0.08
N2Cl2Np3,15.0291;0.2851;0.0813
N2Cl2Si3,13.5139;0.3368;0.1135
N2Cl2P3,14.9816;0.2941;0.0865
N2Cl2Ta3,15.0944;0.2591;0.0671
N2Cl2Na3,14.7262;0.2053;0.0421
N2Cl2H3,14.2426;0.3064;0.0939
N2Cl2Pt3,14.5104;0.3179;0.101
N2Cl2Ge3,14.0132;0.355;0.126
N2Cl2Pa3,15.0324;0.2848;0.0811
N2Cl2Te3,13.4462;0.303;0.0918
N2Cl2Ir3,12.2471;0.3502;0.1226
N2Cl2Yb3,15.0245;0.2855;0.0815
N2Cl2T3,15.0337;0.2847;0.081
N2Cl2U3,11.5971;0.4629;0.2143
N2Cl2Th3,14.3734;0.3164;0.1001
N2Cl2Lu3,14.91;0.2985;0.0891
N2Cl2Ag3,11.2741;0.3844;0.1478
N2Cl2Cd3,15.0164;0.2849;0.0812
N2Cl2Br3,14.9284;0.275;0.0756
N2Cl2I3,14.9981;0.2921;0.0853
N2Cl2Dy3,15.0096;0.2859;0.0817
N2Cl2Sc3,15.0268;0.2826;0.0799
N2Cl2Cr3,13.0956;0.3817;0.1457
N2Cl2D3,14.985;0.2912;0.0848
N2Cl2Cs3,14.9264;0.2951;0.0871
N2Cl2Tc3,14.6229;0.2775;0.077
N2Cl2Pu3,14.9003;0.2986;0.0892
N2Cl2Am3,15.028;0.2853;0.0814
N2Cl2Cm3,15.028;0.2852;0.0813
N2Cl2Po3,15.028;0.2852;0.0813
N2Sm2Cl3,14.0914;0.2827;0.0799
N2Sm2Br3,12.0697;0.3541;0.1254
N2Ni2Cl3,13.3085;0.2931;0.0859
N2Ni2Br3,11.0617;0.3568;0.1273
N2Tb2Cl3,14.0439;0.2825;0.0798
N2Tb2Br3,11.9632;0.3573;0.1277
N2Ce2Cl3,10.9225;0.357;0.1274
N2B2Cl3,12.1443;0.3748;0.1405
N2B2Br3,10.0053;0.3958;0.1567
N2C2Nb3,12.3609;0.2154;0.0464
N2C2Cl3,11.3645;0.3227;0.1041
N2C2Mg3,13.4783;0.5118;0.2619
N2C2Li3,10.3452;0.3331;0.1109
N2C2Ta3,10.9883;0.1369;0.0188
N2C2Na3,11.0241;0.2583;0.0667
N2C2Br3,11.1042;0.2508;0.0629
N2Gd2Cl3,14.0608;0.2811;0.079
N2Gd2Br3,11.991;0.3588;0.1288
N2In2Cl3,12.9024;0.308;0.0949
N2In2Br3,10.7805;0.3419;0.1169
N2Pd2Cl3,13.1003;0.3169;0.1004
N2Pd2Br3,11.0073;0.3816;0.1456
N2Zr2Nb3,10.5694;0.2532;0.0641
N2Zr2Cl3,13.8758;0.0841;0.0071
N2Zr2Li3,10.1882;0.26;0.0676
N2Zr2Br3,12.6308;0.2413;0.0582
N2Mn2Cl3,13.9233;0.2858;0.0817
N2Mn2Br3,11.6618;0.3623;0.1313
N2Ho2Cl3,14.0719;0.2814;0.0792
N2Ho2Br3,11.9885;0.3585;0.1285
N2Se2Cl3,13.6835;0.2906;0.0844
N2Se2Br3,11.3905;0.3726;0.1388
N2Ti2Nb3,12.315;0.2896;0.0838
N2Ti2Cl3,15.1797;0.1813;0.0329
N2Ti2C3,9.7414;0.3085;0.0952
N2Ti2Li3,9.8462;0.384;0.1475
N2Ti2Br3,13.8682;0.2611;0.0682
N2Hg2Cl3,14.093;0.283;0.0801
N2Hg2Br3,12.0997;0.3536;0.1251
N2Eu2Cl3,14.0914;0.2826;0.0799
N2Eu2Br3,12.086;0.3557;0.1265
N2Rb2Cl3,14.5106;0.2525;0.0638
N2Rb2Br3,13.2246;0.3087;0.0953
N2Pr2Cl3,13.6028;0.3101;0.0962
N2Pr2Br3,11.3291;0.3844;0.1478
N2Mg2Cl3,13.6168;0.4977;0.2477
N2Mg2B3,9.5223;0.5769;0.3328
N2Mg2C3,13.6179;0.543;0.2949
N2Mg2Zr3,9.7887;0.5948;0.3538
N2Mg2Li3,12.4165;0.6041;0.3649
N2Mg2Br3,10.5972;0.5482;0.3005
N2Sb2Cl3,13.5528;0.2945;0.0867
N2Sb2Br3,11.3839;0.3544;0.1256
N2Er2Cl3,14.0478;0.2831;0.0801
N2Er2Br3,11.8757;0.3577;0.1279
N2Rh2Cl3,13.0412;0.3163;0.1001
N2Rh2Br3,11.1003;0.3803;0.1446
N2Au2Cl3,13.3715;0.321;0.103
N2Au2Br3,11.0828;0.3875;0.1501
N2Zn2Cl3,13.9557;0.2906;0.0845
N2Zn2Br3,11.6383;0.3638;0.1324
N2Li2Nb3,10.4358;0.3758;0.1412
N2Li2Hf3,14.0548;0.5293;0.2802
N2Li2Cl3,14.9332;0.2836;0.0804
N2Li2C3,9.9691;0.3588;0.1287
N2Li2Zr3,10.4275;0.2471;0.0611
N2Li2Rb3,9.6864;0.4033;0.1626
N2Li2Mg3,11.2481;0.6296;0.3964
N2Li2Na3,9.9323;0.343;0.1176
N2Li2Br3,16.0574;0.2859;0.0817
N2Li2D3,9.6519;0.3757;0.1412
N2Li2Tc3,9.8585;0.3614;0.1306
N2Np2Cl3,14.0933;0.2818;0.0794
N2Np2Br3,12.0941;0.3527;0.1244
N2Si2Cl3,13.7506;0.283;0.0801
N2Si2Br3,11.7256;0.3586;0.1286
N2P2Cl3,14.0794;0.2832;0.0802
N2P2Br3,12.0032;0.3449;0.119
N2Ta2Cl3,14.1639;0.262;0.0687
N2Ta2C3,10.1478;0.1947;0.0379
N2Ta2Br3,12.4607;0.3188;0.1017
N2Na2Nb3,10.1513;0.2522;0.0636
N2Na2Cl3,14.2681;0.2213;0.049
N2Na2C3,10.6382;0.2868;0.0823
N2Na2Li3,9.7358;0.3545;0.1256
N2Na2Br3,13.3891;0.2921;0.0853
N2H2Cl3,13.3369;0.2939;0.0864
N2H2Br3,11.1307;0.3471;0.1205
N2Pt2Cl3,13.6636;0.3066;0.094
N2Pt2Br3,11.7381;0.3557;0.1265
N2Ge2Cl3,13.1318;0.3402;0.1158
N2Ge2Br3,10.9005;0.3867;0.1495
N2Pa2Cl3,14.0922;0.2823;0.0797
N2Pa2Br3,12.0862;0.3541;0.1254
N2Te2Cl3,12.5706;0.284;0.0807
N2Te2Br3,10.0536;0.3948;0.1558
N2Ir2Cl3,11.6196;0.3324;0.1105
N2Yb2Cl3,14.0883;0.2822;0.0796
N2Yb2Br3,12.0649;0.3582;0.1283
N2T2Cl3,14.0978;0.2818;0.0794
N2T2Br3,12.13;0.3495;0.1222
N2U2Cl3,10.8258;0.4473;0.2001
N2Th2Cl3,13.4985;0.3113;0.0969
N2Th2Br3,11.456;0.3658;0.1338
N2Lu2Cl3,13.9838;0.2922;0.0854
N2Lu2Br3,11.7614;0.3515;0.1235
N2Ag2Cl3,10.3764;0.3671;0.1348
N2Ag2Br3,9.7568;0.3496;0.1222
N2Cd2Cl3,14.0831;0.2821;0.0796
N2Cd2Br3,12.0555;0.3496;0.1222
N2Br2Ba3,10.9249;0.3429;0.1176
N2Br2K3,12.1158;0.3412;0.1164
N2Br2Fe3,11.0489;0.3908;0.1527
N2Br2As3,11.338;0.3784;0.1432
N2Br2Ca3,11.6719;0.3315;0.1099
N2Br2La3,10.121;0.3467;0.1202
N2Br2Cu3,9.6362;0.371;0.1376
N2Br2O3,11.1481;0.363;0.1318
N2Br2Ru3,10.5733;0.408;0.1665
N2Br2Tm3,11.911;0.3517;0.1237
N2Br2Os3,10.8545;0.3873;0.15
N2Br2Sn3,11.067;0.3515;0.1236
N2Br2Nd3,11.835;0.351;0.1232
N2Br2Bi3,10.8367;0.3784;0.1432
N2Br2Pb3,11.2188;0.3283;0.1078
N2Br2S3,10.5579;0.3862;0.1491
N2Br2F3,11.8562;0.3577;0.1279
N2Br2V3,10.0679;0.3236;0.1047
N2Br2Sr3,11.8756;0.355;0.126
N2Br2Re3,11.3593;0.3277;0.1074
N2Br2W3,10.381;0.3866;0.1494
N2Br2Be3,11.8634;0.3605;0.13
N2Br2Nb3,12.2683;0.297;0.0882
N2Br2Tl3,12.0203;0.3419;0.1169
N2Br2Y3,10.2316;0.3674;0.135
N2Br2Hf3,14.4411;0.4082;0.1666
N2Br2Cl3,14.2811;0.2683;0.072
N2Br2Sm3,11.908;0.3519;0.1238
N2Br2Ni3,10.6706;0.3629;0.1317
N2Br2Tb3,11.8006;0.3549;0.126
N2Br2C3,10.3296;0.2623;0.0688
N2Br2Gd3,11.8227;0.357;0.1274
N2Br2In3,10.6281;0.3349;0.1122
N2Br2Pd3,10.7233;0.3839;0.1474
N2Br2Zr3,12.305;0.2296;0.0527
N2Br2Mn3,11.5013;0.3605;0.13
N2Br2Ho3,11.8271;0.356;0.1267
N2Br2Se3,11.2265;0.3677;0.1352
N2Br2Ti3,13.0704;0.2922;0.0854
N2Br2Hg3,11.9433;0.3521;0.124
N2Br2Eu3,11.9251;0.3534;0.1249
N2Br2Rb3,13.1203;0.312;0.0973
N2Br2Pr3,11.1527;0.3838;0.1473
N2Br2Sb3,11.2423;0.3541;0.1254
N2Br2Er3,11.723;0.3553;0.1263
N2Br2Rh3,10.7152;0.3941;0.1553
N2Br2Au3,10.3693;0.4039;0.1631
N2Br2Zn3,11.4964;0.361;0.1303
N2Br2Li3,15.8505;0.3003;0.0902
N2Br2Np3,11.9331;0.3512;0.1234
N2Br2Si3,10.4819;0.3852;0.1484
N2Br2P3,11.7737;0.3533;0.1248
N2Br2Ta3,12.3483;0.3115;0.0971
N2Br2Na3,13.2204;0.2997;0.0898
N2Br2H3,10.9712;0.3548;0.1259
N2Br2Pt3,11.482;0.3547;0.1258
N2Br2Ge3,10.7255;0.3802;0.1446
N2Br2Pa3,11.9548;0.3503;0.1227
N2Br2Te3,9.9582;0.3894;0.1516
N2Br2Yb3,11.9054;0.3555;0.1264
N2Br2T3,11.9695;0.3477;0.1209
N2Br2Th3,11.1872;0.3684;0.1357
N2Br2Lu3,11.5838;0.3485;0.1215
N2Br2Cd3,11.8655;0.3462;0.1198
N2Br2I3,11.9181;0.3403;0.1158
N2Br2Dy3,11.8529;0.3463;0.12
N2Br2Sc3,11.9283;0.346;0.1197
N2Br2D3,11.9797;0.3259;0.1062
N2Br2Cs3,11.7409;0.3476;0.1209
N2Br2Tc3,11.6831;0.3081;0.0949
N2Br2Pu3,11.5518;0.3589;0.1288
N2Br2Am3,11.925;0.3521;0.124
N2Br2Cm3,11.925;0.3521;0.124
N2Br2Po3,11.925;0.3521;0.124
N2I2Cl3,14.0691;0.2867;0.0822
N2I2Br3,12.0443;0.3449;0.1189
N2Dy2Cl3,14.0741;0.2826;0.0799
N2Dy2Br3,12.0141;0.3481;0.1211
N2Sc2Cl3,14.0922;0.2809;0.0789
N2Sc2Br3,12.1046;0.3463;0.1199
N2Cr2Cl3,12.3151;0.3485;0.1215
N2Cr2Br3,9.739;0.3864;0.1493
N2D2Cl3,14.0715;0.2867;0.0822
N2D2Br3,12.1999;0.3272;0.107
N2Cs2Cl3,13.9983;0.2883;0.0831
N2Cs2Br3,11.8964;0.3483;0.1213
N2Tc2Cl3,14.0972;0.2818;0.0794
N2Tc2Br3,12.1213;0.354;0.1253
N2Pu2Cl3,13.9715;0.2852;0.0814
N2Pu2Br3,11.7032;0.357;0.1275
N2Am2Cl3,14.0921;0.2824;0.0798
N2Am2Br3,12.0862;0.3541;0.1254
N2Cm2Cl3,14.0922;0.2823;0.0797
N2Cm2Br3,12.0862;0.3541;0.1254
N2Po2Cl3,14.0922;0.2823;0.0797
N2Po2Br3,12.0862;0.3541;0.1254
Be2Cl2N3,14.5454;0.3114;0.097
Be2C2Mg3,13.895;0.5635;0.3175
Be2Mg2C3,13.4077;0.6347;0.4029
Be2Br2N3,11.6728;0.3904;0.1524
Nb2Cl2N3,14.7593;0.302;0.0912
Nb2Ni2C3,9.7373;0.3061;0.0937
Nb2C2N3,10.6941;0.2615;0.0684
Nb2C2Mg3,13.6227;0.5415;0.2932
Nb2Zr2N3,10.3087;0.2526;0.0638
Nb2Ti2N3,13.1636;0.2883;0.0831
Nb2Mg2B3,9.7164;0.6829;0.4663
Nb2Mg2C3,13.8953;0.5819;0.3386
Nb2Li2N3,10.2883;0.3837;0.1472
Nb2Na2N3,10.2008;0.2874;0.0826
Nb2Ge2Al3,11.3328;0.3777;0.1427
Nb2Br2N3,12.5514;0.2884;0.0832
Tl2Cl2N3,14.6203;0.3103;0.0963
Tl2C2Mg3,12.9169;0.5705;0.3255
Tl2Mg2C3,12.4815;0.6383;0.4074
Tl2Br2N3,11.7978;0.3749;0.1405
Y2Cl2N3,12.9217;0.3664;0.1343
Y2C2Pd3,10.4222;0.4963;0.2463
Y2C2Mg3,9.5408;0.4979;0.2479
Y2Pd2Ni3,14.4548;0.2476;0.0613
Y2Pd2C3,10.6066;0.5028;0.2528
Y2Mg2C3,10.1741;0.5379;0.2894
Y2Th2C3,10.5988;0.2787;0.0777
Y2Br2N3,10.4791;0.4017;0.1614
Hf2Cl2Pb3,9.5847;0.475;0.2256
Hf2Cl2F3,9.531;0.5149;0.2651
Hf2Cl2V3,9.9124;0.4759;0.2265
Hf2Cl2Re3,9.6419;0.4801;0.2305
Hf2Cl2N3,20.7053;0.2289;0.0524
Hf2Cl2Li3,10.6783;0.547;0.2992
Hf2Cl2P3,9.9069;0.4874;0.2375
Hf2Cl2Ta3,10.5958;0.4433;0.1965
Hf2Cl2H3,9.6471;0.5038;0.2538
Hf2Cl2D3,10.3504;0.5257;0.2764
Hf2Cl2Tc3,10.0306;0.4389;0.1926
Hf2C2Mg3,14.0439;0.5687;0.3234
Hf2Zr2N3,9.7293;0.3466;0.1201
Hf2Mg2B3,10.7008;0.6452;0.4162
Hf2Mg2C3,13.6383;0.6212;0.3859
Hf2Mg2Li3,10.5091;0.7104;0.5046
Hf2Li2N3,14.675;0.4665;0.2177
Hf2Li2Cl3,10.3531;0.5128;0.263
Hf2Li2Br3,10.3579;0.5074;0.2574
Hf2Na2N3,9.7138;0.3474;0.1207
Hf2Br2N3,15.2606;0.3617;0.1308
Hf2Br2Li3,9.9976;0.5123;0.2625
Cl2Sm2N3,14.6181;0.3075;0.0945
Cl2Ni2N3,13.8883;0.3233;0.1046
Cl2Tb2N3,14.566;0.308;0.0949
Cl2Ce2N3,11.4522;0.3809;0.1451
Cl2B2N3,12.5641;0.4293;0.1843
Cl2B2Mg3,10.2905;0.5294;0.2802
Cl2C2N3,11.6618;0.3549;0.126
Cl2C2Mg3,13.2204;0.4999;0.2499
Cl2Gd2N3,14.5877;0.3073;0.0945
Cl2In2N3,13.5351;0.3324;0.1105
Cl2Pd2N3,13.586;0.3116;0.0971
Cl2Zr2N3,14.0252;0.1442;0.0208
Cl2Mn2N3,14.4523;0.3097;0.0959
Cl2Ho2N3,14.6002;0.3086;0.0952
Cl2Se2N3,14.1277;0.3288;0.1081
Cl2Ti2N3,15.3559;0.2317;0.0537
Cl2Hg2N3,14.6193;0.3072;0.0943
Cl2Eu2N3,14.6185;0.3083;0.095
Cl2Rb2Ba3,10.3594;0.4533;0.2055
Cl2Rb2N3,14.8647;0.2711;0.0735
Cl2Pr2N3,14.0538;0.341;0.1163
Cl2Mg2N3,14.0068;0.5048;0.2548
Cl2Mg2B3,12.075;0.5838;0.3408
Cl2Mg2C3,12.9499;0.5469;0.2991
Cl2Mg2Ti3,9.8718;0.7189;0.5168
Cl2Mg2Li3,11.3987;0.5808;0.3373
Cl2Sb2N3,14.0663;0.3276;0.1073
Cl2Er2N3,14.577;0.3097;0.0959
Cl2Rh2N3,13.5411;0.3315;0.1099
Cl2Au2N3,13.8884;0.3367;0.1134
Cl2Zn2N3,14.4849;0.3204;0.1027
Cl2Li2N3,15.0229;0.2803;0.0786
Cl2Li2Hf3,10.8383;0.5462;0.2983
Cl2Li2Mg3,10.1979;0.6081;0.3698
Cl2Np2N3,14.6194;0.308;0.0949
Cl2Si2N3,14.2668;0.32;0.1024
Cl2P2N3,14.6035;0.312;0.0973
Cl2P2Hf3,10.298;0.484;0.2343
Cl2Ta2N3,14.7034;0.2888;0.0834
Cl2Ta2Hf3,9.9113;0.498;0.2481
Cl2Na2N3,14.4174;0.2576;0.0664
Cl2H2N3,13.9327;0.3359;0.1128
Cl2H2Hf3,9.8639;0.509;0.2591
Cl2Pt2N3,14.2714;0.3123;0.0975
Cl2Ge2N3,13.5631;0.3482;0.1213
Cl2Pa2N3,14.6186;0.3077;0.0947
Cl2Te2N3,13.0651;0.3059;0.0935
Cl2Ir2N3,12.0979;0.3658;0.1338
Cl2Yb2N3,14.615;0.3087;0.0953
Cl2T2N3,14.623;0.3071;0.0943
Cl2U2N3,11.252;0.4701;0.221
Cl2Th2N3,14.0068;0.3289;0.1082
Cl2Lu2N3,14.5077;0.3186;0.1015
Cl2Ag2N3,10.9613;0.3835;0.1471
Cl2Cd2N3,14.6081;0.3051;0.0931
Cl2Br2N3,14.6426;0.3102;0.0962
Cl2I2N3,14.5939;0.3128;0.0979
Cl2Dy2N3,14.6011;0.3093;0.0957
Cl2Sc2N3,14.617;0.3052;0.0931
Cl2Cr2N3,12.7689;0.4035;0.1628
Cl2D2N3,14.5905;0.3092;0.0956
Cl2D2Hf3,10.4689;0.5239;0.2745
Cl2Cs2N3,14.524;0.31;0.0961
Cl2Tc2N3,14.6229;0.308;0.0949
Cl2Pu2N3,14.4932;0.3197;0.1022
Cl2Am2N3,14.6186;0.3077;0.0947
Cl2Cm2N3,14.6186;0.3077;0.0947
Cl2Po2N3,14.6186;0.3077;0.0947
Sm2C2Mg3,13.91;0.5731;0.3284
Sm2Mg2B3,10.0612;0.6882;0.4736
Sm2Mg2C3,13.4177;0.6346;0.4027
Sm2Br2N3,11.767;0.3802;0.1446
Ni2C2Nb3,11.9217;0.3181;0.1012
Ni2C2Mg3,13.7752;0.5614;0.3152
Ni2Mg2B3,9.7478;0.6447;0.4157
Ni2Mg2C3,13.4452;0.5944;0.3533
Ni2Mg2Li3,9.4262;0.6224;0.3874
Ni2Br2N3,10.7522;0.3823;0.1462
Tb2C2Mg3,11.3309;0.5682;0.3228
Tb2Mg2B3,9.699;0.6911;0.4777
Tb2Mg2C3,11.3753;0.616;0.3794
Tb2Br2N3,11.667;0.3841;0.1475
Ce2C2Mg3,9.7091;0.5541;0.3071
Ce2Mg2C3,9.7725;0.6391;0.4084
B2C2Mg3,18.614;0.4892;0.2393
B2Mn2Mg3,12.7727;0.7144;0.5103
B2Ti2Mg3,9.7545;0.6657;0.4431
B2Mg2Cl3,10.0043;0.5931;0.3517
B2Mg2C3,17.0163;0.5751;0.3308
B2Mg2Zr3,9.9812;0.6787;0.4606
B2Mg2Mn3,11.1146;0.7025;0.4934
B2Mg2Ti3,10.3109;0.725;0.5256
B2Mg2Li3,11.9821;0.6445;0.4153
B2Mg2Na3,9.7319;0.708;0.5013
B2Mg2Br3,9.9216;0.6602;0.4358
B2Mg2D3,9.7561;0.6288;0.3954
B2Mg2Tc3,10.3692;0.5554;0.3084
B2Li2Mg3,11.9829;0.623;0.3881
B2Br2Mg3,9.6982;0.5752;0.3308
B2D2Mg3,9.4705;0.5414;0.2931
C2Gd2Mg3,11.8117;0.542;0.2938
C2In2Mg3,13.0579;0.5361;0.2874
C2Pd2Y3,9.6435;0.5256;0.2763
C2Pd2Mg3,12.4241;0.5993;0.3592
C2Zr2Mg3,13.4108;0.6876;0.4728
C2Mn2Mg3,14.5624;0.696;0.4844
C2Ho2Mg3,14.0305;0.5739;0.3294
C2Se2Mg3,13.9706;0.5762;0.332
C2Ti2N3,9.8393;0.3318;0.1101
C2Ti2Mg3,14.8592;0.6272;0.3934
C2Hg2Mg3,13.0268;0.5992;0.359
C2Eu2Mg3,13.9752;0.5789;0.3351
C2Rb2Mg3,11.5223;0.5416;0.2934
C2Pr2Mg3,13.42;0.5555;0.3086
C2Mg2Ba3,12.9129;0.6151;0.3783
C2Mg2K3,10.4954;0.5929;0.3516
C2Mg2Fe3,13.1652;0.6805;0.4631
C2Mg2As3,13.4251;0.6212;0.3859
C2Mg2Ca3,13.7644;0.6118;0.3743
C2Mg2La3,11.206;0.6481;0.4201
C2Mg2Cu3,11.0425;0.6135;0.3764
C2Mg2O3,13.6924;0.6096;0.3717
C2Mg2Mo3,12.4102;0.5516;0.3043
C2Mg2Ru3,12.6124;0.6199;0.3843
C2Mg2Tm3,13.5657;0.6151;0.3783
C2Mg2Os3,13.0683;0.6534;0.4269
C2Mg2Sn3,13.854;0.595;0.354
C2Mg2Nd3,13.4666;0.63;0.3969
C2Mg2Bi3,11.7198;0.6219;0.3868
C2Mg2Pb3,13.1848;0.5567;0.3099
C2Mg2S3,13.9236;0.6103;0.3724
C2Mg2F3,13.2728;0.5955;0.3546
C2Mg2V3,12.0222;0.6164;0.38
C2Mg2Ga3,10.8539;0.7001;0.4901
C2Mg2Sr3,13.7906;0.6194;0.3836
C2Mg2Co3,12.7905;0.655;0.4291
C2Mg2Re3,13.8005;0.5986;0.3583
C2Mg2W3,13.7929;0.6133;0.3761
C2Mg2N3,13.7656;0.5174;0.2677
C2Mg2Be3,13.7252;0.6104;0.3726
C2Mg2Nb3,13.5766;0.5751;0.3307
C2Mg2Tl3,12.9024;0.6042;0.365
C2Mg2Y3,9.9975;0.5267;0.2774
C2Mg2Hf3,13.9041;0.6097;0.3717
C2Mg2Cl3,12.7844;0.5446;0.2965
C2Mg2Sm3,13.7389;0.6133;0.3762
C2Mg2Ni3,13.4903;0.594;0.3529
C2Mg2Tb3,11.5029;0.6079;0.3696
C2Mg2Ce3,9.7329;0.643;0.4134
C2Mg2B3,19.4698;0.5534;0.3063
C2Mg2Gd3,11.9253;0.5543;0.3072
C2Mg2In3,12.8646;0.5748;0.3304
C2Mg2Pd3,12.3618;0.67;0.4489
C2Mg2Zr3,13.6399;0.7025;0.4935
C2Mg2Mn3,13.5642;0.7043;0.496
C2Mg2Ho3,13.9281;0.6169;0.3806
C2Mg2Se3,13.8235;0.6172;0.3809
C2Mg2Ti3,13.8171;0.6966;0.4852
C2Mg2Hg3,12.1857;0.6243;0.3897
C2Mg2Eu3,13.824;0.6153;0.3786
C2Mg2Rb3,11.7634;0.6105;0.3727
C2Mg2Pr3,13.2846;0.6084;0.3701
C2Mg2Sb3,13.228;0.6475;0.4193
C2Mg2Er3,13.6497;0.6367;0.4054
C2Mg2Rh3,10.9825;0.5631;0.3171
C2Mg2Au3,12.0577;0.6032;0.3638
C2Mg2Zn3,11.8614;0.6108;0.373
C2Mg2Li3,14.1581;0.6826;0.466
C2Mg2Np3,13.8291;0.6146;0.3777
C2Mg2Si3,10.5606;0.5559;0.3091
C2Mg2P3,13.7402;0.615;0.3782
C2Mg2Ta3,14.2686;0.6039;0.3646
C2Mg2Na3,14.6446;0.6606;0.4364
C2Mg2H3,14.1476;0.572;0.3271
C2Mg2Pt3,12.7477;0.6077;0.3694
C2Mg2Ge3,13.7217;0.6206;0.3852
C2Mg2Pa3,13.8299;0.6147;0.3778
C2Mg2Te3,12.3805;0.575;0.3306
C2Mg2Ir3,11.6933;0.5692;0.324
C2Mg2Yb3,13.9418;0.6081;0.3698
C2Mg2T3,13.8361;0.615;0.3783
C2Mg2U3,9.6277;0.6155;0.3788
C2Mg2Th3,13.4464;0.6252;0.3909
C2Mg2Lu3,13.2307;0.5871;0.3447
C2Mg2Ag3,12.3426;0.6126;0.3752
C2Mg2Cd3,12.751;0.6291;0.3958
C2Mg2Br3,13.9945;0.5918;0.3503
C2Mg2I3,13.9238;0.622;0.3869
C2Mg2Dy3,12.5419;0.6228;0.3879
C2Mg2Sc3,12.7921;0.587;0.3446
C2Mg2Cr3,9.704;0.6097;0.3718
C2Mg2D3,14.0677;0.6166;0.3802
C2Mg2Cs3,11.4881;0.6099;0.372
C2Mg2Tc3,14.1751;0.5986;0.3583
C2Mg2Pu3,13.787;0.6219;0.3867
C2Mg2Am3,13.8253;0.615;0.3782
C2Mg2Cm3,13.8252;0.615;0.3782
C2Mg2Po3,13.8252;0.615;0.3782
C2Sb2Mg3,13.3456;0.6099;0.3719
C2Er2Mg3,13.775;0.5994;0.3593
C2Rh2Mg3,10.9304;0.5698;0.3247
C2Au2Mg3,12.7527;0.5718;0.3269
C2Zn2Mg3,12.0423;0.5789;0.3352
C2Li2N3,10.1407;0.3276;0.1073
C2Li2Mg3,14.619;0.6465;0.418
C2Np2Mg3,13.9805;0.5768;0.3327
C2Si2Mg3,12.2495;0.5758;0.3315
C2P2Mg3,13.9484;0.5821;0.3389
C2Ta2N3,10.5949;0.1575;0.0248
C2Ta2Mg3,14.2315;0.5682;0.3229
C2Na2N3,10.4504;0.2625;0.0689
C2Na2Mg3,14.2766;0.6064;0.3677
C2H2Mg3,14.3798;0.5442;0.2961
C2Pt2Mg3,12.9424;0.5529;0.3057
C2Ge2Mg3,13.7599;0.5788;0.335
C2Pa2Mg3,13.977;0.5776;0.3336
C2Te2Mg3,12.4253;0.541;0.2927
C2Ir2Mg3,12.0461;0.57;0.3249
C2Yb2Mg3,14.0703;0.5725;0.3277
C2T2Mg3,13.9869;0.5766;0.3324
C2Th2Mg3,14.0481;0.577;0.3329
C2Lu2Mg3,12.9292;0.5749;0.3305
C2Ag2Mg3,12.432;0.5926;0.3512
C2Cd2Mg3,13.9299;0.5763;0.3322
C2Br2N3,10.587;0.2689;0.0723
C2Br2Mg3,14.0412;0.5465;0.2987
C2I2Mg3,14.1165;0.5732;0.3286
C2Dy2Mg3,12.5651;0.5751;0.3307
C2Sc2Mg3,13.7782;0.5659;0.3202
C2Cr2Mg3,10.8999;0.6163;0.3799
C2D2Mg3,14.2114;0.576;0.3318
C2Cs2Mg3,11.3393;0.5614;0.3151
C2Tc2Mg3,14.0954;0.5657;0.3201
C2Pu2Mg3,13.9256;0.5837;0.3407
C2Am2Mg3,13.977;0.5776;0.3336
C2Cm2Mg3,13.977;0.5776;0.3336
C2Po2Mg3,13.977;0.5776;0.3336
Gd2Mg2B3,9.8157;0.6814;0.4643
Gd2Mg2C3,11.7487;0.5738;0.3293
Gd2Br2N3,11.6924;0.385;0.1482
In2Mg2C3,12.5429;0.5951;0.3542
In2Br2N3,10.5939;0.3512;0.1234
Pd2Mg2B3,10.4499;0.6545;0.4284
Pd2Mg2C3,12.4054;0.6623;0.4386
Pd2Br2N3,10.7004;0.3864;0.1493
Zr2Mg2N3,9.9002;0.5896;0.3477
Zr2Mg2B3,11.8743;0.7065;0.4992
Zr2Mg2C3,13.3459;0.7189;0.5168
Zr2Mg2Li3,10.4234;0.698;0.4872
Zr2Li2N3,10.4159;0.2428;0.059
Zr2Na2N3,9.777;0.2576;0.0664
Zr2Br2N3,12.7218;0.2088;0.0436
Mn2Mg2B3,13.2795;0.7204;0.519
Mn2Mg2C3,13.3571;0.7211;0.52
Mn2Mg2Li3,10.0252;0.7367;0.5427
Mn2Li2Mg3,10.1172;0.7577;0.5742
Mn2Br2N3,11.3711;0.3938;0.1551
Ho2Mg2B3,10.2503;0.6553;0.4295
Ho2Mg2C3,13.6548;0.6334;0.4011
Ho2Br2N3,11.6923;0.383;0.1467
Se2Mg2B3,10.4754;0.6618;0.438
Se2Mg2C3,13.5106;0.638;0.407
Se2Br2N3,10.9202;0.4005;0.1604
Ti2Mg2Cl3,9.4894;0.7311;0.5345
Ti2Mg2B3,12.4122;0.7778;0.605
Ti2Mg2C3,14.687;0.6853;0.4696
Ti2Mg2Li3,10.486;0.6943;0.4821
Ti2Mg2Tc3,9.4009;0.6555;0.4297
Ti2Li2O3,10.4297;0.0927;0.0086
Ti2Li2N3,10.4075;0.3467;0.1202
Ti2Li2Mg3,10.0443;0.6459;0.4172
Ti2Br2N3,13.3406;0.2907;0.0845
Hg2Mg2C3,12.8225;0.6814;0.4643
Hg2Br2N3,11.7796;0.3804;0.1447
Eu2Mg2B3,10.2721;0.6718;0.4513
Eu2Mg2C3,13.515;0.6366;0.4052
Eu2Br2N3,11.7698;0.3803;0.1446
Rb2Mg2B3,10.7458;0.639;0.4083
Rb2Mg2C3,11.5484;0.6191;0.3833
Rb2Mg2Li3,9.4307;0.6414;0.4114
Rb2Br2Ba3,10.014;0.4854;0.2356
Rb2Br2N3,12.9391;0.3147;0.0991
Rb2Br2Cs3,9.5673;0.4494;0.202
Rb2Cs2Ba3,10.0407;0.5566;0.3099
Rb2Cs2Br3,9.6369;0.4484;0.2011
Pr2Mg2B3,10.1548;0.6523;0.4256
Pr2Mg2C3,12.9801;0.6282;0.3946
Pr2Br2N3,10.8665;0.4202;0.1766
Mg2Sb2B3,9.9435;0.6477;0.4195
Mg2Sb2C3,12.9349;0.6632;0.4398
Mg2Er2B3,10.054;0.6642;0.4411
Mg2Er2C3,13.3738;0.6469;0.4185
Mg2Rh2C3,10.5575;0.5702;0.3251
Mg2Au2C3,12.3782;0.5917;0.3502
Mg2Zn2C3,11.7314;0.6253;0.391
Mg2Li2O3,9.5957;0.6253;0.391
Mg2Li2Sn3,9.4433;0.656;0.4303
Mg2Li2Pb3,10.4223;0.5886;0.3465
Mg2Li2Re3,9.7096;0.6612;0.4372
Mg2Li2N3,12.3825;0.6093;0.3713
Mg2Li2Hf3,10.5962;0.713;0.5084
Mg2Li2Cl3,11.2143;0.5844;0.3416
Mg2Li2Ni3,9.6028;0.6119;0.3744
Mg2Li2B3,12.8537;0.7117;0.5066
Mg2Li2C3,14.0179;0.6857;0.4701
Mg2Li2Pd3,9.5756;0.6153;0.3786
Mg2Li2Zr3,10.5227;0.6975;0.4865
Mg2Li2Mn3,10.1756;0.7383;0.5451
Mg2Li2Ti3,10.2943;0.6976;0.4866
Mg2Li2Rb3,9.5697;0.6484;0.4204
Mg2Li2Na3,10.097;0.695;0.4831
Mg2Li2Br3,11.4465;0.6873;0.4724
Mg2Li2D3,10.1921;0.6409;0.4107
Mg2Li2Tc3,10.5942;0.6448;0.4158
Mg2Np2B3,10.4836;0.6648;0.442
Mg2Np2C3,13.5175;0.6366;0.4052
Mg2Si2C3,11.292;0.5913;0.3496
Mg2P2B3,10.5284;0.6507;0.4235
Mg2P2C3,13.4806;0.6355;0.4039
Mg2Ta2B3,10.2628;0.6584;0.4335
Mg2Ta2C3,14.228;0.6101;0.3722
Mg2Na2B3,12.0347;0.7401;0.5477
Mg2Na2C3,14.284;0.6793;0.4614
Mg2Na2Li3,9.9254;0.6895;0.4755
Mg2H2B3,10.8711;0.6617;0.4379
Mg2H2C3,14.4549;0.595;0.3541
Mg2Pt2C3,12.5046;0.6202;0.3846
Mg2Ge2B3,10.0094;0.6621;0.4384
Mg2Ge2C3,13.6685;0.627;0.3932
Mg2Pa2B3,10.4723;0.6656;0.4431
Mg2Pa2C3,13.5167;0.6367;0.4054
Mg2Te2C3,12.0666;0.6046;0.3656
Mg2Ir2C3,11.4774;0.5851;0.3423
Mg2Yb2B3,10.1162;0.6801;0.4626
Mg2Yb2C3,13.7843;0.6259;0.3918
Mg2T2B3,10.5182;0.6634;0.4401
Mg2T2C3,13.5214;0.6367;0.4054
Mg2U2C3,9.5529;0.6203;0.3848
Mg2Th2B3,10.4108;0.6622;0.4385
Mg2Th2C3,14.0106;0.6305;0.3976
Mg2Lu2B3,10.8451;0.6214;0.3861
Mg2Lu2C3,13.1007;0.6005;0.3606
Mg2Ag2C3,12.1217;0.6267;0.3927
Mg2Cd2B3,10.3939;0.6711;0.4503
Mg2Cd2C3,13.4897;0.6333;0.4011
Mg2Br2N3,10.3973;0.5257;0.2764
Mg2Br2B3,11.9248;0.6977;0.4868
Mg2Br2C3,13.6178;0.6117;0.3742
Mg2Br2Li3,11.2691;0.6913;0.4779
Mg2I2B3,10.4688;0.6647;0.4418
Mg2I2C3,13.5928;0.6316;0.3989
Mg2Dy2B3,10.0125;0.6574;0.4322
Mg2Dy2C3,12.3121;0.6291;0.3958
Mg2Sc2C3,12.6501;0.6057;0.3668
Mg2Cr2C3,10.0097;0.6167;0.3803
Mg2D2B3,11.5476;0.6514;0.4244
Mg2D2C3,13.6959;0.6313;0.3985
Mg2D2Li3,9.952;0.6611;0.437
Mg2Cs2B3,10.361;0.6501;0.4227
Mg2Cs2C3,11.2938;0.6318;0.3992
Mg2Tc2B3,10.5141;0.6661;0.4437
Mg2Tc2C3,13.8282;0.6208;0.3854
Mg2Pu2B3,10.357;0.6506;0.4233
Mg2Pu2C3,13.4887;0.6425;0.4129
Mg2Am2B3,10.4723;0.6656;0.443
Mg2Am2C3,13.5167;0.6367;0.4054
Mg2Cm2B3,10.4723;0.6656;0.4431
Mg2Cm2C3,13.5167;0.6367;0.4054
Mg2Po2B3,10.4723;0.6656;0.4431
Mg2Po2C3,13.5167;0.6367;0.4054
Sb2Br2N3,11.0785;0.3795;0.144
Er2Br2N3,11.5885;0.3782;0.143
Rh2Br2N3,10.7755;0.4018;0.1614
Au2Br2N3,10.7778;0.3862;0.1492
Zn2Br2N3,11.3488;0.3945;0.1557
Li2Na2N3,9.7324;0.3301;0.109
Li2Br2N3,15.5035;0.3169;0.1004
Li2Br2Hf3,10.1406;0.5072;0.2572
Li2Br2Mg3,9.8963;0.6499;0.4224
Np2Br2N3,11.7767;0.3828;0.1465
Si2Br2N3,11.4135;0.3881;0.1506
P2Br2N3,11.6626;0.375;0.1406
Ta2Br2N3,12.1532;0.3461;0.1198
Na2Br2N3,13.13;0.3215;0.1033
H2Br2N3,10.8218;0.3996;0.1597
Pt2Br2N3,11.602;0.3696;0.1366
Ge2Br2N3,10.4592;0.4237;0.1796
Pa2Br2N3,11.7748;0.381;0.1451
Te2Br2N3,9.7841;0.4078;0.1663
Yb2Br2N3,11.7605;0.3832;0.1468
T2Br2N3,11.7917;0.3786;0.1434
Th2Br2N3,11.0947;0.3964;0.1572
Lu2Br2N3,11.4249;0.3734;0.1394
Cd2Br2N3,11.7366;0.373;0.1391
Br2I2N3,11.7515;0.3737;0.1397
Br2Dy2N3,11.7144;0.3795;0.144
Br2Sc2N3,11.7602;0.3764;0.1417
Br2D2N3,11.7398;0.3796;0.1441
Br2Cs2N3,11.5868;0.3857;0.1487
Br2Cs2Rb3,9.5771;0.4493;0.2019
Br2Tc2N3,11.7886;0.3818;0.1458
Br2Pu2N3,11.3892;0.3898;0.152
Br2Am2N3,11.7748;0.381;0.1451
Br2Cm2N3,11.7748;0.381;0.1451
Br2Po2N3,11.7748;0.381;0.1451

1298 of 317985 appear to be promising

hp_tune_min_nc_normal:

{'ccp_alpha': 0.0, 'criterion': 'squared_error', 'max_depth': None, 'max_leaf_nodes': None, 'max_samples': None, 'min_impurity_decrease': 0.0, 'min_samples_leaf': 1, 'min_samples_split': 2, 'min_weight_fraction_leaf': 0.0, 'n_estimators': 400, 'n_jobs': None, 'oob_score': False, 'random_state': None, 'verbose': 0, 'warm_start': False, 'max_features': 'sqrt', 'bootstrap': False}

Ba2K2O3,10.9353;0.5723;0.3275
Ba2O2F3,10.4798;0.6208;0.3854
Ba2F2O3,12.6925;0.7404;0.5481
Ba2N2Cl3,11.6641;0.4018;0.1614
Ba2Cl2N3,11.9365;0.438;0.1918
K2O2S3,9.8219;0.4769;0.2274
K2O2Se3,11.4958;0.6212;0.3859
K2O2P3,10.3642;0.5274;0.2781
K2O2Br3,10.4508;0.5118;0.2619
K2O2I3,9.7886;0.5405;0.2922
K2Sn2O3,10.6368;0.5509;0.3035
K2Bi2O3,13.5503;0.5378;0.2892
K2Bi2F3,10.2073;0.5147;0.2649
K2Bi2N3,9.9706;0.5097;0.2598
K2Pb2O3,10.725;0.5507;0.3033
K2N2Cl3,11.3612;0.3547;0.1258
K2N2Br3,10.1812;0.4366;0.1906
K2Tl2O3,10.3928;0.5392;0.2907
K2Cl2N3,11.1724;0.3829;0.1466
K2In2O3,10.2928;0.5048;0.2548
K2Se2O3,11.1864;0.5325;0.2835
K2Se2N3,9.88;0.4026;0.1621
K2Hg2O3,10.857;0.5577;0.311
K2Sb2O3,9.4916;0.5172;0.2675
K2P2O3,10.1705;0.4702;0.2211
K2Te2O3,11.5686;0.544;0.2959
K2Br2O3,9.8915;0.4844;0.2347
K2Br2N3,10.1631;0.3727;0.1389
K2I2O3,11.253;0.5263;0.277
K2I2N3,10.9333;0.4366;0.1906
K2Po2O3,10.1401;0.5174;0.2677
As2Tm2N3,10.1283;0.4411;0.1946
As2Nd2N3,10.0916;0.3912;0.1531
As2Y2N3,10.1783;0.344;0.1183
As2Hf2N3,9.6268;0.4718;0.2226
As2Sm2N3,10.5632;0.3785;0.1433
As2Tb2N3,10.11;0.3814;0.1454
As2Gd2N3,10.3285;0.3904;0.1524
As2Ho2N3,10.2843;0.4326;0.1871
As2Eu2N3,9.8909;0.3994;0.1595
As2Pr2N3,9.7845;0.3868;0.1496
As2Er2N3,10.1799;0.4429;0.1961
As2Yb2N3,9.7786;0.3971;0.1577
As2Dy2N3,10.2396;0.4086;0.1669
Ca2N2Cl3,10.4317;0.3389;0.1149
Ca2Cl2N3,9.7027;0.4005;0.1604
Ca2I2N3,10.0666;0.3112;0.0969
La2N2Cl3,10.4163;0.3927;0.1542
La2Cl2N3,11.1074;0.4071;0.1657
O2Bi2K3,10.2699;0.6069;0.3683
O2S2Li3,10.0201;0.3739;0.1398
O2Al2Li3,10.6242;0.4343;0.1886
O2N2Sr3,9.7805;0.3605;0.13
O2N2Eu3,9.6136;0.4126;0.1702
O2N2Mg3,9.8204;0.4964;0.2465
O2N2Yb3,10.2848;0.4164;0.1734
O2Be2Mg3,11.6476;0.5067;0.2567
O2Cl2Li3,9.8989;0.4181;0.1748
O2B2Mg3,13.6272;0.6641;0.4411
O2B2Na3,9.9744;0.5311;0.2821
O2C2Mg3,12.0895;0.528;0.2788
O2C2Na3,9.8936;0.5094;0.2594
O2Rb2P3,9.6829;0.438;0.1919
O2Mg2F3,9.6421;0.5592;0.3127
O2Mg2N3,11.0792;0.569;0.3237
O2Mg2Be3,10.9551;0.4596;0.2113
O2Mg2B3,13.2979;0.6622;0.4385
O2Mg2C3,13.9511;0.6161;0.3795
O2Mg2Li3,11.8165;0.5649;0.3191
O2Mg2H3,11.6235;0.6251;0.3908
O2Li2Mg3,12.0599;0.5615;0.3153
O2Si2Li3,10.6766;0.4915;0.2416
O2P2Li3,10.102;0.446;0.199
O2Na2B3,9.6819;0.5777;0.3337
O2H2Mg3,12.3448;0.53;0.2808
O2Cs2N3,10.6069;0.3615;0.1307
Tm2Ga2N3,10.0885;0.4811;0.2314
Tm2N2Cl3,10.5604;0.4158;0.1729
Tm2Cl2N3,10.0505;0.4028;0.1622
Tm2Ge2N3,10.0612;0.4317;0.1864
Os2Mg2N3,9.6051;0.4702;0.2211
Sn2Al2Nb3,10.0667;0.396;0.1568
Sn2Hf2N3,9.632;0.4349;0.1891
Sn2Zr2N3,10.8215;0.3464;0.12
Sn2Ti2N3,9.6491;0.3964;0.1571
Sn2Mg2N3,9.7315;0.4566;0.2085
Sn2Ta2Nb3,9.872;0.3323;0.1104
Sn2Sc2N3,10.0186;0.3531;0.1246
Nd2Ga2N3,9.9713;0.4228;0.1788
Nd2N2Cl3,10.1827;0.4107;0.1687
Nd2Cl2N3,11.2458;0.4353;0.1895
Nd2Si2N3,9.9625;0.4047;0.1638
Nd2Ge2N3,9.884;0.398;0.1584
Bi2N2Li3,10.388;0.4486;0.2012
Bi2Mg2N3,9.7884;0.4755;0.2261
Bi2Li2N3,11.0643;0.4609;0.2124
Bi2Na2N3,10.4955;0.4213;0.1775
Pb2Li2N3,10.0154;0.4881;0.2383
Pb2Sc2N3,9.7706;0.3899;0.1521
S2N2Nb3,11.6283;0.3066;0.094
S2N2Zr3,10.9396;0.3875;0.1501
S2N2Mg3,10.3001;0.4403;0.1939
S2N2Li3,9.9568;0.4682;0.2192
S2B2Mg3,9.5171;0.5769;0.3329
S2B2Li3,10.6304;0.6235;0.3888
S2C2Li3,9.6751;0.618;0.3819
S2Rb2O3,9.9501;0.4888;0.2389
S2Mg2B3,10.1711;0.5473;0.2996
S2Mg2H3,11.5375;0.5108;0.2609
S2Li2B3,9.571;0.5558;0.3089
S2Cs2O3,9.6474;0.4867;0.2369
F2Al2Li3,10.3586;0.4783;0.2287
F2N2Sr3,10.2238;0.3173;0.1007
F2Be2Mg3,11.0673;0.5083;0.2583
F2B2Mg3,11.6003;0.6;0.36
F2B2Na3,10.6792;0.5637;0.3178
F2C2Mg3,9.8147;0.5588;0.3122
F2Rb2O3,9.6395;0.5708;0.3258
F2Mg2N3,10.1319;0.5424;0.2942
F2Mg2Be3,11.4198;0.5381;0.2896
F2Mg2B3,14.1178;0.6556;0.4298
F2Mg2C3,13.5276;0.6203;0.3848
F2Mg2Li3,12.8096;0.5345;0.2857
F2Mg2H3,11.8035;0.6112;0.3736
F2Li2Mg3,13.1156;0.5448;0.2969
F2Si2Li3,11.0095;0.5584;0.3118
F2Na2Li3,9.528;0.4974;0.2474
F2H2Mg3,12.1003;0.5066;0.2566
Ga2Y2N3,9.7673;0.4083;0.1667
Ga2Hf2N3,10.9904;0.4742;0.2248
Ga2Tb2N3,10.116;0.4424;0.1957
Ga2Gd2N3,10.3048;0.4597;0.2113
Ga2Ho2N3,10.0963;0.4846;0.2348
Ga2Eu2N3,9.9825;0.4135;0.171
Ga2Rb2O3,9.9027;0.5379;0.2893
Ga2Rb2N3,9.7552;0.4586;0.2103
Ga2Er2N3,10.0902;0.4701;0.221
Ga2Yb2N3,10.1922;0.4676;0.2187
Ga2Dy2N3,10.1286;0.474;0.2247
Al2N2Li3,9.5451;0.5437;0.2956
Al2Mg2B3,11.4887;0.5183;0.2686
Al2Mg2H3,12.004;0.5785;0.3347
Al2Li2O3,9.5476;0.4607;0.2122
Al2Li2N3,9.5979;0.4495;0.202
Al2H2Mg3,12.124;0.5424;0.2942
Sr2N2Cl3,11.7455;0.3153;0.0994
Sr2Cl2N3,11.6674;0.3686;0.1359
Sr2Se2N3,9.8741;0.3391;0.115
Sr2Br2N3,9.9169;0.3249;0.1056
Sr2I2N3,10.076;0.397;0.1576
N2Be2Mg3,11.966;0.556;0.3091
N2Hf2S3,11.2745;0.515;0.2653
N2Hf2Cl3,14.6582;0.476;0.2266
N2Hf2P3,11.4487;0.4893;0.2394
N2Cl2Ba3,9.9191;0.4064;0.1652
N2Cl2K3,9.9109;0.3635;0.1321
N2Cl2Ca3,11.3455;0.2922;0.0854
N2Cl2La3,10.0596;0.4215;0.1777
N2Cl2Mo3,10.4843;0.4257;0.1813
N2Cl2Tm3,11.8199;0.4517;0.204
N2Cl2Nd3,10.6918;0.4144;0.1717
N2Cl2V3,10.7505;0.3999;0.1599
N2Cl2Sr3,11.7853;0.3485;0.1215
N2Cl2Re3,9.6596;0.4346;0.1889
N2Cl2Nb3,14.6379;0.371;0.1376
N2Cl2Tl3,9.7091;0.4218;0.1779
N2Cl2Y3,12.3238;0.3725;0.1388
N2Cl2Hf3,16.6687;0.3699;0.1368
N2Cl2Sm3,10.1483;0.4209;0.1772
N2Cl2Tb3,11.5812;0.4357;0.1898
N2Cl2Ce3,10.1149;0.4262;0.1816
N2Cl2Gd3,11.4493;0.426;0.1815
N2Cl2Zr3,15.9028;0.2757;0.076
N2Cl2Ho3,11.7791;0.4387;0.1925
N2Cl2Ti3,9.8692;0.4378;0.1916
N2Cl2Eu3,10.6335;0.4243;0.1801
N2Cl2Rb3,10.5673;0.3831;0.1467
N2Cl2Pr3,10.3761;0.4285;0.1836
N2Cl2Mg3,12.5757;0.4782;0.2287
N2Cl2Er3,11.8095;0.4353;0.1895
N2Cl2Li3,11.0218;0.4495;0.2021
N2Cl2Ta3,12.6182;0.4074;0.166
N2Cl2Na3,11.5939;0.3109;0.0966
N2Cl2Yb3,11.5862;0.4194;0.1759
N2Cl2Lu3,11.0628;0.4809;0.2312
N2Cl2Cd3,10.7835;0.4106;0.1686
N2Cl2Dy3,11.6275;0.4355;0.1897
N2Cl2Sc3,13.0638;0.3549;0.126
N2Cl2Tc3,10.0805;0.443;0.1963
N2Sm2Cl3,9.8041;0.3901;0.1522
N2Tb2Cl3,10.587;0.4339;0.1882
N2Ce2Cl3,10.1974;0.4193;0.1758
N2B2Mg3,14.8401;0.5879;0.3457
N2C2Nb3,13.1612;0.3386;0.1147
N2C2Mg3,12.4584;0.5668;0.3213
N2C2Na3,9.616;0.4963;0.2463
N2C2H3,11.1833;0.499;0.249
N2C2Yb3,9.7596;0.3833;0.1469
N2Gd2Cl3,10.6581;0.4353;0.1895
N2Ho2Cl3,10.713;0.4476;0.2003
N2Se2Mg3,9.7033;0.4314;0.1861
N2Eu2Cl3,10.397;0.3978;0.1582
N2Rb2S3,10.03;0.3718;0.1383
N2Rb2Cl3,11.9022;0.3622;0.1312
N2Pr2Cl3,10.0499;0.4307;0.1855
N2Mg2O3,10.4318;0.5314;0.2823
N2Mg2Be3,11.5553;0.4745;0.2251
N2Mg2B3,13.3051;0.5838;0.3408
N2Mg2C3,13.3623;0.5454;0.2974
N2Mg2Li3,11.9882;0.4983;0.2483
N2Mg2H3,11.895;0.5603;0.314
N2Er2Cl3,10.5545;0.4197;0.1762
N2Li2Sn3,10.6682;0.4321;0.1867
N2Li2Bi3,10.9708;0.5189;0.2693
N2Li2Pb3,10.044;0.5393;0.2909
N2Li2In3,9.9276;0.4781;0.2286
N2Li2Hg3,9.653;0.4716;0.2224
N2Li2Mg3,12.371;0.6326;0.4001
N2Li2Sb3,10.7024;0.4301;0.185
N2Li2Te3,11.2311;0.4524;0.2047
N2Li2Br3,9.68;0.4173;0.1742
N2Li2I3,12.0703;0.4134;0.1709
N2Li2Po3,9.6035;0.4997;0.2497
N2Np2Cl3,10.0725;0.4171;0.174
N2P2Nb3,10.9148;0.3018;0.0911
N2P2Zr3,9.9212;0.3449;0.119
N2P2Mg3,10.0956;0.4393;0.193
N2P2Li3,9.6369;0.4691;0.22
N2Ta2Cl3,9.6286;0.4307;0.1855
N2Na2Cl3,10.0422;0.3606;0.1301
N2Na2Br3,10.1369;0.3921;0.1537
N2Na2I3,9.9695;0.3843;0.1477
N2H2C3,10.7444;0.632;0.3994
N2H2Mg3,11.7128;0.5407;0.2924
N2Pa2Cl3,11.1908;0.4391;0.1928
N2Yb2S3,9.926;0.3762;0.1415
N2Yb2Cl3,11.4405;0.4;0.16
N2U2Cl3,10.4925;0.4415;0.1949
N2Th2S3,9.7019;0.3862;0.1492
N2Th2Cl3,12.1157;0.4244;0.1801
N2Br2Nb3,11.0172;0.3564;0.1271
N2Br2Zr3,10.7842;0.4086;0.1669
N2Br2Mg3,11.0876;0.4044;0.1636
N2Br2Li3,9.6384;0.3868;0.1496
N2Br2Na3,9.7363;0.3275;0.1072
N2Br2Sc3,10.431;0.3916;0.1534
N2I2V3,10.3015;0.3494;0.1221
N2I2Mg3,10.2813;0.4401;0.1937
N2I2Li3,11.3032;0.3658;0.1338
N2Dy2Cl3,10.6942;0.4404;0.194
N2Cs2Cl3,11.2865;0.4377;0.1916
Be2B2Mg3,11.1617;0.535;0.2862
Be2B2Si3,10.056;0.5558;0.3089
Be2C2Mg3,15.4131;0.5234;0.274
Be2Mg2O3,11.9136;0.5542;0.3072
Be2Mg2F3,13.3884;0.5811;0.3377
Be2Mg2N3,12.0654;0.5579;0.3113
Be2Mg2B3,10.3024;0.4678;0.2189
Be2Mg2C3,14.0104;0.4897;0.2398
Be2Mg2H3,10.5972;0.6202;0.3846
Be2Li2S3,9.9495;0.6115;0.3739
Be2Li2P3,9.9915;0.5224;0.2729
Be2H2Mg3,10.9581;0.5619;0.3158
Nb2C2N3,9.8397;0.3682;0.1355
Nb2I2N3,9.7531;0.4099;0.168
Tl2Li2N3,9.6558;0.4786;0.2291
Y2Ge2N3,9.8194;0.3632;0.1319
Hf2Cl2N3,12.2084;0.6071;0.3686
Hf2Se2N3,10.874;0.5239;0.2744
Hf2Mg2N3,9.8226;0.4364;0.1904
Hf2Li2N3,11.3908;0.4679;0.2189
Hf2Na2N3,9.7923;0.4437;0.1969
Hf2Ge2N3,9.9282;0.4421;0.1955
Hf2Br2N3,10.4234;0.4628;0.2142
Hf2I2N3,10.4904;0.4694;0.2203
Cl2Sm2N3,9.8895;0.4087;0.167
Cl2Tb2N3,10.2177;0.4055;0.1645
Cl2Ce2N3,10.9002;0.4351;0.1893
Cl2B2Mg3,10.1688;0.4411;0.1946
Cl2B2Li3,10.5132;0.552;0.3047
Cl2C2Mg3,9.798;0.4964;0.2464
Cl2C2Li3,10.2054;0.5658;0.3201
Cl2Gd2N3,10.4799;0.408;0.1664
Cl2Ho2N3,10.3699;0.3893;0.1516
Cl2Eu2N3,10.9101;0.4322;0.1868
Cl2Rb2N3,11.7329;0.3598;0.1295
Cl2Pr2N3,11.2975;0.4491;0.2017
Cl2Mg2B3,10.1648;0.5266;0.2773
Cl2Mg2H3,11.8265;0.4863;0.2365
Cl2Er2N3,9.8033;0.3979;0.1584
Cl2Li2B3,9.584;0.5471;0.2993
Cl2Na2N3,10.0954;0.3268;0.1068
Cl2H2Mg3,9.8979;0.5458;0.2979
Cl2Pa2N3,11.0634;0.4343;0.1886
Cl2Yb2N3,10.5488;0.4289;0.184
Cl2Th2N3,12.7325;0.4714;0.2222
Cl2Dy2N3,10.4037;0.3951;0.1561
Cl2Cs2N3,11.7285;0.4069;0.1655
Sm2Si2N3,9.777;0.3798;0.1442
Sm2Ge2N3,9.799;0.4081;0.1665
Tb2Ge2N3,9.8589;0.419;0.1755
B2C2Mg3,17.1713;0.5453;0.2973
B2C2Na3,9.6448;0.5466;0.2988
B2Mg2O3,12.1222;0.6341;0.4021
B2Mg2F3,12.3257;0.6569;0.4315
B2Mg2N3,12.603;0.6503;0.4229
B2Mg2C3,14.7847;0.5843;0.3414
B2Mg2Li3,9.8434;0.5326;0.2837
B2Mg2H3,11.5551;0.6356;0.404
B2Li2Mg3,10.3144;0.5359;0.2872
B2Li2Si3,10.7033;0.6602;0.4358
B2Li2P3,9.903;0.5463;0.2985
B2P2Be3,9.7245;0.6109;0.3732
B2P2Mg3,9.496;0.5693;0.3242
B2P2Li3,10.7181;0.5556;0.3087
B2H2Mg3,13.4824;0.6169;0.3806
C2Mg2O3,12.9052;0.6049;0.3658
C2Mg2F3,10.4672;0.611;0.3733
C2Mg2N3,13.2401;0.5216;0.2721
C2Mg2Be3,15.4323;0.6206;0.3851
C2Mg2B3,16.4252;0.5524;0.3052
C2Mg2Li3,11.1958;0.5171;0.2674
C2Mg2H3,12.0776;0.5874;0.345
C2Li2Mg3,11.7491;0.5617;0.3155
C2P2Mg3,10.1763;0.5023;0.2523
C2P2Li3,10.688;0.6244;0.3898
C2H2N3,9.6746;0.5176;0.268
C2H2Mg3,12.0977;0.5833;0.3402
Gd2Ge2N3,10.006;0.4112;0.1691
In2Zr2N3,9.9034;0.3385;0.1146
Pd2Mg2N3,9.7609;0.4178;0.1746
Pd2Ag2H3,11.2912;0.3037;0.0922
Zr2Sb2N3,10.8772;0.3715;0.138
Zr2Ge2N3,9.9323;0.3671;0.1348
Zr2Te2N3,10.2119;0.381;0.1452
Zr2I2N3,10.5576;0.3997;0.1597
Ho2Ge2N3,10.1373;0.4205;0.1768
Se2Eu2N3,9.7215;0.4383;0.1921
Se2Rb2O3,10.9228;0.5093;0.2594
Se2Rb2N3,10.6751;0.4262;0.1817
Se2Yb2N3,10.4763;0.4236;0.1794
Ti2Li2O3,10.7173;0.0771;0.0059
Hg2Li2N3,9.6415;0.4193;0.1758
Rb2P2O3,10.7507;0.5192;0.2696
Rb2Br2O3,9.6676;0.5024;0.2524
Rb2Br2N3,10.6071;0.3982;0.1586
Pr2Si2N3,9.7803;0.3658;0.1338
Mg2Sb2N3,9.7424;0.4468;0.1996
Mg2Li2O3,14.1759;0.6137;0.3766
Mg2Li2F3,15.1746;0.5981;0.3577
Mg2Li2N3,13.0529;0.5685;0.3232
Mg2Li2B3,11.2092;0.5184;0.2687
Mg2Li2C3,13.3258;0.5748;0.3304
Mg2Li2H3,10.2364;0.5252;0.2758
Mg2Si2B3,12.4843;0.6268;0.3929
Mg2Si2H3,12.5254;0.5445;0.2965
Mg2P2B3,11.2627;0.5456;0.2977
Mg2P2H3,11.4482;0.524;0.2745
Mg2Na2F3,10.1415;0.5097;0.2598
Mg2Na2B3,10.0177;0.5532;0.3061
Mg2Na2Li3,10.1246;0.4186;0.1753
Mg2Na2H3,11.6666;0.5838;0.3408
Mg2H2O3,11.3631;0.6345;0.4025
Mg2H2F3,11.3864;0.5125;0.2626
Mg2H2Al3,9.6847;0.5009;0.2509
Mg2H2N3,11.7572;0.5581;0.3115
Mg2H2Be3,10.4368;0.6118;0.3742
Mg2H2B3,12.5333;0.6287;0.3953
Mg2H2C3,13.0281;0.5881;0.3459
Mg2H2Li3,11.5855;0.5103;0.2604
Mg2H2Na3,10.764;0.5992;0.3591
Mg2Pt2N3,9.8899;0.444;0.1971
Mg2Te2N3,9.7899;0.4346;0.1889
Mg2I2N3,10.1948;0.4119;0.1696
Sb2Sc2N3,10.2772;0.3609;0.1302
Er2Ge2N3,10.0545;0.4385;0.1923
Li2Np2N3,10.0567;0.4575;0.2093
Li2Si2B3,10.6206;0.6428;0.4132
Li2P2B3,10.8926;0.5867;0.3443
Li2Na2O3,10.1307;0.4282;0.1834
Li2Na2F3,10.6254;0.4936;0.2436
Li2H2Mg3,11.9467;0.5346;0.2858
Li2U2N3,9.5436;0.4697;0.2206
Li2Th2N3,9.7895;0.389;0.1514
Li2I2N3,9.8518;0.3736;0.1396
Li2Po2N3,10.3023;0.4702;0.221
Si2H2Mg3,9.7401;0.5051;0.2551
P2H2Mg3,9.7373;0.5317;0.2827
P2Cs2O3,10.4293;0.5148;0.2651
Na2H2Mg3,11.4914;0.6185;0.3826
Na2I2N3,10.233;0.3261;0.1064
Ge2Dy2N3,10.0329;0.4312;0.1859
I2Sc2N3,9.7374;0.3874;0.1501

393 of 285852 appear to be promising

hp_tune_sug_nc_normal:

{'ccp_alpha': 0.0, 'criterion': 'squared_error', 'max_depth': None, 'max_leaf_nodes': None, 'max_samples': None, 'min_impurity_decrease': 0.0, 'min_samples_leaf': 1, 'min_samples_split': 2, 'min_weight_fraction_leaf': 0.0, 'n_estimators': 400, 'n_jobs': None, 'oob_score': False, 'random_state': None, 'verbose': 0, 'warm_start': False, 'max_features': 'sqrt', 'bootstrap': False}

Ba2K2O3,10.9939;0.6129;0.3756
Ba2As2N3,9.5535;0.4856;0.2358
Ba2O2F3,16.1428;0.9089;0.826
Ba2O2N3,12.588;0.7868;0.6191
Ba2O2Cl3,11.6148;0.6052;0.3663
Ba2O2P3,12.2936;0.7098;0.5038
Ba2S2O3,10.7867;0.8184;0.6698
Ba2F2O3,20.4556;0.9634;0.9281
Ba2F2N3,10.792;0.8088;0.6542
Ba2F2Cl3,11.296;0.6559;0.4301
Ba2F2P3,11.5162;0.7985;0.6376
Ba2N2O3,15.0961;0.9166;0.8402
Ba2N2F3,10.6766;0.7639;0.5836
Ba2N2Cl3,13.3242;0.5345;0.2857
Ba2N2P3,10.2757;0.5182;0.2686
Ba2Cl2O3,12.9814;0.7191;0.5171
Ba2Cl2F3,10.5866;0.6846;0.4686
Ba2Cl2N3,12.5969;0.5215;0.272
Ba2Cl2H3,9.6897;0.5365;0.2879
Ba2P2O3,14.3416;0.7892;0.6228
Ba2P2F3,10.6058;0.7926;0.6282
Ba2P2N3,10.0166;0.685;0.4693
Ba2H2O3,12.8416;0.8482;0.7195
Ba2H2F3,9.5237;0.7807;0.6094
Ba2H2Cl3,10.9106;0.6028;0.3634
Ba2Br2O3,10.9203;0.6095;0.3714
Ba2Br2N3,10.7215;0.5611;0.3148
K2O2S3,10.5322;0.5066;0.2566
K2O2Cl3,10.1809;0.4657;0.2169
K2O2Se3,11.7128;0.5436;0.2955
K2O2P3,10.385;0.5049;0.2549
K2O2Br3,10.9019;0.4972;0.2472
K2O2I3,10.4343;0.559;0.3125
K2Bi2O3,12.4455;0.4906;0.2407
K2Bi2F3,10.6169;0.5134;0.2635
K2Bi2N3,9.5689;0.5617;0.3155
K2S2O3,10.71;0.4787;0.2291
K2S2Cl3,9.582;0.4563;0.2082
K2F2Cl3,10.3036;0.4383;0.1921
K2F2Se3,10.2769;0.5309;0.2819
K2F2P3,9.6688;0.5184;0.2687
K2N2S3,9.8372;0.4534;0.2056
K2N2Cl3,11.3929;0.3948;0.1558
K2N2Se3,9.9287;0.485;0.2352
K2N2P3,9.6337;0.4375;0.1914
K2N2Br3,10.5088;0.4545;0.2065
K2N2I3,9.8087;0.4449;0.1979
K2Cl2O3,10.6469;0.4515;0.2038
K2Cl2F3,9.8844;0.419;0.1755
K2Cl2N3,10.5964;0.4103;0.1683
K2Cl2Br3,9.7548;0.5021;0.2521
K2Se2O3,11.5016;0.5435;0.2954
K2Se2N3,9.9183;0.5179;0.2682
K2Se2Cl3,9.7299;0.4618;0.2133
K2Hg2O3,10.4006;0.4467;0.1995
K2Mg2H3,10.9422;0.6827;0.466
K2Sb2O3,10.8575;0.5728;0.328
K2Sb2N3,9.9017;0.4791;0.2295
K2Zn2O3,9.5475;0.5234;0.2739
K2P2O3,11.5067;0.4829;0.2332
K2Te2O3,11.9411;0.5465;0.2987
K2Te2N3,10.0043;0.5045;0.2545
K2Cd2O3,10.5558;0.5228;0.2733
K2Br2O3,10.6403;0.5165;0.2667
K2Br2N3,10.1954;0.4742;0.2248
K2Br2Cl3,9.9683;0.4786;0.2291
K2I2O3,11.4209;0.498;0.248
K2I2N3,10.4307;0.495;0.245
K2I2Cl3,9.6339;0.552;0.3047
K2Po2O3,9.6806;0.4858;0.236
As2La2N3,10.4102;0.4564;0.2083
As2Tm2N3,10.2023;0.4663;0.2175
As2Nd2N3,10.8245;0.465;0.2163
As2Sr2N3,9.9495;0.4327;0.1873
As2Y2N3,10.941;0.3985;0.1588
As2Sm2N3,10.9935;0.4683;0.2193
As2Tb2N3,10.779;0.4804;0.2308
As2Ce2N3,9.995;0.4966;0.2466
As2Gd2N3,10.7586;0.4697;0.2206
As2Ho2N3,10.3524;0.4853;0.2355
As2Eu2N3,10.1274;0.4894;0.2395
As2Rb2O3,9.6113;0.6023;0.3627
As2Rb2N3,9.9227;0.445;0.198
As2Pr2N3,10.7674;0.4343;0.1886
As2Er2N3,10.1192;0.4667;0.2178
As2Yb2N3,9.6539;0.4956;0.2457
As2Dy2N3,10.573;0.4843;0.2345
Ca2N2Cl3,11.5511;0.286;0.0818
Ca2N2Br3,10.3103;0.4403;0.1938
Ca2Mg2H3,9.848;0.6085;0.3702
Ca2Te2N3,9.7576;0.46;0.2116
Ca2I2N3,9.9881;0.4533;0.2054
La2N2Cl3,11.4142;0.3942;0.1554
La2Cl2N3,10.1561;0.3892;0.1515
O2Bi2K3,10.0101;0.5774;0.3334
O2Al2Li3,10.7392;0.4748;0.2254
O2N2Sr3,10.0517;0.4485;0.2012
O2N2Mg3,10.2097;0.495;0.2451
O2Be2Mg3,11.3539;0.6037;0.3645
O2Cl2Sr3,9.6317;0.4959;0.2459
O2Cl2Li3,9.6411;0.5476;0.2999
O2Cl2Na3,9.4865;0.574;0.3294
O2B2Mg3,13.6597;0.6303;0.3973
O2B2Na3,9.6861;0.5183;0.2686
O2Rb2S3,10.3275;0.5481;0.3004
O2Rb2F3,11.4039;0.6191;0.3833
O2Rb2N3,9.7471;0.5633;0.3173
O2Rb2Cl3,10.5552;0.5027;0.2527
O2Rb2Se3,9.5076;0.5637;0.3178
O2Rb2P3,10.4406;0.5461;0.2983
O2Mg2Be3,10.8885;0.5118;0.2619
O2Mg2B3,14.0901;0.6005;0.3605
O2Mg2Li3,12.9245;0.6536;0.4272
O2Mg2H3,11.1847;0.5694;0.3242
O2Li2Mg3,11.5582;0.6171;0.3808
O2Si2Li3,10.2382;0.4822;0.2325
O2Na2B3,10.5272;0.5125;0.2627
O2H2Mg3,11.3507;0.5635;0.3175
O2Cs2F3,11.9504;0.6722;0.4519
O2Cs2N3,10.7959;0.5003;0.2503
O2Cs2Cl3,9.81;0.5599;0.3135
Ru2Mg2N3,10.1132;0.4377;0.1916
Tm2N2Cl3,11.9483;0.4661;0.2173
Tm2Cl2N3,10.1787;0.3828;0.1465
Tm2Ge2N3,9.8318;0.4683;0.2193
Os2N2Cl3,10.7638;0.4683;0.2193
Os2Cl2N3,9.8332;0.4783;0.2287
Os2Mg2N3,9.9146;0.5088;0.2589
Sn2Al2Nb3,10.9561;0.3969;0.1576
Sn2Hf2N3,9.7122;0.4477;0.2004
Sn2Zr2N3,10.5069;0.3874;0.1501
Sn2Ti2N3,10.2426;0.3566;0.1272
Sn2Sc2N3,10.8732;0.3708;0.1375
Nd2N2Cl3,11.8014;0.4113;0.1691
Nd2Cl2N3,10.2034;0.4488;0.2014
Bi2Ti2N3,9.8594;0.4562;0.2081
Bi2Mg2N3,10.3325;0.429;0.184
Bi2Li2N3,10.1012;0.4763;0.2269
S2N2Nb3,10.6739;0.4075;0.166
S2N2Zr3,10.4103;0.3121;0.0974
S2N2Mg3,9.7078;0.5346;0.2858
S2Be2Li3,9.8294;0.4913;0.2413
S2B2Li3,11.9493;0.6339;0.4018
S2Rb2O3,11.2027;0.5754;0.3311
S2Rb2F3,10.1043;0.5987;0.3585
S2Mg2Cl3,9.5979;0.4753;0.2259
S2Mg2B3,12.1528;0.6365;0.4051
S2Mg2H3,10.1224;0.6111;0.3735
S2Li2B3,11.2433;0.6238;0.3891
S2H2Mg3,9.4874;0.6703;0.4493
S2Cs2O3,10.9689;0.5921;0.3506
S2Cs2F3,9.7342;0.6045;0.3655
F2Al2Li3,9.7269;0.448;0.2007
F2Sr2O3,9.7734;0.6353;0.4036
F2N2Sr3,10.1612;0.4399;0.1935
F2Be2Mg3,11.1764;0.6139;0.3769
F2B2Mg3,12.5162;0.6096;0.3716
F2B2Na3,9.9265;0.537;0.2884
F2Rb2O3,12.2178;0.6317;0.399
F2Rb2S3,9.6522;0.5831;0.34
F2Rb2Cl3,10.8285;0.5177;0.268
F2Rb2P3,10.3056;0.604;0.3648
F2Mg2Be3,11.5193;0.5503;0.3028
F2Mg2B3,13.3193;0.6193;0.3835
F2Mg2Li3,13.5473;0.6756;0.4564
F2Mg2H3,11.4988;0.6092;0.3712
F2Li2Mg3,12.2411;0.6115;0.3739
F2Si2Li3,10.4368;0.5741;0.3296
F2H2Mg3,11.1607;0.5302;0.2812
F2Cs2O3,12.6076;0.6903;0.4765
F2Cs2Cl3,10.5784;0.5914;0.3498
V2N2I3,10.8745;0.4328;0.1873
Ga2Nb2N3,9.6811;0.3426;0.1174
Al2N2Li3,10.0545;0.5225;0.273
Al2Be2B3,9.4276;0.5988;0.3585
Al2B2Li3,10.0744;0.5433;0.2952
Al2Mg2B3,13.4315;0.7096;0.5036
Al2Mg2H3,10.7325;0.6281;0.3945
Al2Li2B3,11.6918;0.6027;0.3633
Al2H2Mg3,10.6346;0.6119;0.3744
Sr2N2S3,9.7725;0.511;0.2611
Sr2N2Cl3,12.2802;0.3276;0.1073
Sr2N2Br3,10.4102;0.3982;0.1586
Sr2Cl2N3,10.6671;0.3735;0.1395
Sr2Se2N3,10.2581;0.4459;0.1988
Sr2P2O3,9.845;0.7184;0.5161
Sr2Br2N3,10.2191;0.4815;0.2318
Sr2I2N3,10.3917;0.4791;0.2296
Re2N2Cl3,10.8226;0.4612;0.2127
Re2Cl2N3,10.0269;0.4677;0.2187
W2N2Cl3,10.9738;0.4696;0.2205
W2Cl2N3,9.9155;0.4576;0.2094
N2Be2Mg3,11.3872;0.6024;0.3629
N2Nb2Cl3,10.7247;0.3906;0.1526
N2Nb2I3,9.9219;0.4384;0.1922
N2Y2Cl3,10.9155;0.3445;0.1187
N2Hf2S3,12.0041;0.5187;0.2691
N2Hf2Cl3,15.7593;0.4406;0.1941
N2Hf2P3,11.929;0.5552;0.3082
N2Hf2Br3,10.8554;0.4824;0.2327
N2Cl2Ba3,10.2264;0.4192;0.1757
N2Cl2K3,9.7187;0.397;0.1576
N2Cl2Ca3,11.5995;0.3804;0.1447
N2Cl2La3,11.1771;0.4285;0.1836
N2Cl2Mo3,11.6422;0.3791;0.1437
N2Cl2Ru3,11.3594;0.4409;0.1944
N2Cl2Tm3,13.7628;0.4636;0.2149
N2Cl2Os3,9.8461;0.4875;0.2377
N2Cl2Sn3,10.0375;0.3971;0.1577
N2Cl2Nd3,11.5148;0.4746;0.2253
N2Cl2Pb3,9.884;0.436;0.1901
N2Cl2V3,12.6174;0.3478;0.1209
N2Cl2Sr3,11.9352;0.3802;0.1445
N2Cl2Re3,10.878;0.4491;0.2017
N2Cl2W3,10.0532;0.4714;0.2222
N2Cl2Nb3,14.5529;0.335;0.1122
N2Cl2Y3,12.7831;0.3782;0.143
N2Cl2Hf3,16.0967;0.4307;0.1855
N2Cl2Sm3,11.3971;0.4309;0.1856
N2Cl2Tb3,12.7569;0.429;0.1841
N2Cl2Ce3,10.5613;0.4575;0.2093
N2Cl2Gd3,12.3669;0.4399;0.1935
N2Cl2In3,9.6401;0.4089;0.1672
N2Cl2Pd3,11.2929;0.4666;0.2177
N2Cl2Zr3,15.2361;0.2618;0.0685
N2Cl2Mn3,9.9263;0.3384;0.1145
N2Cl2Ho3,13.7277;0.4551;0.2071
N2Cl2Ti3,12.938;0.3289;0.1082
N2Cl2Eu3,11.042;0.4252;0.1808
N2Cl2Rb3,10.2229;0.4369;0.1909
N2Cl2Pr3,11.3572;0.4737;0.2244
N2Cl2Mg3,12.5955;0.5065;0.2566
N2Cl2Sb3,10.8555;0.4489;0.2015
N2Cl2Er3,13.9247;0.4437;0.1969
N2Cl2Rh3,11.2543;0.4355;0.1897
N2Cl2Li3,10.1436;0.4493;0.2019
N2Cl2Ta3,12.5364;0.4096;0.1678
N2Cl2Na3,10.6121;0.4147;0.172
N2Cl2Pt3,10.3765;0.4895;0.2396
N2Cl2Te3,10.5139;0.4339;0.1883
N2Cl2Ir3,9.609;0.4676;0.2186
N2Cl2Yb3,12.2175;0.3968;0.1574
N2Cl2Lu3,13.3118;0.4564;0.2083
N2Cl2Cd3,10.3239;0.4357;0.1899
N2Cl2Dy3,12.8935;0.4482;0.2009
N2Cl2Sc3,13.8709;0.274;0.0751
N2Cl2Cr3,11.4033;0.4008;0.1606
N2Cl2Tc3,12.4535;0.4171;0.174
N2Cl2Po3,10.0899;0.3861;0.1491
N2Sm2Cl3,11.4661;0.3904;0.1524
N2Tb2Cl3,12.3588;0.4226;0.1786
N2Ce2Cl3,11.3199;0.3928;0.1543
N2B2Mg3,13.6849;0.6704;0.4495
N2Gd2Cl3,12.3224;0.4059;0.1648
N2Zr2Cl3,10.8373;0.2608;0.068
N2Zr2Se3,9.8562;0.3503;0.1227
N2Ho2Cl3,12.7688;0.4323;0.1869
N2Ti2I3,10.2164;0.474;0.2247
N2Eu2Cl3,11.7811;0.3895;0.1517
N2Rb2O3,10.0047;0.5763;0.3322
N2Rb2S3,9.8958;0.485;0.2352
N2Rb2F3,9.5107;0.5021;0.2521
N2Rb2Cl3,11.7883;0.4278;0.183
N2Pr2Cl3,11.6505;0.3773;0.1424
N2Mg2Be3,11.6642;0.6053;0.3664
N2Mg2Cl3,10.5971;0.513;0.2632
N2Mg2B3,13.439;0.5838;0.3409
N2Mg2Li3,12.9153;0.6501;0.4226
N2Mg2H3,10.4396;0.6362;0.4047
N2Mg2Te3,9.8121;0.433;0.1875
N2Mg2I3,10.2715;0.4183;0.175
N2Er2S3,9.6398;0.4382;0.192
N2Er2Cl3,12.645;0.4422;0.1955
N2Li2Mg3,12.7943;0.6618;0.438
N2Li2Te3,11.2166;0.3731;0.1392
N2Li2I3,11.5288;0.4087;0.1671
N2Si2Li3,9.5639;0.5057;0.2557
N2P2Zr3,9.8516;0.3435;0.118
N2P2Mg3,9.6428;0.5283;0.2791
N2Ta2Cl3,12.3133;0.4634;0.2147
N2Na2Cl3,10.2561;0.4314;0.1861
N2Na2Br3,9.7678;0.4347;0.1889
N2Na2I3,9.9383;0.441;0.1945
N2H2Mg3,10.5033;0.5977;0.3572
N2Pt2Cl3,10.2571;0.4523;0.2046
N2Ir2Cl3,10.3914;0.4974;0.2474
N2Yb2Cl3,11.9676;0.4187;0.1753
N2Lu2Cl3,12.0983;0.472;0.2228
N2Br2V3,11.1472;0.3702;0.137
N2Br2Nb3,11.6853;0.3752;0.1408
N2Br2Y3,10.0106;0.4176;0.1744
N2Br2Hf3,10.2866;0.5158;0.2661
N2Br2Zr3,11.5416;0.3787;0.1434
N2Br2Ti3,11.4523;0.3477;0.1209
N2Br2Mg3,10.9578;0.4447;0.1978
N2Br2Sc3,12.1689;0.3814;0.1455
N2Br2Cr3,9.5982;0.4044;0.1635
N2I2V3,10.741;0.3895;0.1517
N2I2Ti3,11.0422;0.3848;0.148
N2I2Mg3,9.966;0.4132;0.1707
N2I2Li3,10.2358;0.4047;0.1638
N2I2Cr3,9.8653;0.3983;0.1586
N2Dy2Cl3,12.372;0.4277;0.1829
N2Sc2Cl3,10.0038;0.3679;0.1353
N2Sc2I3,10.4348;0.4596;0.2113
N2Cr2I3,10.8376;0.4296;0.1846
N2Cs2O3,10.641;0.5234;0.274
N2Cs2F3,10.1519;0.5015;0.2515
N2Cs2Cl3,11.4055;0.4769;0.2274
N2Po2Cl3,9.8779;0.4105;0.1685
Be2Cl2Li3,10.0565;0.4546;0.2066
Be2B2Mg3,15.1772;0.7309;0.5342
Be2B2Si3,9.8078;0.5647;0.3189
Be2Mg2O3,11.3971;0.604;0.3648
Be2Mg2F3,11.9131;0.6486;0.4206
Be2Mg2N3,10.9503;0.6548;0.4287
Be2Mg2Cl3,10.0751;0.5447;0.2967
Be2Mg2B3,16.9029;0.7129;0.5082
Be2Mg2H3,10.2066;0.5819;0.3386
Be2Li2S3,9.5477;0.5684;0.3231
Be2Li2Cl3,9.8357;0.3978;0.1582
Be2Na2B3,11.2735;0.5861;0.3435
Be2H2Mg3,10.8367;0.6393;0.4087
Nb2I2N3,10.0064;0.4114;0.1692
Y2Sb2N3,10.6441;0.4318;0.1865
Y2Ge2N3,9.8093;0.3851;0.1483
Hf2Cl2N3,12.913;0.4863;0.2365
Hf2Cl2H3,10.0449;0.4491;0.2017
Hf2Se2N3,10.1244;0.4322;0.1868
Hf2Li2N3,10.7344;0.503;0.253
Hf2H2Cl3,10.8805;0.4724;0.2231
Hf2Br2N3,9.791;0.4124;0.1701
Hf2I2N3,11.3163;0.3945;0.1557
Cl2Sm2N3,9.6706;0.368;0.1355
Cl2Tb2N3,10.429;0.3633;0.132
Cl2Ce2N3,9.8576;0.4635;0.2148
Cl2B2Mg3,10.5416;0.5823;0.3391
Cl2B2Li3,11.6165;0.4684;0.2194
Cl2Gd2N3,10.4766;0.3587;0.1287
Cl2Ho2N3,10.5715;0.3797;0.1442
Cl2Eu2N3,10.1622;0.3467;0.1202
Cl2Rb2O3,11.4656;0.5265;0.2772
Cl2Rb2F3,11.4227;0.4967;0.2467
Cl2Rb2N3,11.1834;0.4412;0.1947
Cl2Pr2N3,10.1047;0.4101;0.1682
Cl2Mg2S3,9.7595;0.4531;0.2053
Cl2Mg2N3,9.8355;0.5247;0.2753
Cl2Mg2Be3,10.5557;0.5434;0.2953
Cl2Mg2B3,12.7605;0.6042;0.365
Cl2Mg2P3,9.914;0.4285;0.1836
Cl2Mg2H3,11.2071;0.5449;0.2969
Cl2Er2N3,11.0029;0.3793;0.1439
Cl2Li2S3,9.598;0.5895;0.3475
Cl2Li2Be3,9.5476;0.458;0.2098
Cl2Li2B3,10.6176;0.5394;0.2909
Cl2P2S3,9.7374;0.4049;0.164
Cl2Ta2N3,10.4686;0.4387;0.1925
Cl2Na2S3,9.8352;0.4919;0.242
Cl2H2Tm3,9.6296;0.4009;0.1607
Cl2H2Ho3,9.646;0.3931;0.1545
Cl2H2Mg3,10.8851;0.6414;0.4114
Cl2H2Sb3,9.5186;0.5014;0.2514
Cl2H2Er3,9.6263;0.3953;0.1563
Cl2Yb2N3,9.8785;0.3908;0.1528
Cl2Lu2N3,10.6066;0.3982;0.1586
Cl2Dy2N3,10.4262;0.3702;0.137
Cl2Cs2O3,11.4003;0.5328;0.2838
Cl2Cs2F3,11.2938;0.5829;0.3398
Cl2Cs2N3,11.1888;0.4455;0.1984
B2Mg2O3,11.3387;0.6028;0.3633
B2Mg2F3,11.5633;0.5718;0.3269
B2Mg2N3,12.1267;0.5853;0.3426
B2Mg2Be3,12.7364;0.6701;0.449
B2Mg2Cl3,10.7345;0.5343;0.2855
B2Mg2Li3,12.9682;0.7156;0.512
B2Mg2H3,12.2302;0.6043;0.3652
B2Li2Al3,9.8293;0.539;0.2905
B2Li2Cl3,9.8532;0.459;0.2107
B2Li2Mg3,12.9165;0.7176;0.515
B2Li2Si3,11.3468;0.6676;0.4456
B2Si2Be3,9.873;0.5823;0.3391
B2Si2Li3,13.3816;0.6375;0.4064
B2P2Li3,12.2287;0.6244;0.3899
B2H2Mg3,14.2834;0.6752;0.4558
Pd2Zr2N3,9.6962;0.3359;0.1128
Pd2Mg2N3,9.7974;0.4292;0.1842
Zr2Sb2N3,10.7057;0.3641;0.1326
Zr2Ge2N3,9.8399;0.3101;0.0962
Zr2Te2N3,10.4738;0.4252;0.1808
Zr2I2N3,10.643;0.3989;0.1591
Ho2Ge2N3,10.0453;0.4707;0.2216
Se2Rb2O3,11.9568;0.6289;0.3955
Se2Rb2F3,10.1475;0.5743;0.3299
Se2Rb2N3,10.243;0.5253;0.276
Se2Cs2O3,10.1007;0.604;0.3648
Ti2Li2O3,10.5888;0.0882;0.0078
Ti2Po2N3,9.7398;0.4337;0.1881
Rb2Zn2O3,10.4394;0.5646;0.3188
Rb2Zn2F3,9.6316;0.5371;0.2885
Rb2P2O3,12.1034;0.5846;0.3417
Rb2P2F3,11.0734;0.6212;0.3858
Rb2H2Cl3,10.4413;0.4039;0.1631
Rb2Te2O3,9.8699;0.5026;0.2526
Rb2Br2O3,10.9951;0.5462;0.2983
Rb2Br2F3,10.0203;0.5279;0.2787
Rb2Br2N3,10.4369;0.4458;0.1988
Rb2I2O3,9.4769;0.5237;0.2743
Mg2Sb2N3,9.8924;0.4458;0.1988
Mg2Rh2N3,9.7066;0.4428;0.1961
Mg2Li2O3,13.9191;0.7322;0.5361
Mg2Li2F3,13.0043;0.6805;0.4631
Mg2Li2N3,12.9398;0.6529;0.4263
Mg2Li2Be3,9.512;0.6107;0.3729
Mg2Li2B3,16.735;0.7823;0.612
Mg2Li2H3,11.1843;0.6467;0.4182
Mg2Si2Cl3,9.5966;0.4301;0.185
Mg2Si2B3,15.8334;0.7451;0.5551
Mg2Si2H3,12.0126;0.5694;0.3242
Mg2P2Cl3,9.7757;0.4753;0.226
Mg2P2B3,12.5856;0.6536;0.4272
Mg2P2H3,10.1674;0.6035;0.3642
Mg2Na2F3,9.7838;0.6093;0.3712
Mg2Na2B3,11.5119;0.6725;0.4523
Mg2Na2H3,11.9713;0.6892;0.475
Mg2H2O3,10.8274;0.5738;0.3292
Mg2H2F3,10.8692;0.6238;0.3891
Mg2H2Al3,9.8065;0.5437;0.2956
Mg2H2N3,10.4904;0.6628;0.4393
Mg2H2Be3,10.5707;0.6203;0.3847
Mg2H2Cl3,10.3288;0.5441;0.296
Mg2H2B3,14.0398;0.6507;0.4234
Mg2H2Li3,12.9068;0.664;0.4408
Mg2H2Si3,10.6564;0.5573;0.3106
Mg2H2Na3,10.4218;0.5756;0.3313
Mg2Pt2N3,10.1596;0.4371;0.191
Mg2Te2N3,9.7379;0.4199;0.1763
Mg2Ir2N3,9.5567;0.4509;0.2034
Mg2I2N3,9.9069;0.448;0.2007
Sb2Sc2N3,11.1807;0.349;0.1218
Li2Si2B3,13.7476;0.695;0.4831
Li2P2B3,12.4605;0.7367;0.5428
Li2Na2O3,9.9243;0.546;0.2982
Li2Na2F3,9.6049;0.5508;0.3034
Li2Na2B3,10.8726;0.551;0.3036
Li2H2Mg3,12.9975;0.668;0.4462
Si2H2Mg3,10.8374;0.5851;0.3424
P2Na2Cl3,9.6008;0.5105;0.2606
P2H2Mg3,10.2045;0.6699;0.4488
P2Cs2O3,11.853;0.6045;0.3655
P2Cs2F3,10.7672;0.6447;0.4156
Na2H2Mg3,11.0069;0.5536;0.3065
H2Cs2Cl3,10.4449;0.4486;0.2012
Ge2Dy2N3,10.1206;0.4619;0.2133
Te2Sc2N3,9.7391;0.4249;0.1805
Br2Cs2O3,9.5391;0.5531;0.3059
Br2Cs2F3,9.5357;0.5654;0.3197
I2Sc2N3,9.814;0.3816;0.1456
Sc2Po2N3,9.7998;0.4932;0.2432

458 of 219450 appear to be promising

