hp_tune_blank_nc_normal:

{'ccp_alpha': 0.0, 'criterion': 'squared_error', 'max_depth': None, 'max_leaf_nodes': None, 'max_samples': None, 'min_impurity_decrease': 0.0, 'min_samples_leaf': 1, 'min_samples_split': 2, 'min_weight_fraction_leaf': 0.0, 'n_estimators': 400, 'n_jobs': None, 'oob_score': False, 'random_state': None, 'verbose': 0, 'warm_start': False, 'max_features': 'sqrt', 'bootstrap': False}

Ba2K3O3,11.585;0.5661;0.3204
Ba2K3Nd3,9.4636;0.5791;0.3354
Ba2K3Bi3,13.1532;0.5919;0.3503
Ba2K3Pb3,10.2471;0.471;0.2219
Ba2K3Sr3,9.6675;0.5509;0.3034
Ba2K3N3,10.2343;0.5038;0.2538
Ba2K3Y3,10.9524;0.576;0.3318
Ba2K3Cl3,9.834;0.4651;0.2163
Ba2K3Rb3,11.1588;0.557;0.3102
Ba2Bi3Rb3,10.6131;0.567;0.3215
Ba2N3Cl3,13.8611;0.3142;0.0987
Ba2N3Li3,10.2189;0.3821;0.146
Ba2N3Br3,9.7185;0.3413;0.1165
Ba2C3Mg3,9.8572;0.5145;0.2647
K2Ba3O3,11.7717;0.5558;0.3089
K2Ba3Nd3,10.1699;0.5569;0.3102
K2Ba3Bi3,13.8963;0.5616;0.3154
K2Ba3Pb3,11.3101;0.4451;0.1981
K2Ba3Sr3,10.3718;0.516;0.2662
K2Ba3N3,10.6077;0.4916;0.2417
K2Ba3Y3,11.5409;0.5571;0.3103
K2Ba3Cl3,10.3714;0.438;0.1919
K2Ba3Rb3,11.6476;0.5295;0.2804
K2Ba3H3,9.9409;0.4895;0.2396
K2Ba3Br3,10.1073;0.4617;0.2132
K2Ba3D3,9.6127;0.4509;0.2033
K2Ba3Cs3,9.9885;0.5078;0.2579
K2Ba3Tc3,9.6976;0.438;0.1918
K2N3Hf3,9.8503;0.3809;0.1451
K2N3Cl3,12.9058;0.293;0.0858
K2N3Li3,10.6701;0.3918;0.1535
K2N3Br3,12.437;0.3372;0.1137
Fe2N3Cl3,13.4105;0.34;0.1156
Fe2N3Li3,10.8362;0.3485;0.1214
Fe2N3Br3,9.8759;0.3561;0.1268
Fe2C3Mg3,10.4762;0.5637;0.3178
As2Ca3Li3,10.019;0.2338;0.0546
As2N3Cl3,13.5822;0.3458;0.1196
As2N3Li3,10.8239;0.385;0.1482
As2N3Br3,10.1099;0.3848;0.1481
As2C3Mg3,10.4946;0.5072;0.2572
Ca2As3Li3,10.0413;0.2432;0.0592
Ca2La3Li3,10.4809;0.1944;0.0378
Ca2O3Li3,11.1202;0.1596;0.0255
Ca2Mo3Ni3,10.1305;0.2941;0.0865
Ca2Ru3Li3,10.318;0.2117;0.0448
Ca2Tm3Li3,11.048;0.1862;0.0347
Ca2Os3Li3,10.443;0.2226;0.0495
Ca2Nd3Li3,10.8036;0.1912;0.0366
Ca2S3Li3,10.0296;0.2372;0.0562
Ca2F3Li3,10.4185;0.2165;0.0469
Ca2Sr3Li3,10.6361;0.1713;0.0293
Ca2Re3Li3,10.0801;0.2391;0.0572
Ca2W3Li3,10.8186;0.2065;0.0426
Ca2N3Nb3,9.8871;0.3225;0.104
Ca2N3Cl3,13.7938;0.3225;0.104
Ca2N3C3,10.0737;0.2724;0.0742
Ca2N3Li3,12.8135;0.3305;0.1092
Ca2N3Br3,10.4283;0.3593;0.1291
Ca2Tl3Li3,10.9484;0.1931;0.0373
Ca2Hf3Li3,12.6631;0.3334;0.1112
Ca2Cl3Li3,11.5327;0.3085;0.0951
Ca2Sm3Li3,11.0071;0.1906;0.0363
Ca2Tb3Li3,10.6026;0.22;0.0484
Ca2C3Pd3,10.9136;0.3551;0.1261
Ca2C3Mg3,10.7118;0.4655;0.2167
Ca2Gd3Li3,10.9498;0.1897;0.036
Ca2In3Li3,10.5741;0.2049;0.042
Ca2Zr3Li3,10.1152;0.2307;0.0532
Ca2Mn3Li3,10.3847;0.2364;0.0559
Ca2Ho3Li3,10.7116;0.2028;0.0411
Ca2Se3Li3,10.0429;0.2364;0.0559
Ca2Eu3Li3,11.0664;0.187;0.035
Ca2Pr3Li3,10.6258;0.218;0.0475
Ca2Mg3Li3,10.3838;0.5351;0.2864
Ca2Sb3Li3,10.1816;0.2277;0.0518
Ca2Er3Li3,10.7806;0.2096;0.0439
Ca2Li3Np3,11.0887;0.1869;0.0349
Ca2Li3Ta3,10.7856;0.1939;0.0376
Ca2Li3Na3,11.0337;0.1792;0.0321
Ca2Li3Pa3,11.0885;0.1867;0.0349
Ca2Li3Yb3,11.0451;0.1897;0.036
Ca2Li3T3,11.0887;0.1867;0.0348
Ca2Li3Th3,10.6274;0.2103;0.0442
Ca2Li3Lu3,10.0926;0.2265;0.0513
Ca2Li3Cd3,10.7317;0.2133;0.0455
Ca2Li3Br3,11.8603;0.3016;0.0909
Ca2Li3I3,11.5449;0.213;0.0454
Ca2Li3Dy3,10.858;0.2052;0.0421
Ca2Li3Sc3,10.9525;0.1919;0.0368
Ca2Li3Cr3,9.9899;0.2305;0.0531
Ca2Li3D3,10.5899;0.1963;0.0385
Ca2Li3Cs3,10.1464;0.2158;0.0466
Ca2Li3Tc3,10.7163;0.1841;0.0339
Ca2Li3Pu3,10.807;0.2038;0.0415
Ca2Li3Am3,11.0887;0.1867;0.0349
Ca2Li3Cm3,11.0885;0.1867;0.0349
Ca2Li3Po3,11.0885;0.1867;0.0349
La2Ca3Li3,10.448;0.1956;0.0383
La2Mo3Ni3,9.8704;0.2656;0.0706
La2N3Cl3,12.6875;0.3537;0.1251
La2N3Li3,10.249;0.3799;0.1443
Cu2Mo3Ni3,9.851;0.2727;0.0744
Cu2N3Nb3,9.8717;0.3232;0.1045
Cu2N3Cl3,13.6263;0.3307;0.1093
Cu2N3Li3,10.6749;0.3545;0.1257
Cu2C3Pd3,10.5738;0.3503;0.1227
Cu2Pd3H3,13.5108;0.2863;0.0819
O2Ba3K3,10.5979;0.5808;0.3373
O2Ca3Li3,11.0679;0.1551;0.0241
O2N3Nb3,12.2458;0.2165;0.0469
O2N3Hf3,10.0449;0.4278;0.183
O2N3Cl3,13.9282;0.3222;0.1038
O2N3C3,9.7654;0.2827;0.0799
O2N3Li3,12.2512;0.3359;0.1129
O2N3Br3,11.0867;0.3214;0.1033
O2Hf3Li3,9.9725;0.3951;0.1561
O2C3Pd3,9.8631;0.3621;0.1311
O2C3Mg3,10.6342;0.5002;0.2502
Mo2N3Cl3,12.4424;0.343;0.1176
Mo2N3C3,10.0156;0.2341;0.0548
Mo2N3Br3,9.7523;0.3205;0.1027
Mo2Nb3C3,10.2184;0.1698;0.0288
Mo2Y3C3,10.0044;0.2006;0.0403
Mo2C3Pd3,10.3297;0.2628;0.069
Mo2C3Mg3,11.7198;0.4207;0.177
Ru2Ca3Li3,10.3841;0.2123;0.0451
Ru2Mo3Ni3,9.8413;0.2943;0.0866
Ru2Mo3P3,10.5885;0.2682;0.0719
Ru2N3Cl3,13.153;0.3393;0.1151
Ru2N3Li3,10.542;0.3715;0.138
Ru2N3Br3,9.7235;0.3642;0.1327
Ru2C3Mg3,10.2193;0.5355;0.2867
Tm2Ca3Li3,11.0161;0.196;0.0384
Tm2Mo3Ni3,10.2023;0.2832;0.0802
Tm2N3Nb3,9.9525;0.3207;0.1029
Tm2N3Cl3,13.8097;0.3233;0.1045
Tm2N3Li3,11.1381;0.3665;0.1343
Tm2N3Br3,10.4381;0.3521;0.124
Tm2C3Pd3,10.0069;0.3615;0.1307
Tm2C3Mg3,10.7753;0.5027;0.2527
Os2Ca3Li3,10.3958;0.2377;0.0565
Os2Mo3Ni3,10.2766;0.2958;0.0875
Os2N3Cl3,13.4604;0.3181;0.1012
Os2N3Li3,10.8634;0.3739;0.1398
Os2N3Br3,10.1262;0.3754;0.1409
Os2C3Pd3,9.6627;0.363;0.1318
Os2C3Mg3,10.4718;0.4954;0.2454
Sn2Al3Nb3,12.9058;0.3766;0.1418
Sn2N3Cl3,13.2479;0.3189;0.1017
Sn2N3Li3,10.657;0.3627;0.1315
Sn2N3Br3,9.823;0.3691;0.1363
Sn2C3Mg3,9.9962;0.5218;0.2723
Nd2Ba3K3,9.864;0.5702;0.3251
Nd2Ca3Li3,10.7933;0.197;0.0388
Nd2Mo3Ni3,10.0401;0.2915;0.0849
Nd2N3Nb3,9.93;0.3177;0.101
Nd2N3Cl3,13.7944;0.3245;0.1053
Nd2N3Li3,11.1111;0.3668;0.1346
Nd2N3Br3,10.3814;0.3568;0.1273
Nd2C3Mg3,10.0673;0.5156;0.2658
Bi2Ba3K3,13.2492;0.5607;0.3144
Bi2Ba3Rb3,9.8914;0.5558;0.309
Bi2N3Cl3,12.8909;0.3498;0.1223
Bi2C3Mg3,9.629;0.4942;0.2442
Pb2Ba3K3,10.994;0.4634;0.2147
Pb2Ca3Li3,9.8108;0.2157;0.0465
Pb2N3Cl3,13.4057;0.3575;0.1278
Pb2N3Li3,10.9342;0.3796;0.1441
Pb2N3Br3,9.9281;0.3482;0.1213
Pb2C3Mg3,10.2902;0.4813;0.2316
S2Ca3Li3,10.4625;0.2223;0.0494
S2N3Nb3,9.7635;0.3019;0.0912
S2N3Cl3,13.6753;0.3329;0.1108
S2N3C3,10.116;0.33;0.1089
S2N3Li3,11.0077;0.3499;0.1224
S2N3Br3,10.4482;0.3639;0.1324
S2Nb3P3,9.7925;0.2215;0.0491
S2C3Pd3,10.5305;0.4112;0.1691
S2C3Mg3,11.4787;0.5035;0.2535
F2Ca3Li3,10.3948;0.2201;0.0485
F2Mo3Ni3,10.1291;0.2999;0.0899
F2N3Nb3,9.7962;0.3235;0.1047
F2N3Cl3,13.7024;0.3218;0.1036
F2N3Li3,10.8919;0.3773;0.1424
F2N3Br3,10.25;0.3563;0.127
F2C3Mg3,10.5907;0.512;0.2621
V2Mo3Ni3,9.8069;0.3352;0.1124
V2N3Cl3,12.7208;0.3512;0.1234
V2N3Li3,9.8686;0.3864;0.1493
V2C3Mg3,10.5039;0.5145;0.2647
Ga2N3Cl3,11.3769;0.3719;0.1383
Al2Sn3Nb3,13.3436;0.3402;0.1157
Al2N3Cl3,10.3391;0.3759;0.1413
Al2B3Mg3,11.6157;0.6202;0.3846
Sr2Ba3K3,10.055;0.5241;0.2746
Sr2Ca3Li3,10.6138;0.1836;0.0337
Sr2Mo3Ni3,10.0639;0.297;0.0882
Sr2N3Nb3,9.6774;0.3357;0.1127
Sr2N3Hf3,9.7548;0.4171;0.1739
Sr2N3Cl3,14.613;0.3198;0.1023
Sr2N3C3,9.9099;0.278;0.0773
Sr2N3Li3,11.1901;0.3631;0.1318
Sr2N3Br3,10.803;0.3666;0.1344
Sr2C3Pd3,10.0799;0.3624;0.1314
Sr2C3Mg3,10.7333;0.4955;0.2455
Co2Ca3Li3,10.0367;0.2275;0.0518
Co2Ga3Pu3,11.6577;0.2343;0.0549
Co2N3Cl3,12.88;0.3394;0.1152
Co2N3Li3,10.3671;0.3891;0.1514
Co2C3Mg3,11.0976;0.5358;0.2871
Re2Ca3Li3,10.1567;0.2234;0.0499
Re2N3Nb3,9.7867;0.3196;0.1021
Re2N3Cl3,13.6717;0.3336;0.1113
Re2N3Li3,10.9844;0.3706;0.1373
Re2N3Br3,10.1533;0.3753;0.1409
Re2C3Pd3,9.7919;0.3704;0.1372
Re2C3Mg3,10.6882;0.4985;0.2485
W2Ca3Li3,10.799;0.2069;0.0428
W2Mo3Ni3,10.2327;0.2947;0.0868
W2N3Nb3,9.9373;0.3156;0.0996
W2N3Cl3,13.8072;0.3229;0.1043
W2N3C3,9.7589;0.2609;0.0681
W2N3Li3,10.9988;0.3807;0.1449
W2N3Br3,10.4469;0.3489;0.1217
W2C3Pd3,10.4163;0.3425;0.1173
W2C3Mg3,11.1946;0.4881;0.2382
N2Ba3K3,10.0065;0.4904;0.2405
N2Ba3Cl3,12.9372;0.3739;0.1398
N2Ba3Li3,10.4044;0.4066;0.1653
N2K3Cl3,11.8818;0.3302;0.109
N2K3Li3,10.5403;0.4136;0.1711
N2K3Br3,11.4233;0.3682;0.1356
N2Fe3Cl3,12.1932;0.3992;0.1593
N2Fe3Li3,11.0655;0.3862;0.1492
N2As3Cl3,12.4844;0.4051;0.1641
N2As3Li3,11.1233;0.4205;0.1768
N2Ca3Cl3,12.2429;0.3998;0.1599
N2Ca3Li3,12.6561;0.3723;0.1386
N2La3Cl3,11.8026;0.3781;0.143
N2La3Li3,10.724;0.407;0.1657
N2Cu3Cl3,12.2118;0.3872;0.15
N2Cu3Li3,10.6837;0.3791;0.1437
N2O3Cl3,12.3949;0.3877;0.1503
N2O3Li3,11.9237;0.3824;0.1463
N2Mo3Cl3,11.5568;0.367;0.1347
N2Ru3Cl3,12.0503;0.3911;0.1529
N2Ru3Li3,10.7859;0.4159;0.1729
N2Tm3Cl3,12.6328;0.3958;0.1567
N2Tm3Li3,11.4372;0.4024;0.1619
N2Os3Cl3,12.3833;0.3902;0.1522
N2Os3Li3,11.154;0.4047;0.1638
N2Sn3Cl3,12.1804;0.3832;0.1468
N2Sn3Li3,10.8437;0.406;0.1648
N2Nd3Cl3,12.5973;0.3957;0.1566
N2Nd3Li3,11.4055;0.4041;0.1633
N2Bi3Cl3,11.9935;0.3952;0.1561
N2Bi3Li3,9.6794;0.4363;0.1903
N2Pb3Cl3,12.5357;0.4019;0.1616
N2Pb3Li3,11.7607;0.3904;0.1524
N2S3Cl3,11.5341;0.4514;0.2037
N2S3Li3,10.0558;0.4052;0.1642
N2F3Cl3,12.5569;0.3912;0.153
N2F3Li3,11.179;0.4157;0.1728
N2V3Cl3,11.7626;0.4024;0.1619
N2V3Li3,10.0422;0.4198;0.1762
N2Ga3Cl3,10.399;0.3986;0.1589
N2Sr3Cl3,13.5187;0.402;0.1616
N2Sr3Li3,11.478;0.3949;0.156
N2Sr3Br3,9.8574;0.4145;0.1718
N2Co3Cl3,11.2988;0.3807;0.1449
N2Co3Li3,10.0283;0.4389;0.1927
N2Re3Cl3,12.5349;0.4039;0.1631
N2Re3Li3,11.2594;0.4079;0.1664
N2W3Cl3,12.5139;0.4008;0.1606
N2W3Li3,11.051;0.4359;0.19
N2Be3Cl3,12.5743;0.3886;0.151
N2Be3Li3,10.6877;0.438;0.1919
N2Nb3Hf3,10.0625;0.3659;0.1339
N2Nb3Cl3,13.0223;0.3399;0.1156
N2Nb3C3,14.7701;0.2461;0.0605
N2Nb3Ti3,11.9717;0.2728;0.0744
N2Nb3Li3,11.2037;0.4116;0.1695
N2Nb3Br3,10.8049;0.3276;0.1073
N2Tl3Cl3,12.7915;0.3825;0.1463
N2Tl3Li3,11.4503;0.4022;0.1618
N2Tl3Br3,9.7464;0.3939;0.1552
N2Y3Cl3,11.1594;0.3896;0.1518
N2Y3Li3,10.8018;0.4307;0.1855
N2Hf3Cl3,18.7162;0.3637;0.1323
N2Hf3C3,10.887;0.3494;0.1221
N2Hf3Li3,19.152;0.3935;0.1549
N2Hf3Na3,9.6459;0.4061;0.1649
N2Hf3H3,10.1062;0.5084;0.2585
N2Hf3Br3,13.7897;0.4606;0.2122
N2Hf3I3,10.304;0.447;0.1998
N2Hf3Cs3,9.8675;0.5133;0.2634
N2Cl3Sm3,12.6242;0.3931;0.1545
N2Cl3Ni3,11.8346;0.4203;0.1767
N2Cl3Tb3,12.548;0.3974;0.1579
N2Cl3B3,11.2264;0.4222;0.1782
N2Cl3C3,11.09;0.3217;0.1035
N2Cl3Gd3,12.6361;0.3961;0.1569
N2Cl3In3,12.2182;0.3963;0.1571
N2Cl3Pd3,11.788;0.3972;0.1577
N2Cl3Zr3,12.5791;0.1894;0.0359
N2Cl3Mn3,12.5149;0.4082;0.1666
N2Cl3Ho3,12.5827;0.3929;0.1544
N2Cl3Se3,12.2864;0.4012;0.161
N2Cl3Ti3,13.6704;0.3012;0.0907
N2Cl3Hg3,12.6997;0.3908;0.1527
N2Cl3Eu3,12.6719;0.3927;0.1542
N2Cl3Rb3,13.2234;0.3483;0.1213
N2Cl3Pr3,12.3528;0.4189;0.1755
N2Cl3Mg3,11.1179;0.5235;0.274
N2Cl3Sb3,12.302;0.3957;0.1566
N2Cl3Er3,12.5937;0.3942;0.1554
N2Cl3Rh3,11.2178;0.3913;0.1531
N2Cl3Au3,11.7233;0.4234;0.1793
N2Cl3Zn3,12.3731;0.3796;0.1441
N2Cl3Li3,15.6457;0.3176;0.1009
N2Cl3Np3,12.6809;0.3939;0.1552
N2Cl3Si3,11.9196;0.3709;0.1376
N2Cl3P3,12.609;0.3918;0.1535
N2Cl3Ta3,12.5225;0.3802;0.1445
N2Cl3Na3,13.5052;0.3243;0.1052
N2Cl3H3,13.6623;0.4174;0.1742
N2Cl3Pt3,12.0693;0.3897;0.1519
N2Cl3Ge3,10.8119;0.3861;0.1491
N2Cl3Pa3,12.657;0.3943;0.1555
N2Cl3Te3,11.4611;0.4245;0.1802
N2Cl3Ir3,10.2347;0.3974;0.158
N2Cl3Yb3,12.6409;0.3964;0.1571
N2Cl3T3,12.6619;0.3935;0.1548
N2Cl3U3,10.1983;0.4343;0.1886
N2Cl3Th3,12.3265;0.4046;0.1637
N2Cl3Lu3,12.5704;0.3884;0.1508
N2Cl3Cd3,12.6252;0.3975;0.158
N2Cl3Br3,12.8864;0.3588;0.1287
N2Cl3I3,12.8449;0.37;0.1369
N2Cl3Dy3,12.6048;0.3968;0.1575
N2Cl3Sc3,12.2719;0.406;0.1649
N2Cl3Cr3,11.7175;0.4017;0.1613
N2Cl3D3,12.9347;0.3699;0.1368
N2Cl3Cs3,13.5137;0.4319;0.1865
N2Cl3Tc3,13.0092;0.3567;0.1272
N2Cl3Pu3,12.8323;0.3847;0.148
N2Cl3Am3,12.6587;0.3945;0.1557
N2Cl3Cm3,12.657;0.3943;0.1555
N2Cl3Po3,12.657;0.3943;0.1555
N2Sm3Li3,11.4353;0.4025;0.162
N2Ni3Li3,10.6828;0.4215;0.1777
N2Tb3Li3,11.3441;0.4068;0.1654
N2C3Pd3,10.7625;0.3123;0.0976
N2C3Mg3,12.1478;0.4229;0.1788
N2C3Li3,11.0992;0.406;0.1648
N2C3Ta3,10.2068;0.1187;0.0141
N2C3Na3,12.4401;0.3157;0.0997
N2C3H3,12.1096;0.5136;0.2638
N2C3Br3,10.966;0.3109;0.0967
N2C3I3,9.7479;0.2767;0.0766
N2C3Cs3,11.8177;0.6269;0.393
N2Gd3Li3,11.4249;0.3977;0.1582
N2In3Li3,10.964;0.4043;0.1635
N2Pd3Li3,11.0429;0.3817;0.1457
N2Zr3Li3,11.4635;0.2577;0.0664
N2Zr3Br3,10.8976;0.2944;0.0867
N2Mn3Li3,11.3263;0.4049;0.164
N2Ho3Li3,11.4002;0.3967;0.1574
N2Se3Li3,10.6543;0.4401;0.1936
N2Ti3Li3,11.7084;0.3769;0.1421
N2Ti3Br3,12.2619;0.3302;0.109
N2Hg3Li3,10.1171;0.4428;0.1961
N2Eu3Li3,11.4421;0.4018;0.1615
N2Rb3Li3,11.1303;0.4479;0.2006
N2Rb3Br3,11.2638;0.381;0.1451
N2Pr3Li3,11.0715;0.4308;0.1856
N2Mg3Li3,11.9781;0.5051;0.2551
N2Sb3Li3,11.0485;0.4027;0.1622
N2Er3Li3,11.4063;0.4042;0.1634
N2Rh3Li3,9.5902;0.4412;0.1946
N2Au3Li3,10.4425;0.4207;0.177
N2Zn3Li3,9.869;0.4475;0.2002
N2Li3Np3,11.444;0.4014;0.1611
N2Li3Si3,10.8101;0.4176;0.1744
N2Li3P3,11.0991;0.397;0.1576
N2Li3Ta3,11.1229;0.4224;0.1784
N2Li3Na3,12.3539;0.3979;0.1583
N2Li3H3,11.7568;0.4965;0.2465
N2Li3Pt3,10.1383;0.4153;0.1724
N2Li3Pa3,11.4419;0.402;0.1616
N2Li3Te3,10.2686;0.3962;0.157
N2Li3Yb3,11.4352;0.4025;0.162
N2Li3T3,11.4422;0.4021;0.1617
N2Li3Th3,11.0979;0.4219;0.178
N2Li3Lu3,11.2802;0.4024;0.1619
N2Li3Ag3,9.9706;0.411;0.1689
N2Li3Cd3,11.4;0.397;0.1576
N2Li3Br3,15.5753;0.3796;0.1441
N2Li3I3,14.263;0.3695;0.1366
N2Li3Dy3,11.4139;0.4054;0.1643
N2Li3Sc3,10.8772;0.4255;0.1811
N2Li3Cr3,10.3265;0.4281;0.1833
N2Li3D3,11.4559;0.3922;0.1538
N2Li3Cs3,12.3201;0.4411;0.1946
N2Li3Tc3,11.4552;0.4031;0.1625
N2Li3Pu3,11.4748;0.4064;0.1651
N2Li3Am3,11.4419;0.402;0.1616
N2Li3Cm3,11.4419;0.402;0.1616
N2Li3Po3,11.4419;0.402;0.1616
N2Na3Br3,11.2606;0.3488;0.1216
N2H3Br3,11.1691;0.4669;0.218
N2Br3I3,10.0565;0.4171;0.174
N2Br3D3,10.0341;0.3811;0.1452
N2Br3Cs3,10.9245;0.5026;0.2526
N2Br3Tc3,10.2309;0.3839;0.1474
N2Br3Pu3,9.8314;0.3981;0.1585
Be2N3Nb3,9.8411;0.3192;0.1019
Be2N3Cl3,13.6771;0.3305;0.1092
Be2N3Li3,10.4005;0.3994;0.1596
Be2N3Br3,10.2884;0.362;0.1311
Be2C3Pd3,9.9047;0.3729;0.139
Be2C3Mg3,10.6496;0.469;0.2199
Nb2Mo3C3,10.2606;0.1658;0.0275
Nb2Sn3Al3,12.1104;0.3472;0.1206
Nb2N3Hf3,10.7859;0.3708;0.1375
Nb2N3Cl3,13.9284;0.2927;0.0857
Nb2N3C3,14.461;0.2548;0.0649
Nb2N3Ti3,13.8781;0.2393;0.0573
Nb2N3Li3,11.2133;0.3614;0.1306
Nb2N3Na3,10.6255;0.3253;0.1058
Nb2N3H3,10.2468;0.4147;0.172
Nb2N3Br3,11.8973;0.2922;0.0854
Nb2N3I3,9.9649;0.2967;0.088
Nb2N3Cs3,10.6015;0.3802;0.1445
Nb2N3Tc3,9.8668;0.2649;0.0702
Nb2C3Pd3,10.0466;0.3191;0.1018
Nb2C3Mg3,11.4731;0.4734;0.2241
Tl2Ca3Li3,10.9695;0.2009;0.0403
Tl2Mo3Ni3,10.4435;0.2834;0.0803
Tl2N3Nb3,9.9836;0.322;0.1037
Tl2N3Cl3,13.8152;0.3225;0.104
Tl2N3C3,9.8752;0.3216;0.1034
Tl2N3Li3,11.1463;0.3673;0.1349
Tl2N3Br3,10.4969;0.3502;0.1226
Tl2C3Pd3,10.1603;0.4252;0.1808
Tl2C3Mg3,10.1719;0.4893;0.2394
Y2Ba3K3,11.3438;0.566;0.3204
Y2Ca3Li3,9.8546;0.2671;0.0713
Y2Mo3Ni3,9.819;0.2937;0.0862
Y2N3Cl3,12.445;0.3499;0.1224
Y2N3Li3,10.7886;0.3955;0.1564
Y2N3Br3,9.9228;0.3546;0.1257
Y2C3Pd3,10.6233;0.4205;0.1768
Hf2Ca3Li3,12.8131;0.3361;0.113
Hf2O3Li3,10.4272;0.3806;0.1448
Hf2N3Nb3,11.5676;0.3509;0.1231
Hf2N3Cl3,19.8543;0.2474;0.0612
Hf2N3C3,11.0553;0.3508;0.1231
Hf2N3Li3,18.6875;0.3844;0.1478
Hf2N3Na3,10.3277;0.4314;0.1861
Hf2N3H3,10.0623;0.5088;0.2589
Hf2N3Br3,14.3706;0.4104;0.1684
Hf2N3I3,10.6206;0.4576;0.2094
Hf2N3Cs3,10.1323;0.5427;0.2945
Hf2Cl3Li3,11.8464;0.536;0.2873
Hf2Cl3Ta3,9.7864;0.4139;0.1713
Hf2Cl3Tc3,9.6713;0.4228;0.1788
Hf2C3Pd3,10.1065;0.3605;0.13
Hf2C3Mg3,10.9406;0.4858;0.236
Hf2Mg3Li3,9.7892;0.5675;0.3221
Hf2Li3Br3,10.6487;0.5394;0.291
Cl2Ba3K3,10.3025;0.4977;0.2477
Cl2Ba3N3,14.1872;0.3827;0.1465
Cl2K3N3,12.9826;0.3176;0.1009
Cl2Fe3N3,14.0268;0.4024;0.1619
Cl2As3N3,14.281;0.4078;0.1663
Cl2Ca3N3,14.1187;0.3912;0.153
Cl2Ca3Li3,12.0949;0.3268;0.1068
Cl2La3N3,13.6165;0.4091;0.1673
Cl2Cu3N3,14.0183;0.398;0.1584
Cl2O3N3,14.1208;0.4173;0.1741
Cl2O3Li3,10.3261;0.341;0.1163
Cl2Mo3N3,12.8716;0.3854;0.1485
Cl2Mo3Ni3,10.0593;0.3236;0.1047
Cl2Ru3N3,13.8241;0.39;0.1521
Cl2Tm3N3,14.4958;0.3856;0.1487
Cl2Os3N3,14.1577;0.3694;0.1365
Cl2Sn3N3,13.8538;0.3891;0.1514
Cl2Nd3N3,14.4756;0.3872;0.1499
Cl2Bi3N3,13.6451;0.3852;0.1484
Cl2Pb3N3,14.1795;0.4116;0.1694
Cl2S3N3,12.7761;0.4485;0.2012
Cl2F3N3,14.3921;0.3814;0.1455
Cl2V3N3,13.2145;0.3982;0.1586
Cl2V3Hf3,9.7371;0.473;0.2237
Cl2Ga3N3,11.9251;0.3955;0.1565
Cl2Al3N3,10.3761;0.4174;0.1742
Cl2Sr3N3,14.9867;0.3664;0.1342
Cl2Co3N3,12.9159;0.415;0.1722
Cl2Re3N3,14.3373;0.3969;0.1576
Cl2W3N3,14.1954;0.4055;0.1645
Cl2N3Be3,14.3729;0.3924;0.154
Cl2N3Nb3,15.0922;0.3224;0.1039
Cl2N3Tl3,14.5699;0.3786;0.1433
Cl2N3Y3,12.9196;0.4095;0.1677
Cl2N3Hf3,22.9627;0.2275;0.0517
Cl2N3Sm3,14.4962;0.3846;0.1479
Cl2N3Ni3,13.5682;0.405;0.164
Cl2N3Tb3,14.408;0.3881;0.1507
Cl2N3Ce3,10.3079;0.4752;0.2258
Cl2N3B3,12.8083;0.4344;0.1887
Cl2N3C3,11.952;0.3284;0.1079
Cl2N3Gd3,14.4982;0.3853;0.1485
Cl2N3In3,13.9009;0.4182;0.1749
Cl2N3Pd3,13.4221;0.4133;0.1708
Cl2N3Zr3,12.6168;0.1271;0.0162
Cl2N3Mn3,14.3936;0.4036;0.1629
Cl2N3Ho3,14.4587;0.3823;0.1461
Cl2N3Se3,13.9657;0.3988;0.159
Cl2N3Ti3,15.0728;0.3108;0.0966
Cl2N3Hg3,14.5203;0.3819;0.1458
Cl2N3Eu3,14.509;0.3821;0.146
Cl2N3Rb3,14.7004;0.3381;0.1143
Cl2N3Pr3,14.0721;0.4111;0.169
Cl2N3Mg3,12.1413;0.4873;0.2375
Cl2N3Sb3,14.0617;0.4038;0.163
Cl2N3Er3,14.4771;0.3845;0.1478
Cl2N3Rh3,12.7899;0.4151;0.1723
Cl2N3Au3,13.3877;0.4179;0.1746
Cl2N3Zn3,14.2361;0.3636;0.1322
Cl2N3Li3,16.2043;0.3004;0.0902
Cl2N3Np3,14.5163;0.3822;0.1461
Cl2N3Si3,13.5516;0.4073;0.1659
Cl2N3P3,14.479;0.3906;0.1526
Cl2N3Ta3,13.8866;0.4174;0.1742
Cl2N3Na3,14.9716;0.3;0.09
Cl2N3H3,15.3438;0.4035;0.1628
Cl2N3Pt3,13.9332;0.3866;0.1495
Cl2N3Ge3,12.2375;0.447;0.1998
Cl2N3Pa3,14.5032;0.3835;0.1471
Cl2N3Te3,13.0752;0.4336;0.188
Cl2N3Ir3,11.6552;0.3981;0.1585
Cl2N3Yb3,14.5003;0.3848;0.1481
Cl2N3T3,14.5051;0.3833;0.1469
Cl2N3U3,11.5307;0.4339;0.1883
Cl2N3Th3,14.0299;0.4233;0.1792
Cl2N3Lu3,14.3845;0.3755;0.141
Cl2N3Ag3,10.8159;0.4445;0.1976
Cl2N3Cd3,14.4793;0.3881;0.1506
Cl2N3Br3,14.5643;0.3796;0.1441
Cl2N3I3,14.6134;0.38;0.1444
Cl2N3Dy3,14.4852;0.3882;0.1507
Cl2N3Sc3,13.8402;0.4398;0.1934
Cl2N3Cr3,13.2043;0.4058;0.1647
Cl2N3D3,14.6024;0.373;0.1391
Cl2N3Cs3,15.2825;0.3995;0.1596
Cl2N3Tc3,14.6043;0.3619;0.131
Cl2N3Pu3,14.5448;0.378;0.1428
Cl2N3Am3,14.5037;0.3833;0.1469
Cl2N3Cm3,14.5032;0.3835;0.1471
Cl2N3Po3,14.5032;0.3835;0.1471
Cl2Hf3Li3,12.7804;0.556;0.3091
Cl2Hf3Ta3,10.7149;0.4349;0.1892
Cl2Hf3H3,9.5908;0.4523;0.2046
Cl2Hf3D3,10.2343;0.4761;0.2267
Cl2Hf3Tc3,10.4578;0.4461;0.199
Cl2Hf3Pu3,9.6945;0.5109;0.261
Cl2B3Mg3,10.1458;0.5035;0.2535
Cl2C3Mg3,10.4527;0.4924;0.2424
Cl2Mg3Li3,10.4061;0.5329;0.284
Sm2Ca3Li3,10.9762;0.2023;0.0409
Sm2Mo3Ni3,10.229;0.2878;0.0828
Sm2N3Nb3,9.8707;0.317;0.1005
Sm2N3Cl3,13.8104;0.322;0.1037
Sm2N3C3,9.7406;0.2767;0.0766
Sm2N3Li3,11.1363;0.3679;0.1353
Sm2N3Br3,10.4242;0.3488;0.1216
Sm2C3Pd3,10.0254;0.3649;0.1332
Sm2C3Mg3,10.7569;0.5013;0.2513
Ni2Mo3P3,9.8285;0.3284;0.1078
Ni2N3Cl3,13.1371;0.3385;0.1146
Ni2N3Li3,10.7544;0.3898;0.152
Ni2N3Br3,9.8172;0.3786;0.1433
Ni2C3Mg3,10.6119;0.4911;0.2412
Tb2Ca3Li3,10.5755;0.2258;0.051
Tb2Mo3Ni3,9.9053;0.3133;0.0981
Tb2N3Nb3,9.8468;0.3172;0.1006
Tb2N3Cl3,13.7238;0.3302;0.109
Tb2N3Li3,11.0488;0.3699;0.1368
Tb2N3Br3,10.3013;0.3655;0.1336
Ce2N3Cl3,10.1807;0.4231;0.179
B2N3Cl3,12.3678;0.3967;0.1574
B2C3Pd3,11.6966;0.3479;0.121
B2C3Mg3,12.4934;0.5285;0.2793
B2Mg3Li3,9.5329;0.5454;0.2974
C2Ba3N3,9.9947;0.3235;0.1046
C2Ba3Mg3,9.661;0.5197;0.2701
C2K3N3,9.8454;0.3194;0.102
C2Fe3Mg3,10.3188;0.568;0.3226
C2As3N3,10.3282;0.2759;0.0761
C2As3Mg3,10.3374;0.5115;0.2616
C2Ca3N3,10.3961;0.2781;0.0773
C2Ca3Pd3,10.4884;0.3737;0.1396
C2Ca3Mg3,10.436;0.4802;0.2306
C2La3N3,9.9119;0.2735;0.0748
C2La3Pd3,9.7345;0.3678;0.1353
C2Cu3N3,10.2443;0.2752;0.0757
C2Cu3Pd3,9.8355;0.3855;0.1486
C2O3N3,9.8605;0.3185;0.1014
C2O3Pd3,9.972;0.3922;0.1538
C2O3Mg3,10.646;0.5065;0.2565
C2Mo3Mg3,10.239;0.4618;0.2133
C2Ru3N3,9.953;0.2796;0.0782
C2Ru3Mg3,10.0218;0.5372;0.2885
C2Tm3N3,10.5033;0.2664;0.071
C2Tm3Pd3,9.7256;0.3749;0.1406
C2Tm3Mg3,10.6066;0.5013;0.2513
C2Os3N3,10.2598;0.2769;0.0767
C2Os3Mg3,10.3216;0.5006;0.2506
C2Sn3N3,10.2421;0.2947;0.0869
C2Sn3Mg3,9.8016;0.5249;0.2755
C2Nd3N3,9.8465;0.2903;0.0842
C2Nd3Mg3,9.917;0.5133;0.2635
C2Bi3N3,9.9403;0.2839;0.0806
C2Pb3N3,10.1196;0.2816;0.0793
C2Pb3Mg3,10.2366;0.4919;0.242
C2S3Pd3,10.115;0.4265;0.1819
C2S3Mg3,11.2628;0.5043;0.2543
C2F3N3,10.1866;0.2763;0.0763
C2F3Mg3,10.4326;0.5143;0.2645
C2V3Mg3,9.8906;0.5246;0.2752
C2Sr3N3,10.7046;0.2755;0.0759
C2Sr3Pd3,9.8115;0.3607;0.1301
C2Sr3Mg3,10.5403;0.5022;0.2522
C2Co3Mg3,10.515;0.5393;0.2908
C2Re3N3,10.2187;0.2682;0.072
C2Re3Mg3,10.3894;0.5193;0.2697
C2W3N3,10.1888;0.2749;0.0756
C2W3Pd3,9.8182;0.3567;0.1273
C2W3Mg3,10.8088;0.5009;0.2509
C2N3Be3,10.4416;0.278;0.0773
C2N3Nb3,16.074;0.2159;0.0466
C2N3Tl3,10.6474;0.3307;0.1093
C2N3Y3,9.8312;0.318;0.1011
C2N3Hf3,11.8486;0.3416;0.1167
C2N3Cl3,11.7805;0.3144;0.0988
C2N3Sm3,10.5337;0.2684;0.072
C2N3Pd3,11.8908;0.3;0.09
C2N3Zr3,9.9814;0.2863;0.082
C2N3Mn3,10.0856;0.2912;0.0848
C2N3Ho3,10.3068;0.2761;0.0762
C2N3Se3,10.2586;0.2828;0.08
C2N3Ti3,10.0344;0.311;0.0967
C2N3Hg3,10.7814;0.2981;0.0889
C2N3Eu3,10.542;0.2678;0.0717
C2N3Mg3,12.9327;0.3938;0.1551
C2N3Sb3,10.167;0.288;0.0829
C2N3Er3,10.412;0.288;0.0829
C2N3Au3,9.8579;0.2725;0.0743
C2N3Zn3,10.2395;0.2707;0.0733
C2N3Li3,11.6807;0.3689;0.1361
C2N3Np3,10.5468;0.2677;0.0717
C2N3Si3,9.9797;0.2963;0.0878
C2N3P3,10.5154;0.2708;0.0733
C2N3Ta3,11.247;0.1275;0.0163
C2N3Na3,13.0716;0.3197;0.1022
C2N3H3,12.9953;0.4799;0.2303
C2N3Pt3,9.8301;0.2705;0.0732
C2N3Pa3,10.5415;0.2684;0.072
C2N3Yb3,10.5105;0.2705;0.0732
C2N3T3,10.5422;0.2684;0.0721
C2N3Cd3,10.4335;0.265;0.0702
C2N3Br3,11.9302;0.2542;0.0646
C2N3I3,10.9704;0.2733;0.0747
C2N3Sc3,9.9424;0.3154;0.0995
C2N3D3,10.6236;0.2602;0.0677
C2N3Cs3,12.6084;0.6307;0.3978
C2N3Tc3,10.6961;0.2627;0.069
C2N3Pu3,10.6043;0.271;0.0734
C2N3Am3,10.5416;0.2683;0.072
C2N3Cm3,10.5415;0.2684;0.072
C2N3Po3,10.5415;0.2684;0.072
C2Be3Mg3,10.4339;0.4667;0.2178
C2Nb3Pd3,9.6853;0.3287;0.1081
C2Nb3Mg3,11.2642;0.471;0.2218
C2Tl3Pd3,9.7909;0.4392;0.1929
C2Tl3Mg3,10.11;0.4953;0.2453
C2Y3Pd3,10.8844;0.3826;0.1464
C2Y3Mg3,9.5777;0.4448;0.1978
C2Hf3Mg3,10.5792;0.5077;0.2577
C2Cl3Mg3,9.9994;0.5119;0.2621
C2Sm3Pd3,9.6718;0.3792;0.1438
C2Sm3Mg3,10.5452;0.5046;0.2546
C2Ni3Mg3,10.7347;0.433;0.1875
C2B3Pd3,14.2243;0.3958;0.1566
C2B3Mg3,14.1995;0.5527;0.3055
C2Gd3Mg3,9.8632;0.5087;0.2588
C2Pd3Hg3,10.1273;0.3797;0.1442
C2Pd3Eu3,9.7083;0.3761;0.1414
C2Pd3Mg3,12.4916;0.4708;0.2216
C2Pd3Np3,9.8789;0.367;0.1347
C2Pd3Ta3,10.1747;0.3403;0.1158
C2Pd3H3,10.5514;0.344;0.1183
C2Pd3Pa3,9.7264;0.3783;0.1431
C2Pd3Yb3,9.7088;0.3783;0.1431
C2Pd3T3,9.7401;0.3764;0.1417
C2Pd3Th3,9.9064;0.3593;0.1291
C2Pd3Cd3,9.8161;0.3619;0.131
C2Pd3Br3,10.2506;0.3703;0.1371
C2Pd3I3,10.0379;0.3506;0.1229
C2Pd3Sc3,9.6387;0.388;0.1505
C2Pd3D3,10.39;0.3572;0.1276
C2Pd3Tc3,10.3605;0.3604;0.1299
C2Pd3Pu3,10.0359;0.3754;0.1409
C2Pd3Am3,9.7011;0.3805;0.1448
C2Pd3Cm3,9.7264;0.3783;0.1431
C2Pd3Po3,9.7264;0.3783;0.1431
C2Zr3Mg3,10.4422;0.5463;0.2984
C2Mn3Mg3,11.3383;0.6282;0.3946
C2Ho3Mg3,10.3604;0.5196;0.27
C2Se3Mg3,10.551;0.5012;0.2512
C2Ti3Mg3,10.0632;0.5669;0.3214
C2Hg3Mg3,9.9413;0.4986;0.2486
C2Eu3Mg3,10.5567;0.5032;0.2532
C2Pr3Mg3,9.8895;0.5092;0.2593
C2Mg3Sb3,9.7324;0.4861;0.2363
C2Mg3Er3,10.5593;0.5252;0.2758
C2Mg3Li3,12.191;0.5912;0.3495
C2Mg3Np3,10.5664;0.5029;0.2529
C2Mg3P3,10.5184;0.5167;0.267
C2Mg3Ta3,11.0329;0.5113;0.2615
C2Mg3Na3,11.061;0.5395;0.2911
C2Mg3H3,11.0675;0.5138;0.264
C2Mg3Pt3,9.8871;0.4876;0.2377
C2Mg3Ge3,9.622;0.5134;0.2636
C2Mg3Pa3,10.5596;0.5024;0.2524
C2Mg3Te3,9.5581;0.5148;0.265
C2Mg3Yb3,10.5333;0.5023;0.2523
C2Mg3T3,10.5602;0.5024;0.2524
C2Mg3Th3,10.4644;0.5178;0.2682
C2Mg3Lu3,10.235;0.501;0.251
C2Mg3Ag3,9.9645;0.5243;0.2748
C2Mg3Br3,10.9784;0.5123;0.2625
C2Mg3I3,10.8592;0.4934;0.2435
C2Mg3Dy3,9.8649;0.5023;0.2523
C2Mg3Sc3,11.4518;0.5141;0.2643
C2Mg3D3,10.788;0.5077;0.2577
C2Mg3Tc3,10.9142;0.4967;0.2467
C2Mg3Pu3,10.7388;0.5104;0.2606
C2Mg3Am3,10.5596;0.5024;0.2524
C2Mg3Cm3,10.5596;0.5024;0.2524
C2Mg3Po3,10.5596;0.5024;0.2524
Gd2Ca3Li3,10.9219;0.1955;0.0382
Gd2Mo3Ni3,10.4531;0.289;0.0835
Gd2N3Nb3,9.9396;0.3187;0.1015
Gd2N3Cl3,13.8043;0.3257;0.1061
Gd2N3Li3,11.1282;0.3648;0.1331
Gd2N3Br3,10.421;0.3559;0.1266
Gd2C3Mg3,10.0857;0.4994;0.2494
In2Ca3Li3,10.6464;0.2052;0.0421
In2N3Cl3,13.2733;0.3512;0.1233
In2N3Li3,10.7322;0.3786;0.1433
In2N3Br3,9.8719;0.3592;0.129
In2C3Mg3,9.5807;0.5236;0.2742
Pd2Ca3Li3,9.7909;0.2187;0.0478
Pd2Cu3H3,10.2572;0.3766;0.1418
Pd2Mo3C3,9.8755;0.1958;0.0383
Pd2N3Cl3,12.7918;0.3497;0.1223
Pd2N3C3,10.6599;0.2933;0.086
Pd2N3Li3,10.6017;0.3605;0.1299
Pd2B3C3,11.4226;0.3913;0.1531
Pd2C3Mg3,12.0643;0.4667;0.2178
Zr2Ca3Li3,10.3895;0.2262;0.0512
Zr2N3Nb3,10.1417;0.3159;0.0998
Zr2N3Cl3,13.1352;0.0505;0.0026
Zr2N3Li3,11.2806;0.2653;0.0704
Zr2N3Br3,11.8983;0.2884;0.0832
Zr2C3Mg3,10.4775;0.5509;0.3034
Mn2Ca3Li3,10.3449;0.2393;0.0573
Mn2Mo3Ni3,9.6792;0.3315;0.1099
Mn2N3Nb3,9.7936;0.3294;0.1085
Mn2N3Cl3,13.7247;0.335;0.1122
Mn2N3Li3,11.0327;0.3708;0.1375
Mn2N3Br3,10.2277;0.3532;0.1248
Mn2B3Mg3,11.5577;0.6967;0.4854
Mn2C3Mg3,11.6364;0.6228;0.3879
Mn2Mg3Li3,10.6198;0.6468;0.4184
Ho2Ca3Li3,10.6798;0.2084;0.0434
Ho2Mo3Ni3,10.0443;0.3019;0.0911
Ho2N3Nb3,9.9044;0.3156;0.0996
Ho2N3Cl3,13.777;0.319;0.1018
Ho2N3Li3,11.1019;0.3628;0.1316
Ho2N3Br3,10.3442;0.3658;0.1338
Ho2C3Mg3,10.4464;0.5213;0.2717
Se2Ca3Li3,10.0369;0.2469;0.061
Se2N3Cl3,13.5977;0.3207;0.1028
Se2N3C3,9.7346;0.2771;0.0768
Se2N3Li3,10.5994;0.3985;0.1588
Se2N3Br3,10.2121;0.3539;0.1253
Se2C3Pd3,9.9209;0.3624;0.1313
Se2C3Mg3,10.7616;0.497;0.247
Ti2Ca3Li3,9.9934;0.2508;0.0629
Ti2Mo3Ni3,10.0085;0.2782;0.0774
Ti2N3Nb3,14.7479;0.2496;0.0623
Ti2N3Hf3,9.7592;0.4152;0.1724
Ti2N3Cl3,14.776;0.2481;0.0616
Ti2N3C3,10.8768;0.2761;0.0762
Ti2N3Li3,11.5693;0.3335;0.1112
Ti2N3Br3,13.4309;0.263;0.0692
Ti2C3Pd3,9.9343;0.3656;0.1336
Ti2C3Mg3,11.3598;0.5678;0.3224
Hg2Mo3Ni3,10.263;0.2932;0.086
Hg2N3Nb3,9.9589;0.3173;0.1007
Hg2N3Cl3,13.8129;0.3226;0.1041
Hg2N3C3,10.0009;0.3024;0.0915
Hg2N3Li3,9.838;0.3959;0.1567
Hg2N3Br3,10.4636;0.3468;0.1203
Hg2C3Pd3,10.4929;0.3815;0.1455
Hg2C3Mg3,10.1831;0.5106;0.2607
Eu2Ca3Li3,11.0393;0.1994;0.0397
Eu2N3Nb3,9.7681;0.3309;0.1095
Eu2N3Cl3,13.8122;0.323;0.1043
Eu2N3C3,9.7484;0.2754;0.0759
Eu2N3Li3,11.1425;0.3673;0.1349
Eu2N3Br3,10.4594;0.3501;0.1226
Eu2C3Pd3,10.055;0.3649;0.1331
Eu2C3Mg3,10.7692;0.4988;0.2488
Rb2Ba3K3,11.3794;0.5483;0.3007
Rb2Ba3Bi3,10.6675;0.57;0.3249
Rb2N3Nb3,9.7577;0.3329;0.1108
Rb2N3Hf3,10.124;0.3886;0.151
Rb2N3Cl3,14.0761;0.2861;0.0819
Rb2N3Li3,10.9174;0.4129;0.1705
Rb2N3Br3,12.0626;0.3322;0.1103
Pr2Ca3Li3,10.6257;0.2195;0.0482
Pr2Mo3Ni3,9.9442;0.2893;0.0837
Pr2N3Nb3,9.795;0.3119;0.0973
Pr2N3Cl3,13.7089;0.3252;0.1057
Pr2N3Li3,11.0378;0.3797;0.1442
Pr2N3Br3,10.2772;0.3648;0.1331
Pr2C3Mg3,10.0457;0.501;0.251
Mg2Fe3Li3,9.7209;0.6209;0.3855
Mg2Ca3Li3,11.4323;0.5912;0.3496
Mg2O3Li3,10.3819;0.5562;0.3093
Mg2Mo3C3,10.1095;0.374;0.1399
Mg2Pb3Li3,10.6079;0.5352;0.2864
Mg2Al3B3,9.9243;0.5919;0.3504
Mg2N3Cl3,12.9629;0.5513;0.304
Mg2N3C3,11.2171;0.4041;0.1633
Mg2N3Li3,12.6984;0.473;0.2237
Mg2Hf3Li3,10.7192;0.618;0.382
Mg2Cl3B3,10.3202;0.609;0.3709
Mg2Cl3Li3,10.8965;0.5967;0.3561
Mg2B3Zr3,9.6035;0.5882;0.346
Mg2B3Mn3,9.7064;0.5947;0.3536
Mg2B3Ti3,10.1785;0.668;0.4462
Mg2B3Li3,11.2892;0.6149;0.3781
Mg2B3Na3,9.5723;0.6518;0.4248
Mg2B3Sc3,10.4352;0.6711;0.4503
Mg2B3Tc3,9.5971;0.5297;0.2806
Mg2C3Pd3,11.2893;0.4201;0.1765
Mg2Zr3Li3,10.2192;0.5914;0.3498
Mg2Mn3Li3,9.9544;0.6125;0.3752
Mg2Ti3Li3,10.7271;0.6412;0.4111
Mg2Li3Na3,9.7962;0.664;0.4409
Mg2Li3Br3,10.1915;0.6137;0.3766
Mg2Li3I3,9.7865;0.6063;0.3676
Mg2Li3Sc3,10.2138;0.6564;0.4308
Sb2Ca3Li3,10.1602;0.2348;0.0552
Sb2N3Cl3,13.3608;0.3455;0.1194
Sb2N3Li3,10.7508;0.3658;0.1338
Sb2N3Br3,9.9578;0.3638;0.1324
Sb2C3Mg3,9.9101;0.4872;0.2373
Er2Ca3Li3,10.7499;0.2113;0.0446
Er2Mo3Ni3,10.0334;0.2921;0.0853
Er2N3Nb3,9.9337;0.323;0.1043
Er2N3Cl3,13.7955;0.3227;0.1041
Er2N3Li3,11.1084;0.368;0.1354
Er2N3Br3,10.364;0.3589;0.1288
Er2C3Pd3,9.8335;0.3822;0.1461
Er2C3Mg3,10.8339;0.5154;0.2656
Rh2N3Cl3,12.056;0.3694;0.1365
Au2Ca3Li3,10.6479;0.2025;0.041
Au2Mo3Ni3,10.0981;0.2864;0.082
Au2N3Nb3,9.6976;0.3142;0.0987
Au2N3Cl3,13.6614;0.3333;0.1111
Au2N3Li3,11.0276;0.3703;0.1371
Au2N3Br3,10.3229;0.3546;0.1257
Au2C3Pd3,10.2327;0.3314;0.1098
Au2C3Mg3,10.8408;0.5111;0.2613
Zn2N3Cl3,13.5253;0.3156;0.0996
Zn2N3Li3,10.8976;0.3776;0.1426
Zn2N3Br3,10.6177;0.3391;0.115
Li2Ba3N3,10.502;0.3989;0.1592
Li2K3N3,10.662;0.4033;0.1627
Li2Fe3N3,11.1522;0.3811;0.1452
Li2As3N3,11.2131;0.3956;0.1565
Li2Ca3N3,12.1442;0.3771;0.1422
Li2Ca3Hf3,10.8509;0.4132;0.1708
Li2Ca3Cl3,10.0296;0.3731;0.1392
Li2Ca3Br3,9.8683;0.3975;0.158
Li2La3N3,11.0488;0.4001;0.16
Li2Cu3N3,10.7311;0.3505;0.1229
Li2O3N3,11.6617;0.3662;0.1341
Li2Ru3N3,10.9175;0.392;0.1537
Li2Tm3N3,11.5265;0.3838;0.1473
Li2Os3N3,11.2563;0.3877;0.1503
Li2Sn3N3,10.9573;0.3922;0.1538
Li2Nd3N3,11.5039;0.3808;0.145
Li2Bi3N3,9.9678;0.4122;0.1699
Li2Pb3N3,11.4935;0.3776;0.1426
Li2S3N3,10.1091;0.3959;0.1567
Li2F3N3,11.2729;0.3905;0.1525
Li2V3N3,10.2623;0.4182;0.1749
Li2Sr3N3,11.6051;0.3896;0.1518
Li2Co3N3,10.1595;0.4337;0.1881
Li2Re3N3,11.372;0.3936;0.1549
Li2W3N3,11.0991;0.4187;0.1753
Li2N3Be3,10.6578;0.4113;0.1692
Li2N3Nb3,11.5821;0.3825;0.1463
Li2N3Tl3,11.5674;0.3802;0.1446
Li2N3Y3,10.8709;0.4088;0.1671
Li2N3Hf3,19.3752;0.3647;0.133
Li2N3Cl3,15.6688;0.334;0.1116
Li2N3Sm3,11.5246;0.3838;0.1473
Li2N3Ni3,10.9167;0.4118;0.1696
Li2N3Tb3,11.4378;0.3896;0.1518
Li2N3C3,11.3867;0.3839;0.1474
Li2N3Gd3,11.523;0.381;0.1451
Li2N3In3,11.0994;0.3968;0.1574
Li2N3Pd3,10.9768;0.3809;0.1451
Li2N3Zr3,11.5748;0.2529;0.0639
Li2N3Mn3,11.4297;0.3871;0.1499
Li2N3Ho3,11.494;0.3825;0.1463
Li2N3Se3,10.6425;0.4049;0.1639
Li2N3Ti3,12.1449;0.3374;0.1138
Li2N3Hg3,10.3833;0.4025;0.162
Li2N3Eu3,11.5359;0.3822;0.1461
Li2N3Rb3,11.2917;0.4079;0.1664
Li2N3Pr3,11.1397;0.4139;0.1713
Li2N3Mg3,12.0445;0.5052;0.2552
Li2N3Sb3,11.1456;0.3805;0.1448
Li2N3Er3,11.499;0.3831;0.1468
Li2N3Rh3,9.74;0.4323;0.1869
Li2N3Au3,10.5668;0.3884;0.1509
Li2N3Zn3,10.414;0.421;0.1772
Li2N3Np3,11.5409;0.3806;0.1448
Li2N3Si3,10.9235;0.4064;0.1652
Li2N3P3,11.0817;0.3806;0.1449
Li2N3Ta3,11.1287;0.4168;0.1737
Li2N3Na3,12.4702;0.3942;0.1554
Li2N3H3,11.7533;0.4566;0.2084
Li2N3Pt3,10.4732;0.372;0.1384
Li2N3Ge3,9.6272;0.4142;0.1715
Li2N3Pa3,11.5332;0.3825;0.1463
Li2N3Te3,10.3688;0.4033;0.1627
Li2N3Yb3,11.5277;0.3827;0.1464
Li2N3T3,11.5342;0.3822;0.1461
Li2N3Th3,11.1812;0.4138;0.1712
Li2N3Lu3,11.3943;0.3768;0.142
Li2N3Ag3,10.1181;0.4281;0.1832
Li2N3Cd3,11.494;0.3786;0.1433
Li2N3Br3,15.6421;0.3536;0.125
Li2N3I3,14.4714;0.3583;0.1284
Li2N3Dy3,11.503;0.3867;0.1496
Li2N3Sc3,10.9503;0.4184;0.1751
Li2N3Cr3,10.4406;0.4078;0.1663
Li2N3D3,11.6015;0.3702;0.137
Li2N3Cs3,12.3673;0.4474;0.2001
Li2N3Tc3,11.6126;0.3872;0.15
Li2N3Pu3,11.5777;0.3818;0.1458
Li2N3Am3,11.5332;0.3824;0.1462
Li2N3Cm3,11.5332;0.3825;0.1463
Li2N3Po3,11.5332;0.3825;0.1463
Li2Hf3Cl3,11.7652;0.5262;0.2769
Li2Hf3Mg3,9.6182;0.6213;0.386
Li2Hf3Br3,10.4241;0.5253;0.2759
Li2Cl3Mg3,9.8887;0.5828;0.3396
Li2B3Mg3,11.0721;0.6635;0.4402
Li2C3Mg3,12.1741;0.6046;0.3656
Li2Mn3Mg3,10.22;0.677;0.4583
Li2Ti3Mg3,9.8125;0.6056;0.3668
Np2Ca3Li3,11.0603;0.1969;0.0388
Np2Mo3Ni3,10.2638;0.293;0.0859
Np2N3Nb3,9.9591;0.3174;0.1008
Np2N3Cl3,13.8141;0.3228;0.1042
Np2N3C3,9.7506;0.2762;0.0763
Np2N3Li3,11.144;0.3664;0.1342
Np2N3Br3,10.4677;0.35;0.1225
Np2C3Pd3,10.1851;0.3586;0.1286
Np2C3Mg3,10.7749;0.4993;0.2493
Si2N3Nb3,10.5554;0.3354;0.1125
Si2N3Cl3,13.6048;0.3155;0.0995
Si2N3C3,9.7361;0.3016;0.091
Si2N3Li3,11.1989;0.3694;0.1364
Si2N3Br3,10.4993;0.3804;0.1447
Si2C3Pd3,9.6712;0.3595;0.1292
P2Ca3Li3,10.0507;0.2217;0.0492
P2Mo3Ni3,12.8885;0.2646;0.07
P2S3Nb3,10.4332;0.2048;0.0419
P2N3Nb3,10.3741;0.2866;0.0821
P2N3Hf3,9.717;0.4068;0.1655
P2N3Cl3,13.8108;0.3216;0.1034
P2N3C3,9.7439;0.2759;0.0761
P2N3Li3,10.997;0.359;0.1289
P2N3Br3,10.4481;0.348;0.1211
P2C3Pd3,9.7897;0.3561;0.1268
P2C3Mg3,10.7709;0.5008;0.2508
Ta2Ca3Li3,10.7963;0.198;0.0392
Ta2Mo3Ni3,9.9752;0.3089;0.0954
Ta2N3Nb3,9.9622;0.2806;0.0787
Ta2N3Hf3,9.6505;0.4243;0.18
Ta2N3Cl3,13.8028;0.3217;0.1035
Ta2N3C3,10.2764;0.2573;0.0662
Ta2N3Li3,11.129;0.37;0.1369
Ta2N3Br3,10.4187;0.3567;0.1272
Ta2C3Pd3,10.5974;0.3373;0.1138
Ta2C3Mg3,11.2876;0.5047;0.2547
Na2Ca3Li3,11.0045;0.1949;0.038
Na2N3Nb3,11.1746;0.338;0.1143
Na2N3Hf3,10.772;0.3932;0.1546
Na2N3Cl3,14.7364;0.2412;0.0582
Na2N3C3,12.5953;0.3302;0.109
Na2N3Li3,12.0786;0.3845;0.1479
Na2N3Br3,12.3841;0.3027;0.0916
Na2C3Pd3,9.7853;0.3473;0.1206
Na2C3Mg3,11.1312;0.5345;0.2857
H2Ba3K3,9.5853;0.4911;0.2412
H2Ca3Li3,10.4248;0.2176;0.0473
H2Mo3Ni3,10.128;0.3133;0.0981
H2N3Nb3,11.0158;0.4317;0.1864
H2N3Hf3,10.8502;0.4889;0.239
H2N3Cl3,14.5346;0.3672;0.1348
H2N3C3,12.7863;0.5066;0.2567
H2N3Li3,11.9952;0.4439;0.197
H2N3Br3,11.6823;0.4377;0.1916
H2C3Pd3,11.0754;0.3686;0.1359
H2C3Mg3,11.5728;0.4884;0.2386
Pt2N3Cl3,13.2355;0.3213;0.1033
Pt2N3Li3,10.2713;0.378;0.1429
Pt2N3Br3,10.0698;0.3513;0.1234
Pt2C3Mg3,9.9437;0.489;0.2392
Ge2N3Cl3,11.8207;0.3515;0.1235
Ge2C3Mg3,9.9298;0.5161;0.2663
Pa2Ca3Li3,11.0602;0.1969;0.0388
Pa2Mo3Ni3,10.2634;0.2931;0.0859
Pa2N3Nb3,9.9591;0.3174;0.1008
Pa2N3Cl3,13.8118;0.323;0.1043
Pa2N3C3,9.7491;0.2764;0.0764
Pa2N3Li3,11.1423;0.3666;0.1344
Pa2N3Br3,10.4528;0.3507;0.123
Pa2C3Pd3,10.0751;0.3647;0.133
Pa2C3Mg3,10.7728;0.4991;0.2491
Te2N3Cl3,12.3721;0.3903;0.1523
Te2N3Li3,9.9601;0.3724;0.1387
Te2C3Mg3,9.6829;0.5098;0.2599
Ir2N3Cl3,11.4902;0.3774;0.1424
Yb2Ca3Li3,11.0112;0.2011;0.0404
Yb2Mo3Ni3,10.3145;0.271;0.0734
Yb2N3Nb3,9.955;0.3173;0.1007
Yb2N3Cl3,13.8102;0.3234;0.1046
Yb2N3Li3,11.1371;0.3674;0.135
Yb2N3Br3,10.4416;0.3564;0.127
Yb2C3Pd3,10.0624;0.3669;0.1346
Yb2C3Mg3,10.751;0.4993;0.2493
T2Ca3Li3,11.06;0.1969;0.0388
T2Mo3Ni3,10.2635;0.2932;0.0859
T2N3Nb3,9.959;0.3174;0.1008
T2N3Cl3,13.8119;0.323;0.1043
T2N3C3,9.7492;0.2764;0.0764
T2N3Li3,11.1425;0.3667;0.1345
T2N3Br3,10.4554;0.3502;0.1227
T2C3Pd3,10.0811;0.3643;0.1327
T2C3Mg3,10.773;0.499;0.2491
U2N3Cl3,11.1495;0.3884;0.1509
Th2Ca3Li3,10.7802;0.1989;0.0396
Th2Mo3Ni3,10.1507;0.3055;0.0933
Th2N3Cl3,13.4206;0.3653;0.1335
Th2N3Li3,10.8327;0.3896;0.1518
Th2N3Br3,10.0182;0.3507;0.123
Th2Y3C3,10.4285;0.2806;0.0787
Th2C3Pd3,10.9119;0.3276;0.1073
Th2C3Mg3,11.1472;0.5045;0.2546
Lu2Ca3Li3,10.0877;0.2375;0.0564
Lu2Mo3Ni3,9.9453;0.3304;0.1092
Lu2N3Nb3,9.7567;0.3187;0.1016
Lu2N3Cl3,13.6581;0.3159;0.0998
Lu2N3Li3,10.9852;0.3618;0.1309
Lu2N3Br3,10.1861;0.3758;0.1412
Lu2C3Mg3,10.208;0.5041;0.2541
Ag2N3Cl3,10.0959;0.4217;0.1778
Ag2N3Li3,9.899;0.3834;0.147
Ag2C3Mg3,10.2236;0.5231;0.2737
Cd2Ca3Li3,10.8;0.2165;0.0469
Cd2N3Nb3,9.9166;0.3224;0.1039
Cd2N3Cl3,13.7939;0.3292;0.1084
Cd2N3Li3,11.1149;0.3617;0.1308
Cd2N3Br3,10.4183;0.3608;0.1302
Cd2C3Pd3,10.0766;0.3551;0.1261
Cd2C3Mg3,10.594;0.5061;0.2561
Br2Ba3K3,9.7987;0.4614;0.2129
Br2Ba3N3,9.9108;0.3587;0.1287
Br2K3N3,12.2135;0.3546;0.1258
Br2Fe3N3,10.0416;0.3805;0.1448
Br2As3N3,10.4624;0.3954;0.1563
Br2Ca3N3,10.2453;0.3752;0.1408
Br2Ca3Li3,11.9147;0.3049;0.093
Br2La3N3,10.1734;0.3664;0.1343
Br2O3N3,10.7387;0.3735;0.1395
Br2Mo3S3,9.9053;0.2547;0.0649
Br2Mo3N3,10.1283;0.2885;0.0832
Br2Mo3Ni3,10.8025;0.2628;0.0691
Br2Ru3N3,10.0233;0.3786;0.1434
Br2Tm3N3,10.771;0.3624;0.1313
Br2Os3N3,10.4479;0.3784;0.1432
Br2Sn3N3,10.011;0.3896;0.1518
Br2Nd3N3,10.7033;0.3656;0.1337
Br2Bi3N3,9.7107;0.368;0.1354
Br2Pb3N3,10.3283;0.3529;0.1245
Br2F3N3,10.5826;0.3659;0.1339
Br2Sr3N3,11.122;0.3707;0.1374
Br2Re3N3,10.4587;0.3926;0.1541
Br2W3N3,10.3175;0.364;0.1325
Br2N3Be3,10.6288;0.3718;0.1382
Br2N3Nb3,12.5175;0.2691;0.0724
Br2N3Tl3,10.8624;0.3564;0.127
Br2N3Y3,9.6147;0.3895;0.1517
Br2N3Hf3,15.0753;0.3937;0.155
Br2N3Cl3,13.9131;0.3156;0.0996
Br2N3Sm3,10.7589;0.3587;0.1286
Br2N3Ni3,9.7903;0.3759;0.1413
Br2N3Tb3,10.6302;0.3714;0.1379
Br2N3C3,11.3755;0.2836;0.0804
Br2N3Gd3,10.7524;0.364;0.1325
Br2N3In3,10.1093;0.3643;0.1327
Br2N3Pd3,9.7595;0.3947;0.1558
Br2N3Zr3,12.0152;0.2957;0.0874
Br2N3Mn3,10.5582;0.3644;0.1328
Br2N3Ho3,10.6759;0.3763;0.1416
Br2N3Se3,10.095;0.3698;0.1367
Br2N3Ti3,13.6781;0.2566;0.0659
Br2N3Hg3,10.8128;0.3562;0.1269
Br2N3Eu3,10.7948;0.36;0.1296
Br2N3Rb3,12.2866;0.3424;0.1172
Br2N3Pr3,10.1361;0.3994;0.1595
Br2N3Sb3,10.2945;0.3689;0.1361
Br2N3Er3,10.6968;0.3687;0.136
Br2N3Zn3,10.9237;0.3494;0.1221
Br2N3Li3,15.3681;0.358;0.1282
Br2N3Np3,10.8054;0.3581;0.1282
Br2N3Si3,10.0884;0.395;0.156
Br2N3P3,10.7082;0.3684;0.1358
Br2N3Ta3,9.9349;0.368;0.1354
Br2N3Na3,12.6283;0.3046;0.0928
Br2N3H3,12.0584;0.4479;0.2006
Br2N3Pt3,10.3444;0.3707;0.1374
Br2N3Pa3,10.7891;0.3599;0.1295
Br2N3Yb3,10.7779;0.3655;0.1336
Br2N3T3,10.7919;0.3592;0.129
Br2N3Th3,10.2756;0.3498;0.1223
Br2N3Lu3,10.5092;0.3846;0.1479
Br2N3Cd3,10.7045;0.3716;0.1381
Br2N3I3,11.217;0.3756;0.1411
Br2N3Dy3,10.7129;0.3678;0.1353
Br2N3Sc3,9.8958;0.3664;0.1342
Br2N3D3,10.9135;0.3468;0.1203
Br2N3Cs3,12.0076;0.486;0.2362
Br2N3Tc3,10.9481;0.3506;0.1229
Br2N3Pu3,10.8425;0.3666;0.1344
Br2N3Am3,10.7894;0.3602;0.1297
Br2N3Cm3,10.7891;0.3599;0.1295
Br2N3Po3,10.7891;0.3599;0.1295
Br2Hf3Li3,10.5384;0.5344;0.2856
Br2C3Pd3,10.6803;0.3536;0.125
Br2C3Mg3,11.2287;0.4984;0.2484
I2Ca3Li3,11.6001;0.2157;0.0465
I2Mo3Ni3,10.2379;0.2877;0.0828
I2N3Nb3,10.6532;0.3079;0.0948
I2N3Hf3,11.4039;0.4527;0.2049
I2N3Cl3,13.8978;0.3197;0.1022
I2N3C3,10.2252;0.2894;0.0837
I2N3Li3,13.9361;0.3563;0.1269
I2N3Br3,10.9048;0.3749;0.1405
I2Y3C3,9.848;0.1633;0.0267
I2C3Pd3,10.4199;0.3441;0.1184
I2C3Mg3,11.1105;0.4915;0.2416
Dy2Ca3Li3,10.831;0.2051;0.0421
Dy2Mo3Ni3,10.0098;0.3011;0.0906
Dy2N3Nb3,9.9275;0.3167;0.1003
Dy2N3Cl3,13.7988;0.3234;0.1046
Dy2N3Li3,11.1155;0.371;0.1377
Dy2N3Br3,10.3805;0.3574;0.1278
Dy2C3Mg3,9.9688;0.5063;0.2563
Sc2Ca3Li3,10.9223;0.2062;0.0425
Sc2Mo3Ni3,10.297;0.2927;0.0857
Sc2N3Nb3,9.9531;0.3138;0.0984
Sc2N3Cl3,13.8017;0.3244;0.1052
Sc2N3C3,9.7199;0.2886;0.0833
Sc2N3Li3,11.1321;0.3682;0.1356
Sc2N3Br3,10.4395;0.3461;0.1198
Sc2B3Mg3,9.658;0.6268;0.3929
Sc2C3Pd3,10.0199;0.383;0.1467
Sc2C3Mg3,11.6502;0.5032;0.2532
Cr2Ca3Li3,10.1006;0.2353;0.0554
Cr2N3Cl3,12.675;0.3632;0.1319
Cr2N3Li3,10.1371;0.3962;0.157
Cr2C3Mg3,10.2935;0.5118;0.2619
D2Ca3Li3,10.6235;0.1978;0.0391
D2Mo3Ni3,10.1823;0.3016;0.091
D2N3Nb3,9.9793;0.308;0.0948
D2N3Hf3,9.8769;0.4044;0.1636
D2N3Cl3,13.796;0.3223;0.1039
D2N3C3,9.7748;0.2705;0.0731
D2N3Li3,11.1632;0.3609;0.1302
D2N3Br3,10.5818;0.3401;0.1156
D2C3Pd3,10.4944;0.3506;0.1229
D2C3Mg3,10.9087;0.5032;0.2532
Cs2Ba3K3,9.657;0.5248;0.2754
Cs2Ca3Li3,10.12;0.2238;0.0501
Cs2Mo3Ni3,9.9229;0.3019;0.0912
Cs2N3Nb3,11.1916;0.3946;0.1557
Cs2N3Hf3,10.8196;0.5134;0.2635
Cs2N3Cl3,14.5058;0.3693;0.1364
Cs2N3C3,12.091;0.6259;0.3918
Cs2N3Li3,11.9992;0.4422;0.1955
Cs2N3Br3,11.7086;0.4686;0.2196
Tc2Ca3Li3,11.0587;0.1967;0.0387
Tc2Mo3Ni3,10.2641;0.2927;0.0857
Tc2N3Nb3,9.9638;0.3181;0.1012
Tc2N3Cl3,13.8139;0.3226;0.1041
Tc2N3C3,9.7492;0.2758;0.0761
Tc2N3Li3,11.1431;0.3661;0.134
Tc2N3Br3,10.463;0.3483;0.1213
Tc2C3Pd3,10.0781;0.3642;0.1326
Tc2C3Mg3,10.7753;0.4992;0.2492
Pu2Ca3Li3,10.8036;0.2108;0.0445
Pu2Mo3Ni3,9.7428;0.3031;0.0918
Pu2N3Nb3,9.9764;0.3022;0.0913
Pu2N3Hf3,9.8624;0.407;0.1656
Pu2N3Cl3,13.7725;0.3193;0.102
Pu2N3C3,9.7678;0.2733;0.0747
Pu2N3Li3,11.1745;0.361;0.1303
Pu2N3Br3,10.5061;0.3539;0.1253
Pu2C3Pd3,10.2403;0.3654;0.1335
Pu2C3Mg3,10.8919;0.5124;0.2625
Am2Ca3Li3,11.0599;0.1971;0.0389
Am2Mo3Ni3,10.2633;0.2931;0.0859
Am2N3Nb3,9.9591;0.3174;0.1008
Am2N3Cl3,13.8119;0.323;0.1043
Am2N3C3,9.7491;0.2764;0.0764
Am2N3Li3,11.1423;0.3666;0.1344
Am2N3Br3,10.4532;0.351;0.1232
Am2C3Pd3,10.0528;0.3674;0.135
Am2C3Mg3,10.7727;0.4991;0.2491
Cm2Ca3Li3,11.0602;0.1969;0.0388
Cm2Mo3Ni3,10.2634;0.2931;0.0859
Cm2N3Nb3,9.9591;0.3174;0.1008
Cm2N3Cl3,13.8118;0.323;0.1043
Cm2N3C3,9.7491;0.2764;0.0764
Cm2N3Li3,11.1423;0.3666;0.1344
Cm2N3Br3,10.4528;0.3507;0.123
Cm2C3Pd3,10.0751;0.3647;0.133
Cm2C3Mg3,10.7728;0.4991;0.2491
Po2Ca3Li3,11.0602;0.1969;0.0388
Po2Mo3Ni3,10.2634;0.2931;0.0859
Po2N3Nb3,9.9591;0.3174;0.1008
Po2N3Cl3,13.8118;0.323;0.1043
Po2N3C3,9.7491;0.2764;0.0764
Po2N3Li3,11.1423;0.3666;0.1344
Po2N3Br3,10.4528;0.3507;0.123
Po2C3Pd3,10.0751;0.3647;0.133
Po2C3Mg3,10.7728;0.4991;0.2491

1273 of 317985 appear to be promising

hp_tune_min_nc_normal:

{'ccp_alpha': 0.0, 'criterion': 'squared_error', 'max_depth': None, 'max_leaf_nodes': None, 'max_samples': None, 'min_impurity_decrease': 0.0, 'min_samples_leaf': 1, 'min_samples_split': 2, 'min_weight_fraction_leaf': 0.0, 'n_estimators': 400, 'n_jobs': None, 'oob_score': False, 'random_state': None, 'verbose': 0, 'warm_start': False, 'max_features': 'sqrt', 'bootstrap': False}

Ba2O3F3,10.948;0.7028;0.4939
Ba2O3Cl3,10.0623;0.7019;0.4927
Ba2N3Cl3,12.0309;0.4308;0.1856
Ba2N3Br3,11.2492;0.3915;0.1533
K2Ba3O3,9.9836;0.6085;0.3703
K2O3Bi3,11.0601;0.624;0.3894
K2O3Se3,9.4691;0.6139;0.3769
K2O3Te3,9.687;0.5634;0.3174
K2O3Br3,9.7927;0.5174;0.2677
K2O3I3,11.0483;0.6513;0.4242
K2S3N3,9.9784;0.3842;0.1476
K2Ga3N3,9.8099;0.4054;0.1643
K2N3Cl3,11.4329;0.3498;0.1223
K2N3Se3,11.2164;0.3932;0.1546
K2N3P3,9.6258;0.4154;0.1726
K2N3Br3,12.4407;0.3657;0.1337
K2N3I3,11.1446;0.4398;0.1934
K2Mg3H3,11.0917;0.6597;0.4352
As2N3Nb3,10.823;0.3381;0.1143
As2N3Mg3,9.5122;0.4999;0.2499
As2C3Mg3,9.5823;0.5361;0.2874
Ca2F3Li3,9.9575;0.472;0.2228
Ca2N3Cl3,9.7849;0.3481;0.1212
Ca2N3Se3,10.0244;0.3213;0.1033
Ca2N3Br3,11.6625;0.3;0.09
Ca2N3I3,10.8406;0.3659;0.1339
Ca2Be3B3,9.7673;0.6402;0.4099
Ca2Mg3H3,10.7209;0.6064;0.3677
La2As3N3,9.7097;0.4204;0.1768
La2N3Cl3,11.3986;0.4267;0.1821
La2N3Br3,11.0761;0.3411;0.1164
O2Ba3N3,11.0527;0.4548;0.2068
O2K3Bi3,11.1903;0.6475;0.4193
O2K3N3,10.0524;0.4136;0.171
O2La3N3,10.6546;0.375;0.1406
O2Tm3N3,10.5548;0.3858;0.1488
O2Nd3N3,10.7065;0.3828;0.1465
O2S3Li3,9.992;0.498;0.248
O2F3Mg3,10.376;0.592;0.3505
O2Al3Li3,10.3573;0.4939;0.2439
O2Sr3N3,10.3298;0.3844;0.1478
O2N3Hf3,10.7597;0.4509;0.2033
O2N3Sm3,9.8958;0.4337;0.1881
O2N3Tb3,10.6417;0.401;0.1608
O2N3Ce3,9.9862;0.4059;0.1648
O2N3Gd3,10.9907;0.4011;0.1608
O2N3Ho3,10.6831;0.406;0.1648
O2N3Eu3,11.3472;0.3892;0.1515
O2N3Rb3,10.4225;0.3596;0.1293
O2N3Pr3,10.7245;0.4071;0.1657
O2N3Mg3,11.721;0.5202;0.2706
O2N3Er3,10.5955;0.3967;0.1574
O2N3Na3,10.1701;0.5718;0.3269
O2N3Yb3,11.2572;0.3631;0.1318
O2N3Th3,10.3663;0.3675;0.1351
O2N3Dy3,10.7446;0.4049;0.1639
O2Be3Mg3,11.2674;0.5784;0.3346
O2Cl3Li3,9.8774;0.4251;0.1807
O2B3Mg3,13.4308;0.6311;0.3983
O2B3Na3,10.8535;0.5299;0.2808
O2C3Mg3,12.9961;0.5246;0.2752
O2Mg3Li3,11.8902;0.6;0.36
O2Mg3H3,11.331;0.6124;0.375
O2Li3Si3,10.1203;0.4527;0.2049
O2Li3P3,9.9347;0.434;0.1884
Ru2Mo3Tc3,10.4375;0.19;0.0361
Tm2As3N3,9.6995;0.4697;0.2206
Tm2N3Cl3,10.4376;0.4329;0.1874
Tm2N3Br3,10.0573;0.4137;0.1711
Sn2N3Ti3,9.6209;0.3852;0.1484
Sn2N3Mg3,9.9251;0.4932;0.2432
Sn2Nb3Ta3,11.4509;0.2123;0.0451
Nd2As3N3,9.998;0.4023;0.1618
Nd2Ga3N3,9.8174;0.4643;0.2156
Nd2N3Cl3,11.0815;0.3909;0.1528
Nd2N3Se3,9.8777;0.4338;0.1882
Nd2N3Br3,11.3596;0.3504;0.1228
Bi2K3O3,12.1459;0.6552;0.4293
Bi2K3F3,10.7351;0.6519;0.4249
Bi2N3Ti3,9.9203;0.4156;0.1727
Bi2N3Mg3,11.0554;0.4694;0.2204
Bi2N3Li3,10.7367;0.3937;0.155
Pb2K3O3,9.4434;0.6122;0.3748
Pb2N3Cl3,11.5169;0.3907;0.1527
Pb2N3Mg3,9.85;0.4423;0.1956
S2Tm3N3,9.7264;0.4074;0.166
S2N3Nb3,10.6059;0.3518;0.1238
S2N3Hf3,12.0721;0.5185;0.2688
S2N3Tb3,9.8373;0.4506;0.203
S2N3Gd3,10.0267;0.429;0.1841
S2N3Zr3,10.3506;0.3423;0.1172
S2N3Ho3,10.0015;0.4211;0.1774
S2N3Mg3,11.0619;0.5409;0.2925
S2N3Er3,9.7374;0.4307;0.1855
S2N3H3,9.5841;0.4918;0.2419
S2N3Lu3,9.8435;0.398;0.1584
S2N3Dy3,10.1884;0.4105;0.1685
S2Be3B3,9.7144;0.615;0.3783
S2B3Mg3,12.0709;0.7268;0.5282
S2B3Li3,11.7156;0.6106;0.3728
S2C3Mg3,11.1633;0.5972;0.3567
S2C3Li3,9.7032;0.5476;0.2999
S2Mg3H3,11.3533;0.6018;0.3621
F2Ba3N3,10.5306;0.3889;0.1512
F2K3N3,9.9431;0.4051;0.1641
F2La3N3,10.054;0.3762;0.1415
F2O3Rb3,9.6243;0.6549;0.429
F2O3Mg3,10.6419;0.6065;0.3678
F2Nd3N3,10.1304;0.3994;0.1595
F2Al3Li3,9.5117;0.5352;0.2864
F2Sr3N3,10.139;0.3514;0.1235
F2N3Sm3,9.8981;0.3949;0.156
F2N3Gd3,10.1343;0.4303;0.1852
F2N3Eu3,10.6636;0.405;0.164
F2N3Rb3,10.734;0.363;0.1317
F2N3Pr3,10.0285;0.3957;0.1566
F2N3Mg3,10.4801;0.5402;0.2919
F2N3Na3,9.6264;0.5149;0.2652
F2N3H3,9.8063;0.4744;0.2251
F2N3Th3,9.7576;0.402;0.1616
F2Be3Mg3,11.9815;0.5992;0.359
F2B3Mg3,13.3011;0.6005;0.3606
F2B3Na3,10.3162;0.538;0.2894
F2C3Mg3,11.7832;0.5255;0.2762
F2Mg3Li3,12.4588;0.5126;0.2627
F2Mg3H3,11.0346;0.6094;0.3714
F2Li3Si3,10.1167;0.4749;0.2255
V2N3I3,9.83;0.3662;0.1341
V2Mg3H3,9.8655;0.6153;0.3785
Ga2N3Mg3,9.7495;0.5188;0.2691
Ga2C3Mg3,9.4747;0.6262;0.3922
Ga2Mg3H3,9.4674;0.5364;0.2878
Al2O3Li3,11.1458;0.5029;0.2529
Al2F3Li3,9.8951;0.4579;0.2097
Al2N3Li3,9.6994;0.5158;0.266
Al2B3Mg3,11.3961;0.6592;0.4345
Al2B3Li3,9.5242;0.5253;0.2759
Al2C3Mg3,10.1525;0.5978;0.3574
Al2Mg3H3,11.0921;0.5684;0.3231
Sr2N3Cl3,10.7654;0.3909;0.1528
Sr2N3Br3,11.6511;0.3677;0.1352
Sr2N3I3,9.5952;0.4276;0.1829
N2Ba3Cl3,11.5477;0.428;0.1832
N2K3O3,9.6424;0.4196;0.176
N2K3F3,9.8456;0.4206;0.1769
N2K3Cl3,11.3473;0.3463;0.12
N2K3Br3,9.6605;0.3845;0.1478
N2Ca3Cl3,12.7109;0.2837;0.0805
N2Ca3Br3,10.3767;0.3257;0.1061
N2La3Cl3,12.1141;0.3904;0.1524
N2O3Rb3,9.7427;0.4951;0.2452
N2O3Mg3,11.9529;0.5069;0.2569
N2O3Na3,9.9486;0.535;0.2862
N2Mo3Cl3,9.8331;0.4248;0.1804
N2Tm3Cl3,13.0924;0.4295;0.1845
N2Sn3Cl3,10.4373;0.4298;0.1847
N2Nd3Cl3,12.4163;0.3942;0.1554
N2Bi3Cl3,10.171;0.403;0.1624
N2Pb3Cl3,11.1765;0.4273;0.1826
N2S3Nb3,10.6145;0.3853;0.1485
N2S3Hf3,9.7014;0.4501;0.2026
N2S3Zr3,9.7166;0.3812;0.1453
N2S3Mg3,11.044;0.5541;0.307
N2S3Li3,10.9232;0.5146;0.2648
N2F3Rb3,10.7369;0.4353;0.1895
N2F3Mg3,10.5218;0.5559;0.309
N2V3Br3,10.475;0.3621;0.1311
N2Sr3Cl3,13.031;0.3254;0.1059
N2Re3Cl3,10.0035;0.4391;0.1928
N2W3Cl3,10.6885;0.4328;0.1873
N2Be3Mg3,12.1604;0.5844;0.3416
N2Nb3Cl3,13.1363;0.3978;0.1582
N2Nb3Br3,11.3951;0.3742;0.14
N2Tl3Cl3,10.4486;0.4644;0.2157
N2Y3Cl3,11.6356;0.3691;0.1362
N2Hf3Cl3,17.5911;0.3626;0.1315
N2Hf3P3,9.502;0.5043;0.2544
N2Cl3Sm3,11.9396;0.4343;0.1886
N2Cl3Tb3,12.6059;0.4576;0.2094
N2Cl3Ce3,11.4831;0.4188;0.1754
N2Cl3Gd3,12.4757;0.4546;0.2067
N2Cl3In3,10.3202;0.4644;0.2157
N2Cl3Pd3,9.6146;0.4544;0.2065
N2Cl3Zr3,14.285;0.242;0.0585
N2Cl3Ho3,13.0112;0.4607;0.2122
N2Cl3Hg3,10.2813;0.4545;0.2066
N2Cl3Eu3,13.1566;0.4002;0.1601
N2Cl3Rb3,11.7078;0.3324;0.1105
N2Cl3Pr3,12.3339;0.4028;0.1623
N2Cl3Mg3,13.3617;0.4891;0.2393
N2Cl3Sb3,10.7512;0.4371;0.1911
N2Cl3Er3,13.1227;0.4526;0.2049
N2Cl3Li3,12.5895;0.4213;0.1775
N2Cl3Ta3,13.9357;0.4259;0.1814
N2Cl3Na3,12.7032;0.346;0.1197
N2Cl3Pt3,10.1121;0.5134;0.2635
N2Cl3Pa3,9.9353;0.3785;0.1433
N2Cl3Te3,10.8538;0.4174;0.1742
N2Cl3Yb3,13.8682;0.4371;0.1911
N2Cl3Th3,10.5853;0.3965;0.1572
N2Cl3Lu3,12.5061;0.4328;0.1873
N2Cl3Cd3,10.5071;0.4283;0.1834
N2Cl3I3,10.6365;0.4332;0.1877
N2Cl3Dy3,12.9251;0.4588;0.2105
N2Cl3Sc3,12.2776;0.3129;0.0979
N2Cl3Cs3,11.5512;0.3743;0.1401
N2Cl3Am3,9.893;0.4072;0.1658
N2Cl3Po3,10.7516;0.4532;0.2054
N2B3Mg3,13.8373;0.5325;0.2836
N2C3Mg3,11.8753;0.5165;0.2668
N2C3H3,10.3859;0.5605;0.3142
N2Zr3Br3,11.1697;0.385;0.1482
N2Se3Mg3,9.9552;0.4218;0.1779
N2Se3Li3,9.5948;0.4103;0.1684
N2Ti3Br3,11.8398;0.383;0.1467
N2Mg3Li3,12.0157;0.5357;0.2869
N2Mg3P3,11.0465;0.5199;0.2703
N2Mg3H3,11.0647;0.6196;0.3839
N2Mg3Br3,11.8251;0.4289;0.1839
N2Mg3I3,9.8899;0.4265;0.1819
N2Li3Si3,9.9998;0.4421;0.1954
N2Li3P3,10.3978;0.508;0.258
N2Li3Br3,11.4566;0.3884;0.1508
N2Li3I3,11.5287;0.4353;0.1894
N2Na3Br3,11.0391;0.3784;0.1432
N2Br3Sc3,11.019;0.3758;0.1412
Be2O3Mg3,11.11;0.5153;0.2656
Be2S3Li3,10.0166;0.5513;0.3039
Be2F3Mg3,12.3124;0.6326;0.4002
Be2N3Mg3,11.8008;0.5382;0.2896
Be2Cl3Li3,10.2789;0.4697;0.2206
Be2B3Mg3,10.6515;0.4478;0.2006
Be2C3Mg3,14.6243;0.5716;0.3267
Nb2N3Br3,10.3298;0.3513;0.1234
Nb2N3I3,10.141;0.4508;0.2032
Tl2K3O3,9.3573;0.6721;0.4517
Tl2N3Cl3,10.7658;0.3544;0.1256
Y2As3N3,9.8222;0.3865;0.1494
Y2N3Br3,10.6181;0.3118;0.0972
Hf2Ga3N3,9.7117;0.4867;0.2369
Hf2N3Cl3,11.5514;0.5125;0.2627
Hf2N3Se3,11.7879;0.509;0.2591
Hf2N3Br3,12.3846;0.4948;0.2448
Cl2Ba3O3,9.7819;0.5493;0.3018
Cl2Ba3N3,11.0292;0.4397;0.1933
Cl2K3O3,9.95;0.5383;0.2898
Cl2K3F3,9.5247;0.4967;0.2467
Cl2K3N3,10.9386;0.3536;0.125
Cl2Ca3N3,11.7509;0.3117;0.0972
Cl2La3N3,12.6197;0.3782;0.143
Cl2Tm3N3,14.6812;0.4496;0.2021
Cl2Sn3N3,9.9716;0.4075;0.166
Cl2Nd3N3,13.7405;0.4333;0.1878
Cl2Bi3N3,9.9946;0.4067;0.1654
Cl2Pb3N3,10.9864;0.4447;0.1977
Cl2Sr3N3,12.707;0.2921;0.0853
Cl2Re3N3,9.5692;0.4561;0.208
Cl2N3Nb3,11.8152;0.3637;0.1322
Cl2N3Tl3,11.5574;0.4345;0.1888
Cl2N3Y3,12.2549;0.3156;0.0996
Cl2N3Hf3,21.3971;0.3262;0.1064
Cl2N3Sm3,13.854;0.3993;0.1595
Cl2N3Tb3,14.4573;0.4225;0.1785
Cl2N3Ce3,12.4449;0.411;0.1689
Cl2N3Gd3,14.4989;0.4095;0.1677
Cl2N3In3,10.2194;0.3978;0.1583
Cl2N3Zr3,13.52;0.1472;0.0217
Cl2N3Ho3,14.3843;0.4508;0.2032
Cl2N3Hg3,11.06;0.4578;0.2096
Cl2N3Eu3,13.5063;0.3912;0.1531
Cl2N3Rb3,10.7829;0.3429;0.1175
Cl2N3Pr3,13.5684;0.3948;0.1559
Cl2N3Mg3,13.2822;0.5058;0.2558
Cl2N3Sb3,10.861;0.3709;0.1376
Cl2N3Er3,14.6604;0.4454;0.1984
Cl2N3Li3,10.5373;0.419;0.1756
Cl2N3Ta3,13.1816;0.4331;0.1876
Cl2N3Na3,11.4839;0.3695;0.1365
Cl2N3H3,9.6241;0.376;0.1413
Cl2N3Pa3,11.4757;0.3959;0.1568
Cl2N3Te3,9.8002;0.3984;0.1587
Cl2N3Yb3,14.503;0.4307;0.1855
Cl2N3Th3,11.042;0.4235;0.1793
Cl2N3Lu3,14.1455;0.4711;0.2219
Cl2N3I3,9.6344;0.3861;0.149
Cl2N3Dy3,14.4809;0.4275;0.1827
Cl2N3Sc3,12.1526;0.2699;0.0728
Cl2N3Cs3,10.7695;0.3712;0.1378
Cl2N3Am3,10.5832;0.4789;0.2293
Cl2N3Po3,10.9685;0.4447;0.1978
Cl2B3Mg3,12.1756;0.6682;0.4465
Cl2B3Li3,11.3039;0.5612;0.315
Cl2C3Mg3,11.2056;0.5654;0.3197
Cl2C3Li3,9.7813;0.4849;0.2351
Cl2Mg3H3,11.8976;0.5789;0.3352
Cl2H3Po3,9.7775;0.4256;0.1811
Sm2As3N3,11.0669;0.3852;0.1484
Sm2N3Cl3,10.7954;0.4073;0.1659
Sm2N3Se3,9.8576;0.4415;0.1949
Sm2N3Br3,11.0224;0.3823;0.1461
Tb2As3N3,10.1675;0.4643;0.2156
Tb2N3Cl3,10.3805;0.4331;0.1876
Tb2N3Se3,9.6696;0.4383;0.1921
Tb2N3Br3,10.2845;0.4205;0.1768
Ce2N3Cl3,10.728;0.4102;0.1683
Ce2N3Br3,10.7823;0.3724;0.1387
B2O3Mg3,11.7575;0.6494;0.4217
B2O3Na3,9.7772;0.4465;0.1994
B2S3Mg3,9.5306;0.5958;0.355
B2S3Li3,10.5228;0.5758;0.3316
B2F3Mg3,12.146;0.5738;0.3293
B2N3C3,10.3549;0.5967;0.356
B2N3Mg3,11.9288;0.4742;0.2249
B2N3Na3,9.5188;0.5234;0.2739
B2Be3Mg3,9.9347;0.4348;0.1891
B2Cl3Mg3,10.4821;0.5506;0.3032
B2Cl3Li3,10.8819;0.4836;0.2339
B2C3Mg3,15.7129;0.4969;0.2469
B2Mg3H3,10.9496;0.591;0.3493
B2Li3Si3,9.5002;0.5173;0.2676
B2Li3P3,10.7106;0.4926;0.2426
C2O3Mg3,12.1236;0.5698;0.3246
C2O3Na3,9.8248;0.523;0.2735
C2S3Mg3,9.8877;0.5872;0.3448
C2S3Li3,9.5472;0.524;0.2745
C2F3Mg3,10.8867;0.5307;0.2816
C2N3Mg3,11.7105;0.5109;0.2611
C2N3H3,9.6888;0.5499;0.3024
C2Be3Mg3,14.4098;0.6423;0.4125
C2Cl3Mg3,9.9708;0.5682;0.3229
C2Cl3Li3,9.6927;0.4688;0.2198
C2B3Mg3,17.8094;0.5659;0.3202
C2B3Na3,11.0602;0.662;0.4382
C2Mg3Li3,10.9972;0.6137;0.3766
C2Mg3P3,9.8978;0.6002;0.3602
C2Mg3H3,11.0232;0.6027;0.3633
C2Li3P3,10.532;0.5672;0.3217
Gd2As3N3,10.4001;0.4378;0.1917
Gd2Ga3N3,9.7065;0.4542;0.2063
Gd2N3Cl3,10.5741;0.4344;0.1887
Gd2N3Se3,9.8873;0.4188;0.1754
Gd2N3Ge3,9.559;0.4477;0.2004
Gd2N3Br3,10.9272;0.3699;0.1369
Zr2Sn3N3,10.1943;0.3574;0.1277
Zr2N3In3,9.8991;0.4142;0.1715
Zr2N3Br3,10.8851;0.3027;0.0916
Mn2Mg3H3,9.4115;0.5888;0.3467
Ho2As3N3,10.1379;0.4525;0.2047
Ho2N3Cl3,10.3843;0.4328;0.1873
Ho2N3Br3,10.0775;0.4167;0.1737
Se2Ca3N3,9.9668;0.3302;0.109
Se2N3Nb3,11.5945;0.3512;0.1234
Se2N3Hf3,9.8461;0.4582;0.21
Se2N3Zr3,11.0619;0.3851;0.1483
Se2N3Mg3,10.8865;0.5041;0.2541
Se2N3Sc3,10.1732;0.3916;0.1534
Se2C3Mg3,9.5819;0.5889;0.3468
Ti2O3Li3,10.0011;0.3875;0.1502
Ti2Sn3N3,10.5257;0.4012;0.161
Ti2N3Sb3,10.4337;0.4089;0.1672
Ti2N3Te3,10.1518;0.3483;0.1213
Ti2N3I3,10.0284;0.3831;0.1468
Ti2Mg3H3,10.5979;0.669;0.4476
Hg2K3O3,9.5221;0.5972;0.3566
Hg2N3Mg3,9.5484;0.5016;0.2516
Eu2As3N3,9.9531;0.4272;0.1825
Eu2Ga3N3,10.3542;0.4416;0.195
Eu2N3Cl3,11.7069;0.3937;0.155
Eu2N3Se3,10.1018;0.4403;0.1938
Eu2N3Br3,11.4087;0.3651;0.1333
Rb2O3Cl3,9.6375;0.4611;0.2126
Rb2O3Se3,10.0781;0.6225;0.3874
Rb2O3P3,10.2861;0.6591;0.4345
Rb2S3N3,10.4607;0.4575;0.2093
Rb2N3Cl3,12.3413;0.3383;0.1145
Rb2N3Se3,10.9944;0.4633;0.2146
Rb2N3P3,10.231;0.4241;0.1799
Rb2N3Br3,11.9404;0.4162;0.1732
Rb2N3I3,10.0356;0.4169;0.1738
Pr2As3N3,9.9876;0.4088;0.1671
Pr2Ga3N3,9.8157;0.4684;0.2194
Pr2N3Cl3,11.1291;0.3859;0.1489
Pr2N3Se3,9.8816;0.4404;0.194
Pr2N3Br3,11.4651;0.3468;0.1202
Mg2O3F3,10.2148;0.5538;0.3067
Mg2O3N3,10.6655;0.5491;0.3016
Mg2O3Be3,10.8004;0.5959;0.3551
Mg2O3B3,11.4231;0.6194;0.3837
Mg2O3C3,11.9343;0.6542;0.428
Mg2O3Li3,13.2642;0.6481;0.4201
Mg2O3H3,11.1994;0.6695;0.4483
Mg2Sn3N3,10.7157;0.4927;0.2428
Mg2S3Be3,9.4743;0.5343;0.2855
Mg2S3Cl3,9.614;0.4862;0.2364
Mg2S3B3,9.7999;0.5886;0.3465
Mg2S3H3,10.9701;0.5342;0.2854
Mg2F3N3,10.545;0.5646;0.3188
Mg2F3Be3,11.6146;0.5533;0.3061
Mg2F3B3,11.5963;0.5871;0.3447
Mg2F3C3,11.2347;0.6006;0.3607
Mg2F3Li3,14.3861;0.6301;0.397
Mg2F3H3,11.241;0.6648;0.4419
Mg2Al3B3,11.6209;0.6297;0.3965
Mg2Al3H3,10.9484;0.5774;0.3334
Mg2N3Be3,10.6565;0.6449;0.4159
Mg2N3Cl3,10.3139;0.4075;0.1661
Mg2N3B3,11.77;0.6218;0.3867
Mg2N3C3,11.7989;0.6149;0.3781
Mg2N3In3,10.1686;0.4847;0.2349
Mg2N3Pd3,9.9426;0.4557;0.2076
Mg2N3Se3,9.6462;0.4528;0.205
Mg2N3Sb3,10.225;0.4437;0.1969
Mg2N3Li3,12.7083;0.6277;0.394
Mg2N3Na3,10.1143;0.5318;0.2828
Mg2N3H3,11.3253;0.582;0.3387
Mg2N3Te3,11.0094;0.4493;0.2018
Mg2N3Br3,10.6404;0.4696;0.2205
Mg2N3I3,11.3182;0.4081;0.1665
Mg2Be3Cl3,10.0021;0.5049;0.255
Mg2Be3C3,14.0632;0.6826;0.466
Mg2Cl3B3,10.4912;0.5857;0.343
Mg2Cl3P3,9.9412;0.4786;0.229
Mg2Cl3H3,11.6192;0.5406;0.2923
Mg2Ni3C3,9.9999;0.4728;0.2235
Mg2B3C3,15.5936;0.5816;0.3383
Mg2B3Li3,10.1451;0.5375;0.2889
Mg2B3Si3,10.4448;0.5909;0.3491
Mg2B3P3,10.0618;0.5977;0.3572
Mg2B3H3,9.7894;0.6314;0.3987
Mg2C3Li3,13.0219;0.6187;0.3828
Mg2C3H3,10.7459;0.5797;0.3361
Mg2Li3H3,9.496;0.5234;0.2739
Mg2Si3H3,11.2527;0.5588;0.3123
Mg2P3H3,10.5096;0.5308;0.2817
Mg2Na3H3,12.225;0.6125;0.3752
Mg2H3Br3,9.6971;0.4728;0.2235
Sb2N3Mg3,10.1193;0.4921;0.2422
Er2As3N3,9.6801;0.4603;0.2119
Er2N3Cl3,10.1239;0.4126;0.1703
Er2N3Br3,10.0421;0.4134;0.1709
Li2O3Mg3,13.7529;0.6389;0.4081
Li2O3Na3,9.7886;0.5495;0.302
Li2Sn3N3,10.0276;0.5046;0.2546
Li2Bi3N3,10.7984;0.4331;0.1876
Li2Pb3N3,9.7601;0.494;0.244
Li2S3Be3,10.0708;0.5227;0.2732
Li2F3Mg3,15.2148;0.629;0.3957
Li2F3Na3,9.6379;0.4672;0.2183
Li2Al3C3,9.6611;0.6255;0.3913
Li2N3Mg3,13.7497;0.6222;0.3871
Li2N3Sb3,9.868;0.4217;0.1778
Li2N3Te3,9.7963;0.4018;0.1615
Li2N3Br3,10.0603;0.3599;0.1295
Li2N3I3,10.6845;0.4076;0.1662
Li2Be3Cl3,10.4201;0.5071;0.2572
Li2B3Mg3,11.0934;0.5115;0.2617
Li2B3Si3,10.8044;0.592;0.3504
Li2B3P3,10.0651;0.5602;0.3139
Li2C3Mg3,14.3482;0.6272;0.3933
Li2Mg3H3,9.7683;0.5432;0.295
Np2N3Cl3,10.6809;0.4818;0.2322
Si2O3Li3,10.0554;0.4252;0.1808
Si2N3C3,9.6789;0.5601;0.3137
Si2N3Mg3,10.3073;0.5969;0.3563
Si2B3Mg3,12.5486;0.7029;0.494
Si2C3Mg3,9.533;0.5685;0.3232
Si2Mg3H3,11.898;0.5812;0.3378
P2N3Nb3,11.0119;0.3614;0.1306
P2N3Hf3,10.9353;0.5133;0.2635
P2N3Zr3,10.2443;0.3679;0.1354
P2N3Mg3,11.2578;0.5463;0.2985
P2N3Li3,9.7428;0.4951;0.2451
P2N3Yb3,9.8258;0.4206;0.1769
P2B3Mg3,12.6373;0.7025;0.4935
P2B3Li3,10.9221;0.6241;0.3895
P2C3Mg3,11.4488;0.6169;0.3806
P2C3Li3,9.6726;0.5428;0.2946
P2Mg3H3,11.5538;0.5992;0.3591
Ta2N3Br3,10.6667;0.4576;0.2094
Na2O3Li3,9.8332;0.5484;0.3007
Na2F3Li3,10.5387;0.5432;0.295
Na2N3Cl3,10.2087;0.3321;0.1103
Na2N3Te3,9.7244;0.434;0.1884
Na2N3Br3,10.5428;0.3707;0.1374
Na2N3I3,11.3235;0.4313;0.1861
Na2C3Mg3,10.0373;0.672;0.4515
Na2Mg3H3,12.5891;0.621;0.3857
H2O3Mg3,11.5201;0.6171;0.3809
H2Tm3Cl3,9.8177;0.4498;0.2023
H2Pb3Cl3,9.7808;0.4457;0.1987
H2S3Mg3,9.6819;0.5366;0.288
H2F3Mg3,10.9684;0.6164;0.38
H2Al3Mg3,11.3641;0.6086;0.3704
H2N3C3,10.5724;0.5673;0.3219
H2N3Mg3,11.1717;0.6667;0.4445
H2Be3Mg3,10.2246;0.6042;0.365
H2Hf3Cl3,10.0117;0.5304;0.2813
H2Cl3Ho3,9.7483;0.4567;0.2085
H2Cl3Eu3,10.1679;0.4611;0.2126
H2Cl3Mg3,10.8946;0.5393;0.2908
H2Cl3Er3,9.819;0.4682;0.2192
H2Cl3Yb3,10.3187;0.4547;0.2067
H2B3Mg3,12.6839;0.6693;0.4479
H2C3Mg3,12.2054;0.5855;0.3428
H2Mg3Li3,11.3635;0.5596;0.3131
H2Mg3Si3,10.5184;0.5391;0.2907
H2Mg3P3,9.9328;0.5062;0.2562
H2Mg3Na3,10.071;0.5752;0.3308
H2Mg3Br3,10.1007;0.5687;0.3234
Pt2N3Mg3,9.6145;0.4761;0.2267
Ge2N3Nb3,9.9538;0.3629;0.1317
Pa2N3Cl3,12.7132;0.4381;0.192
Pa2N3P3,10.0456;0.4461;0.199
Te2N3Nb3,9.6325;0.3742;0.14
Te2N3Mg3,10.3764;0.4798;0.2302
Yb2Ga3N3,10.4181;0.438;0.1918
Yb2N3Cl3,11.0855;0.4047;0.1638
Yb2N3Se3,9.6617;0.4394;0.1931
Yb2N3Br3,10.6832;0.4004;0.1604
U2N3Cl3,11.1817;0.4875;0.2376
Th2S3N3,10.6419;0.4271;0.1824
Th2N3Cl3,13.7853;0.3951;0.1561
Th2N3P3,10.0762;0.4282;0.1833
Lu2N3Br3,9.846;0.4067;0.1654
Br2Ca3N3,11.4942;0.3381;0.1143
Br2Tm3N3,9.635;0.4253;0.1809
Br2V3N3,9.7525;0.3675;0.1351
Br2Sr3N3,10.3653;0.3475;0.1208
Br2N3Nb3,12.4909;0.3126;0.0977
Br2N3Y3,11.5274;0.3361;0.1129
Br2N3Hf3,12.9161;0.4588;0.2105
Br2N3In3,9.6269;0.374;0.1398
Br2N3Zr3,13.9132;0.2802;0.0785
Br2N3Ti3,11.5188;0.3594;0.1292
Br2N3Mg3,12.309;0.4945;0.2445
Br2N3Sb3,10.2103;0.3544;0.1256
Br2N3Er3,9.6492;0.4115;0.1693
Br2N3Li3,10.3504;0.3739;0.1398
Br2N3Ta3,9.7938;0.4038;0.1631
Br2N3Na3,10.5294;0.35;0.1225
Br2N3Te3,9.6815;0.3811;0.1452
Br2N3Lu3,9.6595;0.4051;0.1641
Br2N3Cd3,10.157;0.3785;0.1433
Br2N3Sc3,12.8602;0.2965;0.0879
Br2C3Mg3,9.8;0.5566;0.3098
Br2Mg3H3,9.6556;0.4862;0.2364
I2Mo3N3,9.7753;0.3855;0.1486
I2V3N3,10.9334;0.4117;0.1695
I2N3Nb3,11.5661;0.3908;0.1527
I2N3Cl3,9.6601;0.3438;0.1182
I2N3Zr3,10.8846;0.3778;0.1427
I2N3Ti3,12.1093;0.3801;0.1445
I2N3Mg3,11.8831;0.4779;0.2284
I2N3Li3,9.7331;0.384;0.1474
I2N3Na3,9.7895;0.385;0.1482
I2N3Sc3,10.6882;0.3446;0.1187
I2N3Tc3,10.7006;0.4925;0.2425
Dy2As3N3,10.2772;0.4563;0.2082
Dy2N3Cl3,10.352;0.4268;0.1822
Dy2N3Se3,9.6102;0.4445;0.1976
Dy2N3Br3,10.164;0.4161;0.1731
Sc2Sn3N3,10.503;0.416;0.173
Sc2F3Li3,9.9066;0.4862;0.2364
Sc2N3In3,10.2682;0.433;0.1875
Sc2N3Sb3,9.836;0.3917;0.1534
Sc2N3Te3,9.7896;0.3902;0.1522
Sc2N3Br3,10.7586;0.3089;0.0954
Sc2N3I3,10.1663;0.3835;0.1471
Sc2Mg3H3,10.9609;0.6906;0.477
Cs2O3P3,9.572;0.6511;0.424
Cs2S3N3,10.1134;0.4573;0.2091
Cs2N3Cl3,12.2019;0.383;0.1467
Cs2N3P3,9.7528;0.4134;0.1709
Cs2N3Br3,10.7003;0.3816;0.1456
Am2N3Cl3,9.9661;0.4892;0.2394
Po2K3O3,9.5376;0.6551;0.4292
Po2N3Cl3,11.0881;0.343;0.1176

577 of 285852 appear to be promising

hp_tune_sug_nc_normal:

{'ccp_alpha': 0.0, 'criterion': 'squared_error', 'max_depth': None, 'max_leaf_nodes': None, 'max_samples': None, 'min_impurity_decrease': 0.0, 'min_samples_leaf': 1, 'min_samples_split': 2, 'min_weight_fraction_leaf': 0.0, 'n_estimators': 400, 'n_jobs': None, 'oob_score': False, 'random_state': None, 'verbose': 0, 'warm_start': False, 'max_features': 'sqrt', 'bootstrap': False}

Ba2O3F3,12.391;0.6022;0.3626
Ba2N3Cl3,10.0215;0.4256;0.1812
Ba2N3Br3,10.7268;0.4703;0.2212
K2O3P3,9.9569;0.4319;0.1866
K2O3Br3,9.7665;0.4306;0.1854
K2O3I3,9.5623;0.5015;0.2515
K2N3Cl3,9.8729;0.3238;0.1048
K2N3Se3,9.7388;0.4286;0.1837
K2N3Br3,10.2238;0.3992;0.1594
As2N3Nb3,9.8207;0.3169;0.1004
Ca2N3Br3,10.2072;0.3763;0.1416
La2N3Br3,10.3502;0.3793;0.1439
O2Ba3N3,9.7157;0.4181;0.1748
O2Tm3N3,9.6014;0.4154;0.1725
O2F3Rb3,9.7765;0.4855;0.2357
O2Al3Li3,9.8931;0.5511;0.3037
O2N3Hf3,10.783;0.4735;0.2242
O2N3Er3,9.6302;0.4019;0.1615
O2B3Mg3,11.8865;0.6171;0.3808
O2B3Na3,10.2986;0.5226;0.2731
O2Mg3Li3,9.9619;0.5424;0.2942
O2Mg3H3,9.7623;0.5878;0.3455
Ru2Mo3Tc3,10.5839;0.2041;0.0416
Sn2Nb3Ta3,10.8463;0.1918;0.0368
Nd2N3Br3,10.5613;0.393;0.1545
Bi2N3Li3,9.6023;0.4478;0.2005
Bi2N3Sc3,9.6624;0.4517;0.204
S2Tm3N3,10.2481;0.4662;0.2173
S2N3Nb3,10.8092;0.3407;0.1161
S2N3Hf3,12.3194;0.5076;0.2577
S2N3Zr3,10.7771;0.3586;0.1286
S2N3Ho3,10.1933;0.4276;0.1829
S2N3Er3,10.3166;0.4158;0.1729
S2N3Lu3,10.2213;0.4629;0.2143
S2B3Mg3,10.065;0.5716;0.3268
S2B3Li3,11.0433;0.5873;0.345
F2Ba3N3,9.7689;0.4568;0.2086
F2N3Hf3,9.6385;0.4512;0.2036
F2B3Mg3,12.3849;0.635;0.4032
F2Mg3Li3,10.338;0.555;0.3081
F2Mg3H3,9.8252;0.5821;0.3389
F2Li3Si3,9.8076;0.5128;0.263
Al2O3Li3,10.3265;0.5046;0.2546
Al2Sn3Nb3,10.6935;0.363;0.1318
Al2B3Li3,10.2814;0.5158;0.266
Sr2N3Br3,10.7036;0.443;0.1962
N2Ba3Cl3,10.0193;0.4149;0.1721
N2K3Cl3,10.3978;0.3612;0.1304
N2Ca3Cl3,11.4774;0.324;0.105
N2Ca3Br3,9.6392;0.3999;0.1599
N2La3Cl3,10.2013;0.3905;0.1525
N2Tm3Cl3,13.4112;0.3952;0.1562
N2Nd3Cl3,11.1387;0.394;0.1552
N2S3Nb3,9.7993;0.3928;0.1543
N2F3Rb3,9.6115;0.4154;0.1725
N2V3Br3,10.1678;0.4088;0.1671
N2Al3Li3,9.6142;0.5636;0.3177
N2Sr3Cl3,11.6824;0.3779;0.1428
N2W3Cl3,9.8071;0.3959;0.1567
N2Nb3Cl3,12.3004;0.4731;0.2239
N2Nb3Br3,10.6887;0.4291;0.1842
N2Y3Cl3,11.9402;0.3402;0.1157
N2Hf3Cl3,17.1162;0.4132;0.1707
N2Hf3Br3,10.3758;0.495;0.245
N2Cl3Sm3,10.772;0.4062;0.165
N2Cl3Tb3,12.6395;0.3901;0.1522
N2Cl3Ce3,10.2129;0.4188;0.1754
N2Cl3Gd3,12.0446;0.4183;0.175
N2Cl3Zr3,14.2704;0.3147;0.099
N2Cl3Ho3,13.3248;0.3901;0.1522
N2Cl3Ti3,9.6696;0.3573;0.1277
N2Cl3Eu3,11.5423;0.4181;0.1748
N2Cl3Rb3,10.3647;0.4159;0.173
N2Cl3Pr3,10.9853;0.3893;0.1515
N2Cl3Mg3,10.5459;0.4375;0.1914
N2Cl3Er3,13.8271;0.4103;0.1683
N2Cl3Li3,9.9545;0.3772;0.1423
N2Cl3Ta3,12.7118;0.4392;0.1929
N2Cl3Na3,11.1178;0.3415;0.1166
N2Cl3Yb3,12.4057;0.3941;0.1553
N2Cl3Lu3,13.3221;0.4035;0.1628
N2Cl3Dy3,12.5989;0.4044;0.1635
N2Cl3Sc3,12.145;0.3129;0.0979
N2Cl3Cs3,9.7871;0.4889;0.239
N2B3Mg3,11.7898;0.5936;0.3524
N2Zr3Br3,11.1863;0.4045;0.1636
N2Ti3Br3,11.918;0.367;0.1347
N2Mg3Li3,10.075;0.5659;0.3203
N2Mg3Br3,10.0229;0.4116;0.1695
N2Li3Si3,9.5877;0.4783;0.2288
N2Li3Br3,9.8586;0.3841;0.1475
N2Li3I3,11.1046;0.3868;0.1496
N2Br3Sc3,11.8425;0.3375;0.1139
Be2S3Li3,9.4836;0.5507;0.3032
Be2Cl3Li3,9.6908;0.5479;0.3001
Be2B3Mg3,10.2793;0.4275;0.1828
Be2B3Si3,9.4982;0.5918;0.3503
Nb2N3Br3,9.5938;0.4689;0.2199
Nb2N3I3,10.2293;0.446;0.1989
Y2As3N3,9.8564;0.3689;0.1361
Y2N3Br3,9.9689;0.4134;0.1709
Hf2Sn3N3,9.9243;0.4319;0.1866
Hf2N3Se3,11.4302;0.5253;0.2759
Hf2N3Te3,9.6583;0.4189;0.1755
Hf2N3Br3,12.2616;0.4838;0.234
Hf2N3I3,10.5829;0.3912;0.1531
Cl2Ba3N3,10.9264;0.3966;0.1573
Cl2K3O3,9.9281;0.4843;0.2345
Cl2K3N3,10.2383;0.3231;0.1044
Cl2Ca3N3,11.5783;0.3397;0.1154
Cl2La3N3,11.6608;0.3984;0.1587
Cl2Tm3N3,15.051;0.3328;0.1108
Cl2Nd3N3,12.7932;0.3806;0.1448
Cl2Sr3N3,11.6421;0.315;0.0992
Cl2Re3N3,9.6791;0.458;0.2098
Cl2W3N3,10.1468;0.4709;0.2218
Cl2N3Nb3,13.5432;0.4201;0.1765
Cl2N3Y3,12.8813;0.2949;0.087
Cl2N3Hf3,22.9819;0.2081;0.0433
Cl2N3Sm3,12.6401;0.4205;0.1768
Cl2N3Tb3,14.0633;0.3408;0.1161
Cl2N3Ce3,12.0514;0.3885;0.1509
Cl2N3Gd3,13.9563;0.3477;0.1209
Cl2N3Zr3,16.3241;0.2504;0.0627
Cl2N3Ho3,14.9635;0.3268;0.1068
Cl2N3Eu3,12.5057;0.4286;0.1837
Cl2N3Rb3,9.7625;0.3495;0.1222
Cl2N3Pr3,12.5184;0.3716;0.138
Cl2N3Mg3,10.7173;0.382;0.1459
Cl2N3Er3,15.4189;0.3201;0.1025
Cl2N3Ta3,14.0173;0.4356;0.1897
Cl2N3Na3,10.5555;0.3511;0.1233
Cl2N3Yb3,13.1307;0.3762;0.1415
Cl2N3Lu3,15.1075;0.3433;0.1178
Cl2N3Dy3,14.1097;0.346;0.1197
Cl2N3Sc3,12.8945;0.3028;0.0917
Cl2N3Cs3,9.8568;0.4391;0.1928
Cl2B3Mg3,10.7637;0.4789;0.2293
Cl2B3Li3,11.1169;0.4981;0.2481
Cl2Mg3H3,9.935;0.5192;0.2696
Sm2As3N3,10.1123;0.3996;0.1597
Sm2N3Br3,9.6863;0.4281;0.1833
Ni2Mo3P3,9.9393;0.2875;0.0827
Tb2As3N3,9.828;0.3907;0.1527
Ce2N3Br3,10.1765;0.4125;0.1702
B2O3Mg3,10.4294;0.5745;0.3301
B2S3Li3,9.8994;0.5365;0.2879
B2F3Mg3,10.2733;0.5983;0.3579
B2N3Mg3,10.6844;0.5916;0.35
B2Be3Si3,9.8859;0.4332;0.1877
B2Cl3Mg3,9.5925;0.4614;0.2129
B2Cl3Li3,10.1384;0.4765;0.227
B2Li3Si3,11.2861;0.6214;0.3862
B2Li3P3,10.4579;0.5714;0.3265
Gd2As3N3,9.8955;0.379;0.1436
Zr2N3Br3,10.1814;0.4078;0.1663
Se2N3Nb3,11.0536;0.3486;0.1216
Se2N3Hf3,10.0688;0.4459;0.1988
Se2N3Zr3,10.2995;0.3494;0.1221
Eu2N3Br3,9.5793;0.4634;0.2148
Rb2O3F3,11.3783;0.4853;0.2355
Rb2O3Se3,9.6111;0.4858;0.236
Rb2O3P3,10.9181;0.4861;0.2362
Rb2N3Cl3,10.2691;0.3078;0.0947
Rb2N3Br3,10.1059;0.4017;0.1613
Pr2N3Br3,10.5317;0.398;0.1584
Mg2O3B3,10.4963;0.5749;0.3305
Mg2O3Li3,10.9856;0.5859;0.3432
Mg2F3B3,10.8206;0.6099;0.372
Mg2F3Li3,11.7073;0.6042;0.3651
Mg2F3H3,10.0496;0.6219;0.3867
Mg2N3B3,11.5394;0.6159;0.3793
Mg2N3Li3,11.0708;0.5614;0.3152
Mg2Cl3B3,9.8755;0.5071;0.2571
Mg2B3Li3,10.2064;0.6474;0.4191
Mg2B3Si3,11.1365;0.5747;0.3303
Mg2Si3H3,10.4973;0.5851;0.3424
Mg2Na3H3,10.6733;0.6423;0.4125
Er2N3Br3,9.5397;0.4609;0.2124
Li2O3Mg3,11.4741;0.5786;0.3348
Li2Bi3N3,10.3789;0.3964;0.1571
Li2F3Mg3,11.9565;0.6429;0.4133
Li2Al3B3,9.6389;0.5867;0.3443
Li2N3Mg3,11.7876;0.5912;0.3496
Li2N3Sb3,9.5978;0.4054;0.1644
Li2B3Mg3,11.0766;0.624;0.3893
Li2B3Si3,12.2526;0.6588;0.434
Si2O3Li3,9.786;0.4353;0.1895
Si2N3Li3,9.6212;0.4419;0.1952
Si2B3Mg3,11.9223;0.6559;0.4302
Si2B3Li3,11.7008;0.6417;0.4117
Si2Mg3H3,10.0331;0.5312;0.2822
P2N3Nb3,10.9836;0.3583;0.1284
P2N3Hf3,11.0247;0.4914;0.2415
P2N3Zr3,10.2686;0.3487;0.1216
P2N3Er3,9.6288;0.4421;0.1955
P2N3Lu3,9.6199;0.4317;0.1864
P2B3Mg3,10.1879;0.5852;0.3425
P2B3Li3,10.9719;0.6282;0.3947
Ta2N3Br3,10.6934;0.5057;0.2557
Na2F3Li3,9.7702;0.5769;0.3329
Na2Mg3H3,10.1617;0.5251;0.2757
H2O3Mg3,9.511;0.5553;0.3083
H2F3Mg3,9.6573;0.5831;0.34
H2Hf3Cl3,10.5284;0.5802;0.3366
H2Cl3Er3,9.6511;0.4454;0.1984
H2B3Mg3,10.984;0.5578;0.3112
H2Mg3Li3,9.4649;0.5669;0.3213
Br2Ca3N3,10.392;0.3531;0.1247
Br2Tm3N3,11.7016;0.3936;0.155
Br2V3N3,10.148;0.394;0.1553
Br2N3Nb3,12.7074;0.4057;0.1646
Br2N3Y3,12.1803;0.3216;0.1034
Br2N3Hf3,13.7893;0.458;0.2098
Br2N3Tb3,10.8069;0.3885;0.151
Br2N3Gd3,10.1851;0.4395;0.1931
Br2N3Zr3,13.8466;0.335;0.1122
Br2N3Ho3,11.6573;0.3735;0.1395
Br2N3Ti3,11.5504;0.4001;0.1601
Br2N3Mg3,9.8881;0.4392;0.1929
Br2N3Er3,11.9753;0.3908;0.1527
Br2N3Ta3,10.3483;0.407;0.1656
Br2N3Yb3,9.7533;0.4278;0.183
Br2N3Lu3,11.5265;0.4285;0.1836
Br2N3Dy3,10.8201;0.3905;0.1525
Br2N3Sc3,12.3321;0.3168;0.1004
I2V3N3,11.0771;0.3791;0.1437
I2N3Nb3,11.6569;0.4053;0.1643
I2N3Hf3,10.9744;0.4082;0.1666
I2N3Zr3,11.3804;0.3981;0.1585
I2N3Ti3,12.3957;0.3988;0.159
I2N3Mg3,9.8381;0.4219;0.178
I2N3Sc3,11.3608;0.3977;0.1582
I2N3Tc3,10.1172;0.4531;0.2053
Dy2As3N3,9.7189;0.3928;0.1543
Sc2N3Sb3,9.6636;0.4011;0.1609
Sc2N3Te3,9.7592;0.3586;0.1286
Sc2N3I3,9.9299;0.3701;0.137
Cs2O3F3,12.43;0.6226;0.3877
Cs2O3N3,9.6628;0.5278;0.2786
Cs2O3P3,10.0242;0.5246;0.2752
Cs2F3N3,9.6595;0.5249;0.2755
Cs2F3P3,9.667;0.4882;0.2384
Cs2N3Cl3,10.3315;0.3492;0.122

244 of 219450 appear to be promising

