hp_tune_blank_nc_normal:

{'ccp_alpha': 0.0, 'criterion': 'squared_error', 'max_depth': None, 'max_leaf_nodes': None, 'max_samples': None, 'min_impurity_decrease': 0.0, 'min_samples_leaf': 1, 'min_samples_split': 2, 'min_weight_fraction_leaf': 0.0, 'n_estimators': 200, 'n_jobs': None, 'oob_score': False, 'random_state': None, 'verbose': 0, 'warm_start': False, 'max_features': 'sqrt', 'bootstrap': False}

Ba2K5Fe5,11.2537;0.8125;0.6602
Ba2K5As5,12.3511;0.741;0.549
Ba2K5Ca5,12.5034;0.8012;0.642
Ba2K5La5,15.4125;1.0631;1.1302
Ba2K5Cu5,12.2672;0.7528;0.5668
Ba2K5O5,18.7834;0.7759;0.602
Ba2K5Mo5,11.5817;0.8068;0.651
Ba2K5Ru5,11.0591;0.8491;0.721
Ba2K5Tm5,13.1183;0.7623;0.581
Ba2K5Os5,12.314;0.8132;0.6613
Ba2K5Sn5,12.2009;0.7883;0.6214
Ba2K5Nd5,15.6241;1.1744;1.3793
Ba2K5Bi5,14.3163;0.6994;0.4892
Ba2K5Pb5,15.7818;0.7894;0.6232
Ba2K5S5,11.2615;0.9963;0.9925
Ba2K5F5,13.3016;0.7389;0.546
Ba2K5V5,12.2677;0.8292;0.6875
Ba2K5Ga5,10.6992;0.8447;0.7135
Ba2K5Al5,9.4219;0.7921;0.6275
Ba2K5Sr5,13.6031;0.8461;0.7159
Ba2K5Co5,11.3449;0.9425;0.8884
Ba2K5Re5,12.4068;0.8419;0.7089
Ba2K5W5,11.9532;0.8071;0.6514
Ba2K5N5,13.2662;0.8573;0.735
Ba2K5Be5,13.0416;0.7655;0.5859
Ba2K5Nb5,10.8359;0.828;0.6856
Ba2K5Tl5,12.3471;0.8027;0.6443
Ba2K5Y5,14.8592;0.89;0.792
Ba2K5Hf5,13.5043;0.8529;0.7274
Ba2K5Cl5,13.4754;0.7104;0.5047
Ba2K5Sm5,13.1233;0.7748;0.6003
Ba2K5Ni5,11.26;0.892;0.7957
Ba2K5Tb5,12.8813;0.8165;0.6667
Ba2K5Ce5,10.1456;0.8431;0.7108
Ba2K5B5,12.7998;0.7828;0.6128
Ba2K5Gd5,13.0231;0.7962;0.6339
Ba2K5In5,12.5361;0.7508;0.5636
Ba2K5Pd5,11.8074;0.7924;0.6279
Ba2K5Zr5,13.1888;0.8858;0.7846
Ba2K5Mn5,13.028;0.7684;0.5904
Ba2K5Ho5,12.9793;0.7692;0.5916
Ba2K5Se5,12.6589;0.8115;0.6586
Ba2K5Ti5,11.3729;0.7642;0.584
Ba2K5Hg5,11.5519;0.8975;0.8054
Ba2K5Eu5,13.1337;0.7608;0.5789
Ba2K5Rb5,14.1961;0.8175;0.6684
Ba2K5Pr5,10.2016;0.8229;0.6771
Ba2K5Mg5,10.0031;0.9155;0.8381
Ba2K5Sb5,9.8373;0.8702;0.7573
Ba2K5Er5,13.0119;0.7726;0.597
Ba2K5Rh5,11.6084;0.7871;0.6195
Ba2K5Au5,12.1722;0.6914;0.478
Ba2K5Zn5,12.5438;0.785;0.6163
Ba2K5Li5,11.4041;0.7259;0.527
Ba2K5Np5,13.1308;0.7683;0.5903
Ba2K5Si5,11.6309;0.8695;0.756
Ba2K5P5,11.6717;0.6744;0.4549
Ba2K5Ta5,12.9235;0.8235;0.6782
Ba2K5Na5,12.9967;0.7654;0.5858
Ba2K5H5,14.1888;0.7373;0.5437
Ba2K5Pt5,12.1193;0.8484;0.7198
Ba2K5Ge5,11.8196;0.8853;0.7837
Ba2K5Pa5,13.1325;0.7678;0.5895
Ba2K5Te5,10.8047;0.7944;0.6311
Ba2K5Ir5,11.5184;0.8349;0.697
Ba2K5Yb5,13.1198;0.7716;0.5954
Ba2K5T5,12.9448;0.7786;0.6062
Ba2K5U5,10.2689;0.8799;0.7743
Ba2K5Th5,13.0523;0.7431;0.5523
Ba2K5Lu5,13.1367;0.7386;0.5456
Ba2K5Ag5,11.8999;0.7879;0.6208
Ba2K5Cd5,13.1026;0.7646;0.5846
Ba2K5Br5,14.0805;0.7714;0.595
Ba2K5I5,13.0427;0.7305;0.5336
Ba2K5Dy5,13.0675;0.7785;0.6061
Ba2K5Sc5,13.1898;0.7654;0.5859
Ba2K5Cr5,13.0971;0.774;0.599
Ba2K5D5,13.3816;0.7593;0.5765
Ba2K5Cs5,13.8603;0.7564;0.5721
Ba2K5Tc5,13.556;0.7356;0.5412
Ba2K5Pu5,13.1031;0.7788;0.6066
Ba2K5Am5,13.1324;0.7678;0.5895
Ba2K5Cm5,13.1325;0.7678;0.5895
Ba2K5Po5,13.1325;0.7678;0.5895
Ba2Ca5Nd5,9.4866;1.4015;1.9643
Ba2La5Cu5,9.5699;1.2438;1.547
Ba2La5O5,8.9637;1.5146;2.2939
Ba2La5Mo5,9.2119;1.1668;1.3613
Ba2La5Tm5,9.1389;1.4456;2.0897
Ba2La5Os5,9.8167;1.2893;1.6624
Ba2La5Nd5,18.2007;1.9815;3.9265
Ba2La5S5,8.963;1.3349;1.7819
Ba2La5F5,9.1866;1.4456;2.0898
Ba2La5Sr5,9.6577;1.3572;1.842
Ba2La5W5,8.9616;1.4446;2.0867
Ba2La5Be5,8.804;1.4358;2.0616
Ba2La5Tl5,8.7423;1.4449;2.0877
Ba2La5Hf5,9.1879;1.2908;1.6663
Ba2La5Cl5,10.3033;1.089;1.1858
Ba2La5Sm5,8.9227;1.4451;2.0882
Ba2La5C5,9.1875;0.9375;0.8789
Ba2La5Se5,8.7312;1.433;2.0534
Ba2La5Hg5,8.9871;1.3401;1.7958
Ba2La5Eu5,8.9703;1.4372;2.0657
Ba2La5Np5,9.0403;1.4434;2.0833
Ba2La5Ta5,9.0443;1.377;1.8961
Ba2La5H5,10.0334;1.2809;1.6407
Ba2La5Pa5,9.0561;1.4426;2.0811
Ba2La5Yb5,8.8781;1.4458;2.0903
Ba2La5T5,8.824;1.3949;1.9457
Ba2La5Th5,9.1871;1.4011;1.9632
Ba2La5Cd5,8.7135;1.4519;2.108
Ba2La5Br5,9.7549;1.2938;1.6739
Ba2La5I5,8.927;1.4015;1.9641
Ba2La5Dy5,8.7004;1.4538;2.1134
Ba2La5Sc5,11.342;1.3542;1.834
Ba2La5D5,9.3026;1.3843;1.9162
Ba2La5Cs5,8.735;1.3986;1.9562
Ba2La5Tc5,9.5573;1.4377;2.067
Ba2La5Pu5,8.7984;1.4124;1.995
Ba2La5Am5,9.057;1.4425;2.0809
Ba2La5Cm5,9.0561;1.4426;2.0811
Ba2La5Po5,9.0561;1.4426;2.0811
Ba2O5Nd5,11.4189;1.3826;1.9115
Ba2Mo5C5,10.1804;0.3152;0.0994
Ba2Tm5Nd5,9.879;1.3923;1.9384
Ba2Os5Nd5,8.7089;1.299;1.6873
Ba2Nd5Bi5,9.6562;1.1101;1.2323
Ba2Nd5Pb5,9.1318;1.0772;1.1604
Ba2Nd5F5,10.4276;1.4368;2.0643
Ba2Nd5V5,8.9575;1.3152;1.7297
Ba2Nd5Sr5,12.0593;1.4209;2.0189
Ba2Nd5Re5,9.3575;1.1953;1.4287
Ba2Nd5W5,9.9468;1.3718;1.8819
Ba2Nd5Be5,9.731;1.3939;1.943
Ba2Nd5Tl5,10.3872;1.3593;1.8478
Ba2Nd5Y5,9.5757;1.2638;1.5971
Ba2Nd5Hf5,10.168;1.3301;1.7691
Ba2Nd5Cl5,10.7418;1.2117;1.4683
Ba2Nd5Sm5,9.8876;1.3589;1.8467
Ba2Nd5Tb5,9.3435;1.3811;1.9075
Ba2Nd5B5,9.1391;1.3629;1.8574
Ba2Nd5Gd5,9.7136;1.318;1.7372
Ba2Nd5In5,9.3278;1.3973;1.9525
Ba2Nd5Zr5,9.16;1.3188;1.7392
Ba2Nd5Mn5,9.5352;1.3101;1.7164
Ba2Nd5Ho5,9.6356;1.3926;1.9393
Ba2Nd5Se5,9.9463;1.3733;1.8861
Ba2Nd5Ti5,8.9212;1.1695;1.3678
Ba2Nd5Hg5,9.9123;1.3519;1.8277
Ba2Nd5Eu5,10.0435;1.4024;1.9666
Ba2Nd5Rb5,9.5029;1.3834;1.9138
Ba2Nd5Pr5,9.1924;1.3557;1.838
Ba2Nd5Er5,9.5459;1.3293;1.7671
Ba2Nd5Np5,9.9219;1.3778;1.8983
Ba2Nd5Ta5,10.4501;1.3758;1.8929
Ba2Nd5Na5,9.6607;1.348;1.8172
Ba2Nd5H5,11.3397;1.2474;1.5561
Ba2Nd5Pa5,9.9275;1.3779;1.8986
Ba2Nd5Yb5,9.8839;1.3695;1.8755
Ba2Nd5T5,9.7479;1.4026;1.9674
Ba2Nd5Th5,9.4537;1.3807;1.9064
Ba2Nd5Lu5,9.8572;1.3526;1.8295
Ba2Nd5Cd5,9.7677;1.3503;1.8234
Ba2Nd5Br5,10.5985;1.3554;1.8372
Ba2Nd5I5,9.9419;1.3507;1.8244
Ba2Nd5Dy5,9.795;1.3673;1.8696
Ba2Nd5Sc5,10.1429;1.3453;1.8099
Ba2Nd5D5,10.6169;1.3282;1.7642
Ba2Nd5Cs5,9.7305;1.4219;2.0219
Ba2Nd5Tc5,11.0363;1.366;1.8661
Ba2Nd5Pu5,9.8064;1.261;1.5902
Ba2Nd5Am5,9.928;1.3781;1.8991
Ba2Nd5Cm5,9.9275;1.3779;1.8986
Ba2Nd5Po5,9.9275;1.3779;1.8986
Ba2N5Nb5,10.0563;0.4525;0.2048
Ba2N5Cl5,13.5651;0.4636;0.215
Ba2N5Li5,9.8704;0.521;0.2715
Ba2B5Mg5,10.9782;0.6871;0.4721
Ba2C5Mg5,10.2507;0.6431;0.4136
K2Ba5Fe5,12.3384;0.7669;0.5881
K2Ba5As5,13.8042;0.6687;0.4471
K2Ba5Ca5,13.8685;0.7355;0.541
K2Ba5La5,16.6352;1.0864;1.1803
K2Ba5Cu5,13.3766;0.723;0.5227
K2Ba5O5,19.0781;0.7923;0.6277
K2Ba5Mo5,12.4593;0.72;0.5183
K2Ba5Ru5,12.3325;0.769;0.5914
K2Ba5Tm5,14.6779;0.7038;0.4954
K2Ba5Os5,13.7006;0.6924;0.4794
K2Ba5Sn5,13.5079;0.7151;0.5113
K2Ba5Nd5,17.0392;1.1181;1.2503
K2Ba5Bi5,17.4617;0.6849;0.4691
K2Ba5Pb5,16.9598;0.7141;0.51
K2Ba5S5,12.4422;0.8646;0.7475
K2Ba5F5,14.7934;0.6448;0.4157
K2Ba5V5,13.6056;0.8203;0.6729
K2Ba5Ga5,11.9019;0.7456;0.5558
K2Ba5Al5,10.6892;0.7285;0.5307
K2Ba5Sr5,14.8094;0.7672;0.5886
K2Ba5Co5,12.4804;0.8899;0.792
K2Ba5Re5,13.6198;0.7685;0.5906
K2Ba5W5,13.1698;0.7756;0.6016
K2Ba5N5,14.0682;0.733;0.5373
K2Ba5Be5,14.592;0.6982;0.4874
K2Ba5Nb5,11.6433;0.7672;0.5886
K2Ba5Tl5,13.7768;0.717;0.5141
K2Ba5Y5,16.1173;0.8343;0.696
K2Ba5Hf5,14.8253;0.7552;0.5704
K2Ba5Cl5,14.5029;0.6208;0.3854
K2Ba5Sm5,14.6988;0.7203;0.5189
K2Ba5Ni5,12.463;0.8253;0.681
K2Ba5Tb5,14.3097;0.7821;0.6117
K2Ba5Ce5,11.1733;0.6654;0.4427
K2Ba5B5,14.1945;0.7115;0.5062
K2Ba5C5,9.9873;0.7963;0.634
K2Ba5Gd5,14.5243;0.7458;0.5563
K2Ba5In5,13.7413;0.7769;0.6036
K2Ba5Pd5,13.0044;0.7572;0.5733
K2Ba5Zr5,14.4233;0.7885;0.6217
K2Ba5Mn5,14.4907;0.7234;0.5233
K2Ba5Ho5,14.4866;0.7209;0.5196
K2Ba5Se5,14.0111;0.7001;0.4901
K2Ba5Ti5,12.6685;0.7826;0.6125
K2Ba5Hg5,12.8139;0.8053;0.6484
K2Ba5Eu5,14.7387;0.7056;0.4978
K2Ba5Rb5,15.4034;0.7956;0.633
K2Ba5Pr5,11.4848;0.7767;0.6033
K2Ba5Mg5,10.8933;0.8694;0.7559
K2Ba5Sb5,10.9294;0.8303;0.6895
K2Ba5Er5,14.4918;0.7118;0.5067
K2Ba5Rh5,12.9542;0.6932;0.4806
K2Ba5Au5,13.4431;0.6769;0.4582
K2Ba5Zn5,13.7796;0.7389;0.546
K2Ba5Li5,12.4169;0.6875;0.4727
K2Ba5Np5,14.7418;0.7092;0.503
K2Ba5Si5,13.0762;0.8662;0.7503
K2Ba5P5,13.1523;0.6949;0.4829
K2Ba5Ta5,14.2174;0.7943;0.6309
K2Ba5Na5,14.4488;0.7099;0.504
K2Ba5H5,15.2877;0.6594;0.4348
K2Ba5Pt5,13.3087;0.7912;0.6261
K2Ba5Ge5,13.5112;0.749;0.5609
K2Ba5Pa5,14.748;0.7073;0.5003
K2Ba5Te5,11.9502;0.7628;0.5818
K2Ba5Ir5,12.6533;0.8304;0.6896
K2Ba5Yb5,14.6785;0.7168;0.5138
K2Ba5T5,14.5966;0.6989;0.4884
K2Ba5U5,11.3384;0.7824;0.6121
K2Ba5Th5,14.5456;0.7045;0.4963
K2Ba5Lu5,14.5767;0.6839;0.4677
K2Ba5Ag5,13.1503;0.7247;0.5251
K2Ba5Cd5,14.6398;0.7303;0.5333
K2Ba5Br5,15.3611;0.7145;0.5104
K2Ba5I5,14.6279;0.6773;0.4588
K2Ba5Dy5,14.5831;0.7133;0.5087
K2Ba5Sc5,14.7224;0.723;0.5227
K2Ba5Cr5,14.2303;0.7017;0.4924
K2Ba5D5,14.825;0.6986;0.488
K2Ba5Cs5,15.2298;0.7317;0.5353
K2Ba5Tc5,15.0279;0.6877;0.4729
K2Ba5Pu5,14.5927;0.7049;0.4969
K2Ba5Am5,14.748;0.7073;0.5003
K2Ba5Cm5,14.748;0.7073;0.5003
K2Ba5Po5,14.748;0.7073;0.5003
K2N5Nb5,10.4044;0.4037;0.163
K2N5Cl5,13.3818;0.3467;0.1202
K2N5Li5,10.8442;0.4246;0.1803
K2N5Br5,9.4554;0.5984;0.3581
K2N5Cs5,9.4235;0.7179;0.5154
K2B5Mg5,9.84;0.807;0.6512
Fe2Ba5K5,12.354;0.7108;0.5052
Fe2Mo5C5,10.9337;0.2304;0.0531
Fe2N5Nb5,10.5193;0.3904;0.1524
Fe2N5Cl5,12.72;0.4246;0.1803
Fe2N5Li5,10.0124;0.4197;0.1762
Fe2B5Mg5,13.1344;0.7819;0.6114
Fe2C5Mg5,11.5692;0.6272;0.3934
Fe2Mg5Li5,9.4686;0.9144;0.8362
As2Ba5K5,12.5986;0.6959;0.4843
As2Mo5C5,11.9401;0.1609;0.0259
As2N5Nb5,11.3503;0.3466;0.1202
As2N5Cl5,13.1714;0.399;0.1592
As2N5Li5,10.637;0.4236;0.1794
As2B5Mg5,12.3169;0.7125;0.5076
As2C5Mg5,11.1784;0.6362;0.4048
As2Mg5Li5,9.0981;0.9382;0.8802
Ca2Ba5K5,13.1159;0.7347;0.5397
Ca2Ba5Nd5,9.4389;1.2755;1.6269
Ca2Mo5Co5,10.0476;0.3587;0.1286
Ca2Mo5C5,12.0794;0.13;0.0169
Ca2N5Nb5,10.8021;0.4023;0.1618
Ca2N5Cl5,12.9379;0.3927;0.1542
Ca2N5Li5,10.5384;0.439;0.1927
Ca2B5Mg5,12.3727;0.6964;0.485
Ca2C5Mg5,11.9748;0.612;0.3745
Ca2Mg5Li5,9.3444;0.9155;0.8381
La2Ba5K5,15.4682;1.1104;1.2329
La2Ba5Mo5,8.9811;1.0594;1.1223
La2Ba5Nd5,16.7595;1.7813;3.173
La2Ba5Sr5,9.0394;1.2376;1.5316
La2Ba5Cl5,9.7888;1.0105;1.0211
La2Ba5H5,9.5644;1.0911;1.1905
La2Ba5Br5,9.0955;1.1447;1.3103
La2Ba5Sc5,9.3762;1.2249;1.5003
La2Ba5Tc5,8.8876;1.2739;1.6229
La2Mo5C5,11.7362;0.1681;0.0282
La2N5Nb5,10.5173;0.4142;0.1716
La2N5Cl5,12.5995;0.459;0.2106
La2N5Li5,10.2948;0.4457;0.1987
La2B5Mg5,11.8872;0.7802;0.6088
La2C5Mg5,11.2672;0.6367;0.4054
La2Mg5Li5,9.1342;0.9305;0.8658
Cu2Ba5K5,13.3294;0.7246;0.5251
Cu2Ba5Nd5,9.5991;1.2989;1.6872
Cu2As5H5,10.2111;0.561;0.3147
Cu2Ca5Li5,9.788;0.3822;0.1461
Cu2Ca5H5,10.378;0.5043;0.2544
Cu2La5H5,10.2911;0.4647;0.2159
Cu2Mo5C5,11.7211;0.143;0.0205
Cu2Tm5H5,11.0294;0.5111;0.2612
Cu2Nd5H5,9.708;0.5291;0.28
Cu2F5H5,10.1516;0.5357;0.287
Cu2Sr5H5,10.3863;0.506;0.256
Cu2W5H5,10.9782;0.4919;0.2419
Cu2N5Nb5,11.2753;0.3789;0.1436
Cu2N5Cl5,13.2383;0.3916;0.1533
Cu2N5Li5,10.8155;0.4297;0.1846
Cu2Be5H5,9.8529;0.5146;0.2648
Cu2Tl5H5,11.1905;0.5031;0.2531
Cu2Hf5H5,9.9158;0.4902;0.2403
Cu2Cl5H5,9.6326;0.6022;0.3626
Cu2Sm5H5,11.0083;0.5373;0.2887
Cu2B5Mg5,13.5088;0.715;0.5113
Cu2B5H5,9.7438;0.5512;0.3038
Cu2C5Mg5,11.581;0.6668;0.4446
Cu2Gd5H5,10.5094;0.5388;0.2904
Cu2In5H5,10.3056;0.4581;0.2099
Cu2Pd5H5,14.9321;0.3489;0.1217
Cu2Mn5H5,9.5972;0.5282;0.279
Cu2Ho5H5,10.5434;0.5217;0.2722
Cu2Se5H5,11.1291;0.5121;0.2622
Cu2Hg5H5,11.1458;0.5103;0.2604
Cu2Eu5H5,11.1132;0.5147;0.2649
Cu2Pr5H5,9.7841;0.5673;0.3218
Cu2Mg5Li5,9.5843;0.9487;0.9001
Cu2Er5H5,9.6401;0.5215;0.272
Cu2Np5H5,11.157;0.5061;0.2561
Cu2Si5H5,10.0745;0.5052;0.2553
Cu2P5H5,10.1182;0.5728;0.3281
Cu2H5Pa5,11.1636;0.5094;0.2595
Cu2H5Yb5,10.9459;0.4997;0.2497
Cu2H5T5,11.1597;0.5079;0.2579
Cu2H5Lu5,9.616;0.5473;0.2995
Cu2H5Cd5,10.5488;0.4969;0.2469
Cu2H5Br5,10.7032;0.5012;0.2512
Cu2H5I5,10.7806;0.4992;0.2492
Cu2H5Dy5,10.6061;0.4782;0.2287
Cu2H5Sc5,10.3912;0.5119;0.2621
Cu2H5D5,9.6653;0.5185;0.2689
Cu2H5Cs5,10.6109;0.5216;0.2721
Cu2H5Tc5,11.3373;0.493;0.243
Cu2H5Am5,11.164;0.5093;0.2594
Cu2H5Cm5,11.1636;0.5094;0.2595
Cu2H5Po5,11.1636;0.5094;0.2595
O2Ba5K5,14.4004;0.7148;0.5109
O2Ba5Nd5,10.0058;1.2875;1.6576
O2Ca5Li5,9.6793;0.3766;0.1418
O2Mo5C5,10.6619;0.2644;0.0699
O2N5Nb5,12.1201;0.2049;0.042
O2N5Cl5,13.1383;0.3458;0.1196
O2N5Li5,11.101;0.4578;0.2096
O2B5Mg5,12.4028;0.7233;0.5231
O2C5Mg5,11.1472;0.6397;0.4092
O2Mg5Li5,9.2924;0.8302;0.6893
Mo2Ba5K5,12.8754;0.7896;0.6235
Mo2Ba5La5,9.1663;1.2001;1.4402
Mo2Ba5Nd5,9.5998;1.28;1.6384
Mo2Ca5C5,9.8798;0.2302;0.053
Mo2W5C5,9.9818;0.1637;0.0268
Mo2N5Nb5,10.727;0.3693;0.1364
Mo2N5Cl5,13.0238;0.3817;0.1457
Mo2N5Li5,9.9906;0.4561;0.2081
Mo2Nb5C5,10.9386;0.272;0.074
Mo2Y5C5,10.9117;0.2137;0.0457
Mo2B5Mg5,12.4303;0.7274;0.5292
Mo2C5Mg5,11.9564;0.5645;0.3187
Mo2C5Tc5,9.905;0.2406;0.0579
Ru2Ba5K5,11.69;0.7313;0.5348
Ru2Mo5C5,10.7009;0.2335;0.0545
Ru2N5Cl5,11.868;0.4609;0.2124
Ru2N5Li5,9.6538;0.4555;0.2074
Ru2B5Mg5,10.9356;0.6776;0.4592
Ru2C5Mg5,9.7526;0.6905;0.4768
Tm2Ba5K5,13.5268;0.7044;0.4962
Tm2Ba5La5,8.9155;1.2626;1.5941
Tm2Ba5Nd5,9.6901;1.2994;1.6885
Tm2Ca5Li5,9.8086;0.3802;0.1445
Tm2Mo5Co5,9.8775;0.3767;0.1419
Tm2Mo5C5,12.0339;0.1383;0.0191
Tm2N5Nb5,11.3309;0.3684;0.1357
Tm2N5Cl5,13.26;0.3903;0.1524
Tm2N5Li5,10.8273;0.4268;0.1821
Tm2B5Mg5,12.6095;0.7315;0.5352
Tm2C5Mg5,11.2912;0.6233;0.3885
Tm2Mg5Li5,9.3575;0.9325;0.8695
Os2Ba5K5,13.113;0.7131;0.5086
Os2Ba5La5,8.9148;1.1424;1.3051
Os2Ba5Nd5,9.3498;1.2715;1.6168
Os2Mo5C5,11.6339;0.1656;0.0274
Os2Mo5Tc5,9.875;0.2966;0.088
Os2N5Nb5,10.1663;0.3713;0.1379
Os2N5Cl5,12.6908;0.427;0.1823
Os2N5Li5,10.4017;0.4107;0.1686
Os2B5Mg5,11.8715;0.6764;0.4576
Os2C5Mg5,10.7218;0.6211;0.3858
Sn2Ba5K5,12.5838;0.6461;0.4175
Sn2Mo5C5,11.4184;0.1983;0.0393
Sn2N5Nb5,11.034;0.3187;0.1016
Sn2N5Cl5,12.7706;0.402;0.1616
Sn2N5Li5,10.4032;0.4191;0.1756
Sn2B5Mg5,12.1592;0.7459;0.5563
Sn2C5Mg5,11.0558;0.6263;0.3923
Sn2Mg5Li5,9.1145;0.9295;0.8639
Nd2Ba5K5,15.9261;1.1026;1.2157
Nd2Ba5Ca5,8.8864;1.31;1.716
Nd2Ba5La5,17.2164;1.7592;3.0947
Nd2Ba5O5,10.4771;1.337;1.7875
Nd2Ba5Tm5,9.7055;1.3108;1.7182
Nd2Ba5Bi5,10.1605;1.0196;1.0396
Nd2Ba5F5,10.1484;1.3589;1.8466
Nd2Ba5Sr5,11.6522;1.3623;1.8558
Nd2Ba5Re5,9.0336;1.0838;1.1747
Nd2Ba5W5,9.7502;1.2874;1.6575
Nd2Ba5Be5,9.5159;1.3319;1.7739
Nd2Ba5Tl5,10.0485;1.2868;1.656
Nd2Ba5Y5,9.3091;1.1754;1.3816
Nd2Ba5Hf5,9.9169;1.2368;1.5298
Nd2Ba5Cl5,10.567;1.1107;1.2336
Nd2Ba5Sm5,9.6998;1.2944;1.6755
Nd2Ba5Tb5,9.0871;1.3174;1.7356
Nd2Ba5B5,8.8607;1.2157;1.4779
Nd2Ba5Gd5,9.4851;1.2372;1.5308
Nd2Ba5Zr5,8.8372;1.1632;1.353
Nd2Ba5Mn5,9.2689;1.2531;1.5703
Nd2Ba5Ho5,9.392;1.3329;1.7766
Nd2Ba5Se5,9.76;1.3044;1.7014
Nd2Ba5Hg5,9.5519;1.3156;1.7307
Nd2Ba5Eu5,9.846;1.3198;1.7419
Nd2Ba5Rb5,9.2202;1.2977;1.6841
Nd2Ba5Pr5,8.8663;1.2355;1.5265
Nd2Ba5Er5,9.3185;1.2716;1.6169
Nd2Ba5Np5,9.7857;1.2993;1.6882
Nd2Ba5Ta5,10.0599;1.3023;1.696
Nd2Ba5Na5,9.4756;1.2907;1.666
Nd2Ba5H5,10.9799;1.1867;1.4082
Nd2Ba5Pa5,9.7932;1.2992;1.6879
Nd2Ba5Yb5,9.6924;1.303;1.6979
Nd2Ba5T5,9.6504;1.309;1.7136
Nd2Ba5Th5,9.1747;1.2821;1.6438
Nd2Ba5Lu5,9.5529;1.2801;1.6387
Nd2Ba5Cd5,9.5241;1.2733;1.6213
Nd2Ba5Br5,10.4114;1.2544;1.5734
Nd2Ba5I5,9.7545;1.2562;1.5781
Nd2Ba5Dy5,9.5943;1.2867;1.6557
Nd2Ba5Sc5,9.862;1.2591;1.5853
Nd2Ba5D5,10.2983;1.2627;1.5944
Nd2Ba5Cs5,9.5587;1.3331;1.7771
Nd2Ba5Tc5,10.6423;1.2909;1.6663
Nd2Ba5Pu5,9.5637;1.1543;1.3323
Nd2Ba5Am5,9.7929;1.2987;1.6867
Nd2Ba5Cm5,9.7932;1.2992;1.6879
Nd2Ba5Po5,9.7932;1.2992;1.6879
Nd2Mo5Co5,9.7777;0.3806;0.1448
Nd2Mo5C5,10.6983;0.3243;0.1052
Nd2N5Nb5,11.3037;0.3595;0.1293
Nd2N5Cl5,13.2386;0.3946;0.1557
Nd2N5Li5,10.7755;0.4289;0.1839
Nd2B5Mg5,11.9891;0.7506;0.5634
Nd2C5Mg5,10.368;0.6806;0.4633
Nd2Mg5Li5,9.2651;0.9132;0.834
Bi2Ba5K5,19.5879;0.8286;0.6866
Bi2Ba5Nd5,8.9596;1.0644;1.133
Bi2Mo5C5,11.1707;0.1825;0.0333
Bi2N5Nb5,10.4353;0.4074;0.166
Bi2N5Cl5,12.6755;0.4266;0.182
Bi2N5Li5,10.3487;0.4385;0.1923
Bi2B5Mg5,11.9817;0.7041;0.4957
Bi2C5Mg5,10.7974;0.6086;0.3703
Pb2Ba5K5,15.0459;0.7409;0.5489
Pb2Mo5C5,11.2317;0.2383;0.0568
Pb2N5Nb5,10.8769;0.3902;0.1523
Pb2N5Cl5,12.805;0.3911;0.153
Pb2N5Li5,10.5556;0.4396;0.1932
Pb2B5Mg5,13.53;0.7657;0.5862
Pb2C5Mg5,11.167;0.6361;0.4047
Pb2Mg5Li5,9.5138;0.9497;0.9019
S2Ba5K5,13.3468;0.7411;0.5492
S2Ba5Nd5,9.3035;1.2536;1.5715
S2Mo5C5,11.9927;0.1552;0.0241
S2N5Nb5,11.1559;0.3804;0.1447
S2N5Cl5,13.1252;0.3727;0.1389
S2N5Li5,10.459;0.4614;0.2129
S2B5Mg5,12.4238;0.7189;0.5168
S2C5Mg5,11.3127;0.6232;0.3884
F2Ba5K5,13.3963;0.712;0.507
F2Ba5Nd5,9.544;1.3702;1.8775
F2Mo5Co5,9.9184;0.3698;0.1368
F2Mo5C5,11.4595;0.2242;0.0503
F2N5Nb5,10.7295;0.3955;0.1564
F2N5Cl5,12.8526;0.4356;0.1897
F2N5Li5,10.3604;0.4835;0.2337
F2B5Mg5,10.9941;0.597;0.3564
F2C5Mg5,11.0735;0.6412;0.4112
F2Mg5Li5,9.4465;0.8901;0.7923
V2Ba5K5,13.0503;0.7438;0.5533
V2Ba5Nd5,9.0886;1.2648;1.5996
V2Mo5C5,12.6552;0.1156;0.0134
V2N5Cl5,12.1096;0.464;0.2153
V2B5Mg5,12.4571;0.7028;0.494
V2C5Mg5,11.2861;0.6417;0.4118
Ga2Ba5K5,11.5101;0.733;0.5373
Ga2N5Nb5,9.8632;0.3747;0.1404
Ga2N5Cl5,11.5394;0.4;0.16
Ga2B5Mg5,11.4488;0.7354;0.5408
Al2Ba5K5,10.5928;0.7319;0.5356
Al2N5Nb5,12.4278;0.3808;0.145
Al2N5Cl5,10.6812;0.4393;0.193
Al2B5Mg5,15.6493;0.9863;0.9727
Sr2Ba5K5,13.8818;0.801;0.6416
Sr2Ba5La5,9.4122;1.2444;1.5485
Sr2Ba5Nd5,11.5869;1.3969;1.9514
Sr2Ca5Li5,9.6565;0.3836;0.1472
Sr2Mo5Co5,9.6701;0.4198;0.1763
Sr2Mo5C5,11.9774;0.1608;0.0258
Sr2N5Nb5,11.3153;0.3793;0.1438
Sr2N5Cl5,14.3654;0.3741;0.1399
Sr2N5Li5,10.9113;0.4406;0.1941
Sr2B5Mg5,12.1711;0.7346;0.5397
Sr2C5Mg5,11.2343;0.6218;0.3867
Sr2Mg5Li5,9.3195;0.9327;0.8699
Co2Ba5K5,12.69;0.8154;0.6648
Co2Mo5C5,10.8618;0.2674;0.0715
Co2Ga5Pu5,10.8968;0.4785;0.2289
Co2N5Nb5,10.4524;0.3835;0.147
Co2N5Cl5,12.3577;0.4185;0.1751
Co2N5Li5,10.1067;0.4104;0.1685
Co2B5Mg5,12.0614;0.7844;0.6153
Co2C5Mg5,10.6429;0.6757;0.4565
Co2Mg5Li5,9.0386;0.9824;0.965
Re2Ba5K5,12.6031;0.7421;0.5507
Re2Ba5Nd5,8.9296;1.0836;1.1741
Re2N5Nb5,11.1106;0.3616;0.1308
Re2N5Cl5,13.0968;0.3652;0.1333
Re2N5Li5,10.6486;0.4539;0.206
Re2B5Mg5,12.9266;0.7302;0.5332
Re2C5Mg5,11.1946;0.6123;0.3749
Re2Mg5Li5,9.319;0.9497;0.902
W2Ba5K5,12.1601;0.8184;0.6697
W2Ba5La5,8.7514;1.2581;1.5827
W2Ba5Nd5,9.7156;1.2971;1.6824
W2Mo5Co5,9.9647;0.3607;0.1301
W2Mo5C5,11.925;0.1215;0.0148
W2N5Nb5,11.1991;0.3834;0.147
W2N5Cl5,13.2572;0.3911;0.153
W2N5Li5,10.5896;0.4237;0.1795
W2B5Mg5,12.4268;0.6907;0.477
W2C5Mg5,11.7275;0.612;0.3746
N2Ba5K5,13.6067;0.768;0.5899
N2Ba5Cl5,11.7832;0.4809;0.2312
N2K5Cl5,11.2051;0.3823;0.1461
N2Fe5Cl5,10.2108;0.4435;0.1967
N2As5Cl5,10.8625;0.4645;0.2158
N2Ca5Cl5,10.4071;0.4733;0.2241
N2Ca5Li5,11.2666;0.476;0.2266
N2La5Cl5,10.6306;0.4099;0.1681
N2Cu5Cl5,9.8038;0.4714;0.2223
N2O5Cl5,10.4552;0.4987;0.2487
N2O5Li5,10.6375;0.4236;0.1795
N2Mo5Cl5,9.8285;0.4278;0.183
N2Mo5C5,10.4893;0.242;0.0586
N2Ru5Cl5,9.7605;0.4711;0.2219
N2Tm5Cl5,10.8309;0.4649;0.2161
N2Os5Cl5,10.4559;0.4899;0.24
N2Sn5Cl5,10.6678;0.4464;0.1993
N2Nd5Cl5,10.7708;0.4709;0.2217
N2Bi5Cl5,10.5623;0.4112;0.1691
N2Pb5Cl5,11.0073;0.4141;0.1715
N2Pb5Li5,10.1606;0.3581;0.1282
N2S5Cl5,10.3065;0.4448;0.1979
N2F5Cl5,10.769;0.4993;0.2493
N2V5Cl5,10.1746;0.4615;0.213
N2Sr5Cl5,12.0879;0.4556;0.2075
N2Co5Cl5,9.6461;0.4791;0.2296
N2Re5Cl5,10.7801;0.4626;0.214
N2W5Cl5,10.3733;0.4777;0.2282
N2Be5Cl5,10.8536;0.4444;0.1975
N2Nb5Cl5,10.6404;0.4901;0.2402
N2Nb5C5,13.5111;0.2796;0.0782
N2Nb5Zr5,9.7891;0.2664;0.071
N2Tl5Cl5,11.149;0.4332;0.1877
N2Hf5Cl5,15.1318;0.5768;0.3327
N2Hf5Li5,14.5432;0.7089;0.5025
N2Cl5Sm5,10.8471;0.4559;0.2079
N2Cl5Ni5,10.0983;0.5034;0.2534
N2Cl5Tb5,10.5132;0.4625;0.2139
N2Cl5C5,10.1697;0.4168;0.1737
N2Cl5Gd5,10.7846;0.4686;0.2195
N2Cl5In5,10.2027;0.4117;0.1695
N2Cl5Pd5,10.3573;0.4745;0.2251
N2Cl5Zr5,11.2369;0.2649;0.0702
N2Cl5Mn5,10.7295;0.4646;0.2158
N2Cl5Ho5,10.8004;0.4644;0.2157
N2Cl5Se5,10.6102;0.5131;0.2633
N2Cl5Ti5,11.1849;0.3778;0.1427
N2Cl5Hg5,10.9334;0.4537;0.2059
N2Cl5Eu5,10.8743;0.4583;0.21
N2Cl5Rb5,11.4235;0.4203;0.1767
N2Cl5Pr5,10.1063;0.4573;0.2091
N2Cl5Sb5,10.4679;0.4921;0.2421
N2Cl5Er5,10.761;0.4592;0.2108
N2Cl5Rh5,9.6891;0.4106;0.1686
N2Cl5Au5,10.3121;0.4736;0.2243
N2Cl5Zn5,10.6249;0.4584;0.2101
N2Cl5Li5,11.9789;0.4195;0.176
N2Cl5Np5,10.8584;0.4609;0.2124
N2Cl5Si5,10.0855;0.4996;0.2496
N2Cl5P5,10.7845;0.4593;0.211
N2Cl5Ta5,11.2098;0.4298;0.1847
N2Cl5Na5,11.2798;0.422;0.1781
N2Cl5H5,12.333;0.5325;0.2836
N2Cl5Pt5,10.3859;0.5161;0.2664
N2Cl5Ge5,10.2585;0.4825;0.2328
N2Cl5Pa5,10.8644;0.4605;0.2121
N2Cl5Yb5,10.8329;0.4545;0.2066
N2Cl5T5,10.9024;0.4631;0.2144
N2Cl5Th5,10.7635;0.4392;0.1929
N2Cl5Lu5,10.8936;0.4572;0.209
N2Cl5Cd5,10.8582;0.4523;0.2046
N2Cl5Br5,10.6222;0.4806;0.231
N2Cl5I5,11.2307;0.4299;0.1848
N2Cl5Dy5,10.8047;0.4646;0.2159
N2Cl5Sc5,10.4482;0.4531;0.2053
N2Cl5Cr5,9.8456;0.4457;0.1987
N2Cl5D5,11.1417;0.4155;0.1727
N2Cl5Cs5,11.9702;0.471;0.2219
N2Cl5Tc5,11.4411;0.4147;0.172
N2Cl5Pu5,10.8703;0.4626;0.214
N2Cl5Am5,10.8704;0.4605;0.2121
N2Cl5Cm5,10.8644;0.4605;0.2121
N2Cl5Po5,10.8644;0.4605;0.2121
N2B5Mg5,10.1691;0.6996;0.4894
N2C5Mg5,10.9528;0.4795;0.23
N2C5Li5,9.9568;0.3724;0.1387
N2C5Ta5,10.0619;0.2404;0.0578
N2C5Na5,12.1522;0.5471;0.2994
N2C5H5,11.9829;0.6392;0.4085
N2C5Cs5,12.5266;0.7913;0.6261
N2Mg5Li5,11.7638;0.8083;0.6533
N2Li5Ta5,9.7947;0.4075;0.166
N2Li5Na5,10.274;0.4814;0.2318
N2Li5Br5,12.2095;0.5152;0.2654
N2Li5I5,11.949;0.4802;0.2306
N2Li5Cs5,10.7535;0.5357;0.2869
N2Li5Tc5,9.6067;0.3948;0.1559
N2Na5H5,9.953;0.7426;0.5515
N2H5Cs5,10.4738;0.7228;0.5224
Be2Ba5K5,13.476;0.6903;0.4765
Be2Ba5Nd5,9.5507;1.3349;1.7819
Be2Mo5C5,11.8143;0.1601;0.0256
Be2N5Nb5,11.2596;0.3644;0.1328
Be2N5Cl5,13.2204;0.4045;0.1636
Be2N5Li5,9.7873;0.4977;0.2477
Be2B5Mg5,10.76;0.5649;0.3191
Be2C5Mg5,11.2491;0.6168;0.3805
Nb2Ba5K5,11.3948;0.7627;0.5817
Nb2Mo5C5,12.2207;0.1986;0.0395
Nb2N5Cl5,13.3991;0.3394;0.1152
Nb2N5C5,11.8285;0.3833;0.1469
Nb2N5Ti5,13.077;0.3701;0.1369
Nb2N5Li5,11.551;0.5264;0.2771
Nb2N5Na5,10.3258;0.562;0.3158
Nb2N5H5,10.3965;0.6065;0.3678
Nb2N5I5,9.5309;0.5521;0.3049
Nb2N5Cs5,10.6124;0.5855;0.3428
Nb2B5Mg5,11.8438;0.7612;0.5794
Nb2C5Mg5,11.2535;0.5962;0.3554
Tl2Ba5K5,13.0313;0.7295;0.5322
Tl2Ba5Nd5,9.8134;1.2961;1.6798
Tl2Ca5Li5,9.835;0.3788;0.1435
Tl2Mo5Co5,9.6759;0.3824;0.1463
Tl2Mo5C5,11.6527;0.1868;0.0349
Tl2N5Nb5,11.4816;0.3573;0.1277
Tl2N5Cl5,13.26;0.39;0.1521
Tl2N5Li5,10.8302;0.4217;0.1779
Tl2B5Mg5,10.2383;0.6937;0.4812
Tl2C5Mg5,10.3715;0.6364;0.405
Y2Ba5K5,15.4638;0.8545;0.7302
Y2Ba5Nd5,9.8369;1.2061;1.4547
Y2Mo5C5,10.906;0.2988;0.0893
Y2N5Nb5,10.778;0.4319;0.1866
Y2N5Cl5,12.7699;0.4332;0.1877
Y2N5Li5,10.4176;0.4749;0.2255
Y2Ni5Pd5,11.5945;0.563;0.317
Y2B5Mg5,11.9828;0.6975;0.4865
Y2C5Pd5,11.3496;0.7337;0.5383
Y2C5Mg5,10.0174;0.618;0.3819
Y2C5Th5,11.2205;0.3264;0.1065
Y2Mg5Li5,9.0804;0.9458;0.8945
Hf2Ba5K5,13.6971;0.7523;0.566
Hf2Ba5La5,9.0837;1.1018;1.2139
Hf2Ba5Nd5,10.0824;1.2505;1.5637
Hf2Ca5Li5,11.8582;0.4918;0.2419
Hf2O5Li5,10.4711;0.4482;0.2009
Hf2N5Nb5,12.4787;0.2901;0.0842
Hf2N5Cl5,18.5085;0.3909;0.1528
Hf2N5C5,9.7483;0.3984;0.1588
Hf2N5Li5,17.0579;0.5278;0.2786
Hf2Cl5Li5,10.9838;0.597;0.3564
Hf2B5Mg5,12.566;0.6919;0.4788
Hf2C5Mg5,11.2391;0.6565;0.4309
Hf2Mg5Li5,10.8013;0.8787;0.7722
Hf2Li5Br5,10.3644;0.6218;0.3866
Cl2Ba5K5,14.0889;0.713;0.5083
Cl2Ba5La5,9.7811;1.2278;1.5074
Cl2Ba5Nd5,10.4155;1.148;1.3179
Cl2Ba5N5,10.0937;0.589;0.3469
Cl2K5N5,10.7053;0.554;0.3069
Cl2As5N5,9.7837;0.5246;0.2752
Cl2Ca5Li5,10.4236;0.3665;0.1343
Cl2O5N5,9.9973;0.5237;0.2742
Cl2Mo5C5,11.3398;0.2554;0.0652
Cl2Tm5N5,9.8054;0.5331;0.2841
Cl2Sn5N5,9.4817;0.5331;0.2841
Cl2Nd5N5,9.7652;0.5468;0.299
Cl2Pb5N5,9.8896;0.4964;0.2464
Cl2F5N5,9.6292;0.5082;0.2582
Cl2Sr5N5,10.3927;0.4711;0.222
Cl2Re5N5,9.9521;0.5391;0.2906
Cl2N5Be5,9.7717;0.5222;0.2727
Cl2N5Nb5,13.2343;0.4221;0.1782
Cl2N5Tl5,9.969;0.5245;0.2751
Cl2N5Hf5,15.8652;0.6143;0.3774
Cl2N5Sm5,9.8127;0.5331;0.2842
Cl2N5Ni5,9.5424;0.5245;0.2751
Cl2N5C5,10.245;0.3981;0.1585
Cl2N5Gd5,9.7528;0.533;0.2841
Cl2N5Mn5,9.7317;0.5396;0.2912
Cl2N5Ho5,9.7795;0.5381;0.2896
Cl2N5Ti5,9.9967;0.5172;0.2675
Cl2N5Hg5,9.8484;0.5309;0.2819
Cl2N5Eu5,9.8297;0.5288;0.2796
Cl2N5Rb5,10.0259;0.482;0.2323
Cl2N5Er5,9.7601;0.5409;0.2926
Cl2N5Zn5,9.7416;0.5492;0.3016
Cl2N5Li5,13.7169;0.4433;0.1965
Cl2N5Np5,9.8215;0.5298;0.2806
Cl2N5P5,9.7761;0.5511;0.3037
Cl2N5Ta5,10.4888;0.5596;0.3131
Cl2N5Na5,10.7919;0.4825;0.2328
Cl2N5H5,11.8088;0.6439;0.4146
Cl2N5Pt5,9.7653;0.5357;0.287
Cl2N5Pa5,9.8256;0.5307;0.2816
Cl2N5Yb5,9.8019;0.5388;0.2903
Cl2N5T5,9.8431;0.5342;0.2853
Cl2N5Th5,10.0049;0.5229;0.2734
Cl2N5Lu5,9.8222;0.5437;0.2956
Cl2N5Cd5,9.8093;0.5347;0.2859
Cl2N5Br5,9.9682;0.6498;0.4222
Cl2N5I5,10.5029;0.5605;0.3142
Cl2N5Dy5,9.7752;0.5352;0.2864
Cl2N5D5,10.0218;0.5393;0.2908
Cl2N5Cs5,11.4838;0.6633;0.44
Cl2N5Tc5,10.191;0.5192;0.2696
Cl2N5Pu5,9.86;0.5307;0.2816
Cl2N5Am5,9.8278;0.531;0.2819
Cl2N5Cm5,9.8256;0.5307;0.2816
Cl2N5Po5,9.8256;0.5307;0.2816
Cl2Hf5Li5,9.9523;0.6248;0.3904
Cl2B5Mg5,13.0172;0.707;0.4999
Cl2C5Mg5,10.9447;0.6538;0.4274
Cl2Mg5Li5,10.1164;0.8881;0.7886
Sm2Ba5K5,13.5225;0.7184;0.5161
Sm2Ba5Nd5,9.65;1.2934;1.673
Sm2Ca5Li5,9.8108;0.3908;0.1527
Sm2Mo5Co5,9.8067;0.3569;0.1274
Sm2Mo5C5,12.0707;0.1421;0.0202
Sm2N5Nb5,11.2841;0.3866;0.1494
Sm2N5Cl5,13.2594;0.3903;0.1524
Sm2N5Li5,10.8279;0.4257;0.1812
Sm2B5Mg5,12.2158;0.698;0.4872
Sm2C5Mg5,11.2996;0.622;0.3869
Sm2Mg5Li5,9.3545;0.9337;0.8717
Ni2Ba5K5,12.2411;0.7888;0.6222
Ni2Mo5C5,11.4362;0.1968;0.0387
Ni2N5Nb5,10.9413;0.3642;0.1326
Ni2N5Cl5,12.9983;0.3894;0.1516
Ni2N5Li5,10.9066;0.4783;0.2287
Ni2Nb5C5,11.3494;0.3739;0.1398
Ni2B5Mg5,12.1397;0.7154;0.5118
Ni2C5Mg5,11.3345;0.5849;0.3421
Ni2Mg5Li5,9.1924;0.9292;0.8635
Tb2Ba5K5,13.2837;0.7659;0.5866
Tb2Ba5Nd5,9.1312;1.3131;1.7243
Tb2Mo5C5,9.6538;0.3661;0.134
Tb2N5Nb5,10.4725;0.4214;0.1776
Tb2N5Cl5,12.7389;0.3894;0.1516
Tb2N5Li5,10.3838;0.4489;0.2015
Tb2B5Mg5,11.5397;0.7374;0.5438
Tb2C5Mg5,9.5861;0.6399;0.4095
Tb2Mg5Li5,9.2213;0.9405;0.8846
Ce2Ba5K5,10.6075;0.7142;0.5101
Ce2N5Cl5,9.662;0.5066;0.2566
Ce2B5Mg5,9.3595;0.7643;0.5842
B2Ba5K5,13.3633;0.7012;0.4917
B2Ba5Nd5,9.1127;1.269;1.6105
B2Mo5C5,10.0864;0.1699;0.0289
B2N5Nb5,9.7589;0.3574;0.1277
B2N5Cl5,12.9325;0.4106;0.1686
B2N5Li5,10.4433;0.4564;0.2083
B2C5Mg5,12.699;0.566;0.3204
B2Mg5Li5,10.3877;0.8956;0.802
C2Ba5K5,9.5332;0.7709;0.5942
C2Ba5Mg5,11.4226;0.7251;0.5258
C2Fe5Mg5,12.4154;0.7568;0.5728
C2As5Mg5,12.3877;0.7075;0.5006
C2Ca5Mg5,12.2948;0.6817;0.4647
C2La5Mg5,11.0437;0.7246;0.525
C2Cu5Mg5,11.3161;0.7426;0.5514
C2O5Mg5,12.4662;0.7329;0.5371
C2Mo5Mg5,10.9372;0.5735;0.3289
C2Ru5Mg5,10.9545;0.7885;0.6217
C2Tm5Mg5,12.4479;0.7249;0.5255
C2Os5Mg5,11.7434;0.7486;0.5604
C2Sn5Mg5,12.1946;0.7259;0.5269
C2Nd5Mg5,11.5775;0.806;0.6497
C2Bi5Mg5,11.0223;0.764;0.5837
C2Pb5Mg5,13.0182;0.6491;0.4213
C2S5Mg5,12.5859;0.7135;0.5091
C2F5Mg5,12.4461;0.7174;0.5147
C2V5Mg5,11.4317;0.7796;0.6077
C2Ga5Mg5,10.433;0.6104;0.3726
C2Sr5Mg5,12.4797;0.7216;0.5207
C2Co5Mg5,11.3892;0.7787;0.6064
C2Re5Mg5,12.3698;0.685;0.4692
C2W5Mg5,12.4597;0.7221;0.5214
C2N5Nb5,14.1892;0.2577;0.0664
C2N5Hf5,9.8516;0.4225;0.1785
C2N5Cl5,11.9978;0.3407;0.1161
C2N5Mg5,12.1377;0.6431;0.4135
C2N5Li5,11.3946;0.4305;0.1853
C2N5Ta5,10.6388;0.2321;0.0539
C2N5Na5,11.9521;0.5485;0.3009
C2N5H5,12.1541;0.6607;0.4366
C2N5I5,9.6182;0.4094;0.1676
C2N5Cs5,12.3971;0.8529;0.7274
C2Be5Mg5,12.307;0.6913;0.4779
C2Nb5Ni5,9.6041;0.4789;0.2294
C2Nb5Mg5,11.9336;0.6334;0.4012
C2Tl5Mg5,11.7624;0.6568;0.4313
C2Y5B5,9.7847;0.4484;0.201
C2Y5Pd5,10.5092;0.7369;0.543
C2Y5Mg5,10.0786;0.7029;0.4941
C2Hf5Mg5,12.2057;0.7916;0.6267
C2Cl5Mg5,11.5824;0.7048;0.4968
C2Sm5Mg5,12.4501;0.7215;0.5205
C2Ni5Mg5,11.973;0.6525;0.4257
C2Tb5Mg5,10.5462;0.6889;0.4746
C2B5Pd5,11.9644;0.7014;0.492
C2B5Mg5,21.6543;0.5318;0.2828
C2Gd5Mg5,11.2338;0.7337;0.5383
C2In5Mg5,11.259;0.7635;0.583
C2Pd5Mg5,11.8536;0.7485;0.5603
C2Zr5Mg5,12.6751;0.7094;0.5032
C2Mn5Mg5,12.8682;0.7368;0.5428
C2Ho5Mg5,12.4849;0.7357;0.5412
C2Se5Mg5,12.4738;0.6958;0.4842
C2Ti5Mg5,12.1451;0.8107;0.6572
C2Hg5Mg5,11.621;0.6447;0.4157
C2Eu5Mg5,12.5033;0.7101;0.5042
C2Rb5Mg5,10.6113;0.8721;0.7606
C2Pr5Mg5,11.7748;0.7697;0.5925
C2Mg5Sb5,11.3456;0.7174;0.5147
C2Mg5Er5,12.3303;0.7144;0.5103
C2Mg5Rh5,10.1607;0.7379;0.5444
C2Mg5Au5,11.1732;0.7669;0.5882
C2Mg5Zn5,10.7658;0.7895;0.6234
C2Mg5Li5,14.5604;0.7434;0.5527
C2Mg5Np5,12.5015;0.7067;0.4994
C2Mg5Si5,10.9058;0.7696;0.5923
C2Mg5P5,12.3934;0.7385;0.5454
C2Mg5Ta5,12.7793;0.6807;0.4633
C2Mg5Na5,12.7459;0.7679;0.5897
C2Mg5H5,12.7512;0.6647;0.4418
C2Mg5Pt5,11.7371;0.723;0.5227
C2Mg5Ge5,11.8844;0.6889;0.4746
C2Mg5Pa5,12.5036;0.7089;0.5025
C2Mg5Te5,10.8779;0.8115;0.6585
C2Mg5Ir5,10.0975;0.7825;0.6122
C2Mg5Yb5,12.4442;0.7255;0.5264
C2Mg5T5,12.5054;0.7095;0.5034
C2Mg5Th5,12.1169;0.7621;0.5808
C2Mg5Lu5,11.8027;0.7109;0.5054
C2Mg5Ag5,11.3117;0.6911;0.4776
C2Mg5Cd5,10.9726;0.7665;0.5876
C2Mg5Br5,12.5636;0.7536;0.5679
C2Mg5I5,12.6313;0.7335;0.538
C2Mg5Dy5,11.2799;0.7545;0.5692
C2Mg5Sc5,12.3868;0.7284;0.5306
C2Mg5Cr5,9.5935;0.7709;0.5944
C2Mg5D5,12.6196;0.6937;0.4812
C2Mg5Cs5,10.1306;0.705;0.497
C2Mg5Tc5,12.6157;0.6948;0.4828
C2Mg5Pu5,12.5122;0.6804;0.463
C2Mg5Am5,12.5042;0.709;0.5027
C2Mg5Cm5,12.5036;0.7089;0.5025
C2Mg5Po5,12.5036;0.7089;0.5025
Gd2Ba5K5,13.4086;0.738;0.5446
Gd2Ba5Nd5,9.4443;1.2365;1.5289
Gd2Ca5Li5,9.6738;0.3992;0.1593
Gd2Mo5C5,10.4269;0.2813;0.0791
Gd2N5Nb5,11.3155;0.3642;0.1327
Gd2N5Cl5,13.2399;0.3905;0.1525
Gd2N5Li5,10.8083;0.4309;0.1857
Gd2B5Mg5,11.8773;0.6685;0.4469
Gd2C5Mg5,10.252;0.661;0.4369
Gd2Mg5Li5,9.3291;0.9356;0.8753
In2Ba5K5,13.2145;0.7375;0.5439
In2Ba5Nd5,9.5261;1.2855;1.6526
In2Mo5C5,10.073;0.3074;0.0945
In2N5Nb5,10.0277;0.3943;0.1555
In2N5Cl5,12.496;0.4534;0.2056
In2N5Li5,10.2214;0.4793;0.2297
In2B5Mg5,10.2237;0.832;0.6923
In2C5Mg5,9.7431;0.7007;0.491
Pd2Ba5K5,12.1393;0.7414;0.5497
Pd2Cu5H5,10.7736;0.5101;0.2602
Pd2Mo5C5,11.2973;0.2623;0.0688
Pd2N5Nb5,9.5543;0.4662;0.2173
Pd2N5Cl5,12.55;0.4152;0.1724
Pd2N5Li5,10.3206;0.4537;0.2058
Pd2Y5Ni5,10.2512;0.4614;0.2128
Pd2B5Mg5,12.1002;0.7439;0.5533
Pd2C5Mg5,10.79;0.6598;0.4354
Zr2Ba5K5,13.5337;0.7725;0.5967
Zr2Ba5Nd5,8.971;1.226;1.5031
Zr2Mo5C5,10.8924;0.2043;0.0417
Zr2N5Nb5,12.8137;0.2349;0.0552
Zr2N5Cl5,12.9591;0.1384;0.0191
Zr2N5Li5,10.8194;0.4236;0.1795
Zr2B5Mg5,13.9312;0.8308;0.6902
Zr2C5Mg5,11.5088;0.6421;0.4123
Zr2Mg5Li5,10.3857;0.9313;0.8673
Mn2Ba5K5,13.4563;0.7196;0.5178
Mn2Ba5Nd5,9.4498;1.2969;1.6819
Mn2Ca5Li5,9.6381;0.3914;0.1532
Mn2N5Nb5,11.3024;0.3806;0.1449
Mn2N5Cl5,13.2443;0.3906;0.1526
Mn2N5Li5,10.8093;0.4133;0.1708
Mn2B5Mg5,17.137;0.8668;0.7514
Mn2C5Mg5,11.6625;0.6615;0.4376
Mn2Mg5Li5,11.4748;1.0366;1.0746
Ho2Ba5K5,13.3665;0.6986;0.4881
Ho2Ba5Nd5,9.3719;1.3323;1.7749
Ho2Ca5Li5,9.7102;0.3911;0.1529
Ho2Mo5Co5,9.8471;0.3683;0.1357
Ho2Mo5C5,12.0115;0.1447;0.0209
Ho2N5Nb5,11.3169;0.372;0.1384
Ho2N5Cl5,13.2449;0.3905;0.1525
Ho2N5Li5,10.8188;0.4255;0.181
Ho2B5Mg5,12.1038;0.7512;0.5642
Ho2C5Mg5,11.3089;0.6265;0.3925
Ho2Mg5Li5,9.3315;0.9257;0.8569
Se2Ba5K5,13.533;0.7057;0.498
Se2Ba5Nd5,9.7517;1.3058;1.705
Se2Ca5Li5,9.7976;0.3895;0.1517
Se2Mo5C5,11.2394;0.2378;0.0566
Se2N5Nb5,11.0125;0.3735;0.1395
Se2N5Cl5,13.247;0.3847;0.148
Se2N5Li5,10.8182;0.4189;0.1755
Se2B5Mg5,12.5101;0.7015;0.4921
Se2C5Mg5,11.283;0.6238;0.3891
Se2Mg5Li5,9.3539;0.9368;0.8776
Ti2Ba5K5,13.2853;0.7316;0.5352
Ti2Ba5Nd5,9.311;1.2313;1.5161
Ti2Ca5Li5,10.1654;0.3345;0.1119
Ti2O5Li5,10.0387;0.2052;0.0421
Ti2Mo5Co5,9.9181;0.394;0.1552
Ti2Mo5C5,12.4405;0.0605;0.0037
Ti2N5Nb5,14.8711;0.3558;0.1266
Ti2N5Cl5,13.936;0.2694;0.0726
Ti2N5C5,10.1201;0.4565;0.2084
Ti2N5Li5,11.6855;0.4616;0.2131
Ti2B5Mg5,14.5817;0.7884;0.6216
Ti2C5Mg5,12.3575;0.6479;0.4198
Ti2Mg5Li5,10.9782;0.9161;0.8392
Hg2Ba5K5,12.4067;0.7598;0.5773
Hg2Ba5Nd5,9.6749;1.3028;1.6973
Hg2Ca5Li5,9.829;0.3923;0.1539
Hg2Mo5Co5,9.9413;0.3733;0.1394
Hg2Mo5C5,11.8201;0.2444;0.0597
Hg2N5Nb5,11.3317;0.3681;0.1355
Hg2N5Cl5,13.2607;0.39;0.1521
Hg2N5Li5,10.8308;0.4226;0.1786
Hg2B5Mg5,9.5056;0.6421;0.4122
Hg2C5Mg5,10.6546;0.5862;0.3436
Eu2Ba5K5,13.5421;0.7045;0.4963
Eu2Ba5Nd5,9.8321;1.315;1.7291
Eu2Ca5Li5,9.8272;0.3976;0.158
Eu2Mo5C5,11.9436;0.1506;0.0227
Eu2N5Nb5,11.2532;0.3673;0.1349
Eu2N5Cl5,13.2601;0.3899;0.152
Eu2N5Li5,10.8318;0.4225;0.1785
Eu2B5Mg5,12.4475;0.6966;0.4852
Eu2C5Mg5,11.3042;0.6264;0.3924
Eu2Mg5Li5,9.3652;0.9341;0.8726
Rb2Ba5K5,14.4302;0.8196;0.6717
Rb2Ba5Nd5,9.2273;1.2951;1.6773
Rb2N5Nb5,11.013;0.3981;0.1585
Rb2N5Cl5,13.8819;0.3996;0.1597
Rb2N5Li5,10.495;0.4512;0.2036
Rb2B5Mg5,12.2493;0.6618;0.438
Rb2C5Mg5,9.3918;0.7454;0.5555
Pr2Ba5K5,10.6342;0.7182;0.5158
Pr2Ba5Nd5,8.9556;1.242;1.5425
Pr2Mo5C5,10.8152;0.3557;0.1265
Pr2N5Nb5,11.0883;0.3912;0.153
Pr2N5Cl5,13.0872;0.3844;0.1478
Pr2N5Li5,10.6756;0.4494;0.2019
Pr2B5Mg5,12.0073;0.7256;0.5266
Pr2C5Mg5,10.5981;0.6935;0.481
Pr2Mg5Li5,9.1893;0.963;0.9273
Mg2Ba5K5,13.6633;0.6803;0.4628
Mg2Ba5La5,8.8729;1.2291;1.5106
Mg2Ba5Nd5,9.8598;1.3509;1.8249
Mg2Mo5C5,11.9257;0.1879;0.0353
Mg2N5Nb5,12.7624;0.3777;0.1427
Mg2N5Cl5,13.6473;0.3759;0.1413
Mg2N5Li5,10.7804;0.4559;0.2078
Sb2Ba5K5,12.0065;0.7602;0.5778
Sb2Mo5C5,11.1889;0.2353;0.0554
Sb2N5Nb5,10.2869;0.4254;0.1809
Sb2N5Cl5,12.7058;0.4065;0.1653
Sb2N5Li5,10.3392;0.4103;0.1683
Sb2B5Mg5,11.756;0.7134;0.5089
Sb2C5Mg5,10.6386;0.5963;0.3556
Er2Ba5K5,13.3925;0.7097;0.5037
Er2Ba5Nd5,9.2993;1.2692;1.6109
Er2Mo5Co5,9.7194;0.3761;0.1415
Er2Mo5C5,11.9565;0.1651;0.0273
Er2N5Nb5,11.3143;0.3742;0.14
Er2N5Cl5,13.2482;0.392;0.1537
Er2N5Li5,10.7912;0.4305;0.1853
Er2B5Mg5,12.1411;0.7449;0.5549
Er2C5Mg5,11.2424;0.6256;0.3914
Er2Mg5Li5,9.2803;0.9348;0.8739
Rh2Ba5K5,12.1303;0.6561;0.4304
Rh2Mo5C5,9.6974;0.3595;0.1292
Rh2N5Cl5,11.9374;0.4444;0.1975
Rh2N5Li5,9.6994;0.4896;0.2397
Rh2B5Mg5,11.4405;0.6709;0.4501
Au2Ba5K5,13.5326;0.6986;0.488
Au2Ba5La5,8.8398;1.2518;1.5671
Au2Ba5Nd5,9.8406;1.3143;1.7273
Au2Ca5Li5,9.7639;0.3907;0.1527
Au2Mo5Co5,9.8799;0.3543;0.1255
Au2Mo5C5,12.0322;0.1509;0.0228
Au2N5Nb5,11.1595;0.3643;0.1327
Au2N5Cl5,13.2315;0.3773;0.1424
Au2N5Li5,10.7971;0.4154;0.1725
Au2B5Mg5,11.3398;0.7018;0.4925
Au2C5Mg5,11.1162;0.6316;0.3989
Au2Pd5H5,11.0477;0.3804;0.1447
Zn2Ba5K5,12.8757;0.7215;0.5205
Zn2Mo5C5,11.2392;0.2783;0.0774
Zn2N5Nb5,10.8943;0.356;0.1267
Zn2N5Cl5,13.2253;0.3757;0.1411
Zn2N5Li5,10.5069;0.3937;0.155
Zn2B5Mg5,11.2951;0.6857;0.4702
Zn2C5Mg5,10.5839;0.6312;0.3984
Li2Ba5K5,11.5095;0.747;0.5579
Li2Ba5N5,9.9293;0.542;0.2937
Li2K5N5,10.3464;0.459;0.2106
Li2Fe5N5,9.7212;0.4419;0.1953
Li2Fe5Mg5,9.1184;0.9601;0.9219
Li2As5N5,10.5021;0.4733;0.224
Li2Ca5N5,10.827;0.4781;0.2286
Li2Ca5Hf5,9.6949;0.6544;0.4282
Li2Ca5Mg5,9.9068;0.9475;0.8978
Li2La5N5,10.195;0.5612;0.315
Li2O5N5,10.9741;0.4564;0.2083
Li2O5Mg5,10.0933;0.8524;0.7267
Li2Ru5N5,9.5648;0.4571;0.209
Li2Tm5N5,10.7021;0.472;0.2228
Li2Tm5Mg5,9.2057;0.962;0.9255
Li2Os5N5,10.2168;0.4797;0.2301
Li2Sn5N5,10.2589;0.4766;0.2271
Li2Nd5N5,10.6455;0.4661;0.2172
Li2Nd5Mg5,9.0751;0.9472;0.8972
Li2Bi5N5,9.9478;0.4697;0.2206
Li2Pb5N5,10.5751;0.4217;0.1778
Li2Pb5Mg5,10.4823;0.8898;0.7917
Li2S5N5,9.5014;0.5347;0.2859
Li2F5N5,10.2563;0.5329;0.284
Li2F5Mg5,9.4053;0.9131;0.8337
Li2Sr5N5,10.7984;0.4624;0.2138
Li2Sr5Mg5,9.2063;0.9688;0.9386
Li2Re5N5,10.6867;0.457;0.2089
Li2Re5Mg5,9.2328;1.001;1.002
Li2N5Be5,9.7543;0.4932;0.2433
Li2N5Nb5,12.3204;0.3978;0.1582
Li2N5Tl5,10.7214;0.4661;0.2172
Li2N5Y5,10.249;0.5312;0.2822
Li2N5Hf5,16.8056;0.566;0.3204
Li2N5Cl5,14.8734;0.3638;0.1323
Li2N5Sm5,10.701;0.4764;0.227
Li2N5Ni5,10.3304;0.4615;0.213
Li2N5Tb5,10.1985;0.4971;0.2471
Li2N5C5,10.9376;0.4491;0.2017
Li2N5Gd5,10.663;0.4813;0.2317
Li2N5In5,10.0114;0.5488;0.3012
Li2N5Pd5,10.1815;0.4743;0.2249
Li2N5Zr5,10.1078;0.4074;0.1659
Li2N5Mn5,10.6566;0.4763;0.2269
Li2N5Ho5,10.6771;0.4724;0.2231
Li2N5Se5,9.5943;0.5136;0.2638
Li2N5Ti5,10.5586;0.6085;0.3703
Li2N5Hg5,10.1322;0.5093;0.2594
Li2N5Eu5,10.7038;0.4733;0.224
Li2N5Rb5,10.3716;0.4609;0.2124
Li2N5Pr5,9.6043;0.5563;0.3095
Li2N5Mg5,12.3339;0.8723;0.761
Li2N5Sb5,10.1768;0.4599;0.2115
Li2N5Er5,10.65;0.4782;0.2286
Li2N5Rh5,9.4867;0.5342;0.2854
Li2N5Au5,10.1264;0.4722;0.223
Li2N5Zn5,10.412;0.4658;0.2169
Li2N5Np5,10.704;0.4737;0.2244
Li2N5Si5,9.7513;0.5249;0.2755
Li2N5P5,10.2807;0.5136;0.2638
Li2N5Ta5,11.0457;0.5075;0.2576
Li2N5Na5,11.6052;0.5924;0.351
Li2N5H5,10.599;0.661;0.4369
Li2N5Pt5,9.8545;0.4516;0.2039
Li2N5Ge5,10.0194;0.4721;0.2229
Li2N5Pa5,10.7064;0.4716;0.2224
Li2N5Yb5,10.6968;0.475;0.2256
Li2N5T5,10.7083;0.4713;0.2221
Li2N5Th5,10.7478;0.4524;0.2047
Li2N5Lu5,10.6283;0.4828;0.2331
Li2N5Ag5,9.8398;0.5244;0.275
Li2N5Cd5,10.6845;0.4674;0.2185
Li2N5Br5,11.9326;0.4727;0.2234
Li2N5I5,13.0502;0.4393;0.193
Li2N5Dy5,10.6898;0.4699;0.2208
Li2N5Sc5,9.7194;0.5176;0.2679
Li2N5D5,10.7366;0.4623;0.2137
Li2N5Cs5,11.8698;0.6077;0.3693
Li2N5Tc5,10.7783;0.4612;0.2128
Li2N5Pu5,10.6492;0.4509;0.2033
Li2N5Am5,10.7063;0.4717;0.2225
Li2N5Cm5,10.7064;0.4716;0.2224
Li2N5Po5,10.7064;0.4716;0.2224
Li2Hf5Cl5,11.3288;0.7407;0.5486
Li2Hf5Mg5,10.6503;0.8933;0.7981
Li2Hf5Br5,10.279;0.7172;0.5143
Li2Cl5Mg5,10.3675;0.8578;0.7359
Li2Sm5Mg5,9.203;0.961;0.9235
Li2Ni5Mg5,9.0712;0.9562;0.9143
Li2Tb5Mg5,9.0273;0.974;0.9486
Li2B5Mg5,15.778;1.015;1.0301
Li2C5Mg5,13.3329;0.7475;0.5588
Li2Gd5Mg5,9.1485;0.972;0.9448
Li2Zr5Mg5,10.2214;0.9336;0.8716
Li2Mn5Mg5,11.2995;1.1289;1.2744
Li2Ho5Mg5,9.1621;0.9653;0.9318
Li2Ti5Mg5,10.6162;0.9539;0.91
Li2Eu5Mg5,9.22;0.9625;0.9264
Li2Mg5Er5,9.1158;0.958;0.9177
Li2Mg5Np5,9.2212;0.9662;0.9336
Li2Mg5Ta5,9.2138;0.982;0.9644
Li2Mg5Na5,10.0496;0.9968;0.9935
Li2Mg5Pa5,9.2254;0.9646;0.9304
Li2Mg5Yb5,9.2002;0.9705;0.9419
Li2Mg5T5,9.2284;0.9641;0.9295
Li2Mg5Th5,9.0984;0.9704;0.9417
Li2Mg5Lu5,9.1451;0.9579;0.9175
Li2Mg5Br5,10.5237;1.0963;1.202
Li2Mg5I5,9.9254;0.9396;0.8829
Li2Mg5Dy5,9.1727;0.9734;0.9475
Li2Mg5Sc5,9.1368;0.9599;0.9214
Li2Mg5D5,9.3137;0.963;0.9274
Li2Mg5Cs5,9.0632;0.9825;0.9653
Li2Mg5Tc5,9.3979;0.9723;0.9454
Li2Mg5Pu5,9.1793;0.9635;0.9283
Li2Mg5Am5,9.2258;0.9646;0.9305
Li2Mg5Cm5,9.2254;0.9646;0.9304
Li2Mg5Po5,9.2254;0.9646;0.9304
Np2Ba5K5,13.5435;0.7099;0.504
Np2Ba5La5,8.7763;1.2629;1.595
Np2Ba5Nd5,9.7293;1.2984;1.6859
Np2Ca5Li5,9.8378;0.3918;0.1535
Np2Mo5Co5,9.9103;0.3733;0.1393
Np2Mo5C5,12.0951;0.1361;0.0185
Np2N5Nb5,11.332;0.3681;0.1355
Np2N5Cl5,13.2602;0.3903;0.1523
Np2N5Li5,10.8317;0.4227;0.1787
Np2B5Mg5,12.5191;0.6972;0.4861
Np2C5Mg5,11.3047;0.6254;0.3911
Np2Mg5Li5,9.365;0.933;0.8706
Si2Ba5K5,13.3944;0.7356;0.5412
Si2Ba5Nd5,9.1735;1.2707;1.6146
Si2Mo5C5,10.9636;0.2354;0.0554
Si2N5Nb5,10.9904;0.3758;0.1412
Si2N5Cl5,13.0787;0.4152;0.1724
Si2N5Li5,10.6555;0.44;0.1936
Si2B5Mg5,12.3926;0.6995;0.4893
Si2C5Mg5,11.1768;0.5909;0.3491
Si2Pd5H5,9.7503;0.5505;0.3031
Si2Mg5Li5,9.2185;0.9218;0.8498
P2Ba5K5,12.488;0.7086;0.5021
P2Ca5Li5,9.8258;0.3718;0.1382
P2Mo5C5,12.0057;0.1598;0.0255
P2N5Nb5,11.2081;0.3653;0.1334
P2N5Cl5,13.2581;0.3914;0.1532
P2N5Li5,10.8224;0.4258;0.1813
P2B5Mg5,12.6091;0.7355;0.541
P2C5Mg5,11.2445;0.6339;0.4018
P2Mg5Li5,9.3522;0.928;0.8613
Ta2Ba5K5,13.099;0.7727;0.5971
Ta2Ba5Nd5,9.5851;1.2897;1.6633
Ta2Mo5C5,9.9119;0.1349;0.0182
Ta2N5Nb5,11.0282;0.3692;0.1363
Ta2N5Cl5,13.24;0.3914;0.1532
Ta2N5Li5,10.8057;0.4291;0.1841
Ta2B5Mg5,12.302;0.7383;0.5451
Ta2C5Mg5,11.5575;0.6007;0.3609
Ta2Mg5Li5,9.3011;0.9489;0.9005
Na2Ba5K5,13.4128;0.6888;0.4745
Na2Ba5Nd5,9.5724;1.2939;1.6741
Na2Ca5Li5,9.7768;0.3818;0.1458
Na2Mo5C5,10.7087;0.2704;0.0731
Na2N5Nb5,12.1871;0.3818;0.1458
Na2N5Hf5,9.8652;0.5194;0.2698
Na2N5Cl5,14.4554;0.3508;0.1231
Na2N5C5,12.0918;0.5376;0.289
Na2N5Li5,11.7437;0.5087;0.2588
Na2N5H5,10.0402;0.7217;0.5209
Na2N5Cs5,9.4607;0.581;0.3376
Na2B5Mg5,14.2471;0.9757;0.952
Na2C5Mg5,11.6318;0.6838;0.4675
Na2Mg5Li5,10.2015;0.9734;0.9475
H2Ba5K5,13.7169;0.7323;0.5362
H2Ba5La5,9.1728;1.1433;1.3072
H2Ba5Nd5,10.3098;1.2078;1.4587
H2Mo5Co5,9.8225;0.3663;0.1342
H2Mo5C5,12.1206;0.1841;0.0339
H2N5Nb5,11.9709;0.5247;0.2753
H2N5Cl5,13.9879;0.503;0.253
H2N5C5,12.3167;0.6713;0.4506
H2N5Li5,10.9422;0.6465;0.4179
H2N5Na5,9.5758;0.6908;0.4772
H2B5Mg5,12.9327;0.7568;0.5727
H2C5Mg5,11.7352;0.6155;0.3788
Pt2Ba5K5,13.0896;0.7717;0.5955
Pt2Ba5Nd5,9.312;1.2958;1.6791
Pt2Mo5C5,11.5838;0.2038;0.0415
Pt2N5Nb5,10.9003;0.3609;0.1302
Pt2N5Cl5,13.1288;0.3788;0.1435
Pt2N5Li5,10.1745;0.4345;0.1888
Pt2B5Mg5,11.5897;0.7099;0.504
Pt2C5Mg5,10.8615;0.6603;0.436
Ge2Ba5K5,12.797;0.7407;0.5486
Ge2Ba5Nd5,8.9944;1.2906;1.6656
Ge2Mo5C5,11.5924;0.2355;0.0555
Ge2Al5Nb5,10.8507;0.6896;0.4756
Ge2N5Nb5,10.5867;0.3899;0.152
Ge2N5Cl5,12.9494;0.3913;0.1531
Ge2N5Li5,10.5204;0.4411;0.1946
Ge2B5Mg5,12.1364;0.6765;0.4577
Ge2C5Mg5,11.5289;0.5826;0.3394
Ge2Mg5Li5,9.1122;0.9497;0.902
Pa2Ba5K5,13.5446;0.7091;0.5028
Pa2Ba5La5,8.7901;1.2594;1.586
Pa2Ba5Nd5,9.7353;1.2987;1.6866
Pa2Ca5Li5,9.8386;0.392;0.1537
Pa2Mo5Co5,9.9429;0.3729;0.1391
Pa2Mo5C5,12.0951;0.1361;0.0185
Pa2N5Nb5,11.332;0.3681;0.1355
Pa2N5Cl5,13.2602;0.3903;0.1523
Pa2N5Li5,10.8317;0.4227;0.1787
Pa2B5Mg5,12.5281;0.6982;0.4874
Pa2C5Mg5,11.3051;0.6257;0.3916
Pa2Mg5Li5,9.3657;0.9331;0.8708
Te2Ba5K5,11.6453;0.6864;0.4712
Te2Mo5C5,10.1054;0.2977;0.0886
Te2N5Cl5,11.4132;0.4456;0.1986
Te2B5Mg5,10.5713;0.7199;0.5183
Te2C5Mg5,9.8098;0.6789;0.4609
Ir2Ba5K5,11.8343;0.7945;0.6312
Ir2N5Cl5,10.9605;0.4328;0.1873
Ir2B5Mg5,9.6045;0.7475;0.5587
Yb2Ba5K5,13.5174;0.7146;0.5106
Yb2Ba5Nd5,9.6387;1.3035;1.6991
Yb2Ca5Li5,9.7806;0.3814;0.1455
Yb2Mo5C5,12.0202;0.143;0.0204
Yb2N5Nb5,11.3236;0.3749;0.1405
Yb2N5Cl5,13.254;0.3912;0.153
Yb2N5Li5,10.8297;0.4251;0.1807
Yb2B5Mg5,12.1276;0.696;0.4845
Yb2C5Mg5,11.3179;0.6277;0.394
Yb2Mg5Li5,9.3505;0.9312;0.8672
T2Ba5K5,13.3896;0.7095;0.5034
T2Ba5Nd5,9.576;1.3135;1.7252
T2Ca5Li5,9.836;0.3923;0.1539
T2Mo5Co5,9.9416;0.3726;0.1388
T2Mo5C5,12.0951;0.1361;0.0185
T2N5Nb5,11.332;0.3681;0.1355
T2N5Cl5,13.26;0.3899;0.152
T2N5Li5,10.8315;0.4228;0.1787
T2B5Mg5,12.5252;0.6955;0.4838
T2C5Mg5,11.3051;0.6257;0.3916
T2Mg5Li5,9.3655;0.9335;0.8714
U2Ba5K5,10.6583;0.7695;0.5921
U2N5Cl5,10.6805;0.4882;0.2383
U2B5Mg5,9.2886;0.7425;0.5514
Th2Ba5K5,13.4981;0.712;0.507
Th2Ba5La5,9.083;1.2623;1.5935
Th2Ba5Nd5,9.3905;1.2949;1.6767
Th2Ca5Li5,9.6089;0.3927;0.1542
Th2La5C5,11.9524;0.1957;0.0383
Th2Mo5Co5,9.8351;0.3639;0.1324
Th2Mo5C5,11.5835;0.2078;0.0432
Th2N5Nb5,11.2978;0.3676;0.1352
Th2N5Cl5,13.2156;0.3869;0.1497
Th2N5Li5,10.8032;0.4195;0.1759
Th2Y5C5,11.6671;0.3579;0.1281
Th2B5Mg5,12.4731;0.7232;0.523
Th2C5Mg5,11.8432;0.6511;0.4239
Th2Mg5Li5,9.3227;0.9508;0.904
Lu2Ba5K5,13.5251;0.6973;0.4862
Lu2Ba5Nd5,9.6278;1.2783;1.634
Lu2Mo5C5,10.8466;0.3398;0.1155
Lu2N5Nb5,11.2676;0.3555;0.1264
Lu2N5Cl5,13.1974;0.3991;0.1593
Lu2N5Li5,10.7681;0.4358;0.19
Lu2B5Mg5,12.3727;0.7375;0.5439
Lu2C5Mg5,10.8958;0.5916;0.35
Lu2Mg5Li5,9.2846;0.9247;0.8551
Ag2Ba5K5,13.2306;0.6931;0.4804
Ag2Ba5Nd5,9.3083;1.3455;1.8104
Ag2Ca5Li5,9.6977;0.4015;0.1612
Ag2Ca5H5,9.6814;0.4596;0.2113
Ag2La5H5,9.7277;0.4024;0.1619
Ag2Mo5Co5,9.8455;0.3674;0.135
Ag2Mo5C5,12.0784;0.1451;0.0211
Ag2Tm5H5,10.1953;0.4392;0.1929
Ag2Sr5H5,9.7514;0.4187;0.1753
Ag2W5H5,10.1613;0.4128;0.1704
Ag2N5Nb5,11.3194;0.3692;0.1363
Ag2N5Cl5,13.2489;0.3858;0.1488
Ag2N5Li5,10.8162;0.4307;0.1855
Ag2Tl5H5,10.4358;0.4082;0.1667
Ag2Sm5H5,10.1976;0.4427;0.196
Ag2B5Mg5,12.5817;0.6917;0.4785
Ag2C5Mg5,11.3279;0.618;0.382
Ag2Gd5H5,9.7956;0.4642;0.2155
Ag2In5H5,9.5909;0.4124;0.1701
Ag2Pd5H5,14.6025;0.2497;0.0623
Ag2Ho5H5,9.8775;0.4572;0.2091
Ag2Se5H5,10.1837;0.4386;0.1923
Ag2Hg5H5,10.2834;0.4169;0.1738
Ag2Eu5H5,10.259;0.4394;0.1931
Ag2Mg5Li5,9.3675;0.9448;0.8926
Ag2Np5H5,10.2846;0.4272;0.1825
Ag2H5Pa5,10.2878;0.4272;0.1825
Ag2H5Yb5,10.1264;0.4222;0.1783
Ag2H5T5,10.2866;0.4271;0.1825
Ag2H5Cd5,9.8618;0.3892;0.1515
Ag2H5Br5,10.0552;0.4052;0.1642
Ag2H5I5,9.8438;0.4747;0.2253
Ag2H5Dy5,9.9123;0.411;0.1689
Ag2H5Sc5,9.7652;0.4635;0.2149
Ag2H5D5,9.8884;0.4615;0.213
Ag2H5Cs5,9.7995;0.4362;0.1903
Ag2H5Tc5,10.5289;0.4172;0.174
Ag2H5Am5,10.2899;0.4275;0.1827
Ag2H5Cm5,10.2878;0.4272;0.1825
Ag2H5Po5,10.2878;0.4272;0.1825
Cd2Ba5K5,13.543;0.7069;0.4997
Cd2Ba5La5,8.7791;1.2554;1.5759
Cd2Ba5Nd5,9.689;1.274;1.6232
Cd2Ca5Li5,9.7926;0.3873;0.15
Cd2Mo5C5,11.721;0.1806;0.0326
Cd2N5Nb5,11.3186;0.3643;0.1327
Cd2N5Cl5,13.2549;0.392;0.1536
Cd2N5Li5,10.8204;0.4247;0.1804
Cd2B5Mg5,12.5043;0.705;0.497
Cd2C5Mg5,11.2353;0.6328;0.4004
Cd2Mg5Li5,9.3471;0.9303;0.8655
Br2Ba5K5,14.6316;0.6689;0.4474
Br2Ba5La5,10.1027;1.1803;1.3932
Br2Ba5Nd5,10.9811;1.2368;1.5296
Br2K5N5,10.4392;0.5844;0.3415
Br2Ca5Li5,11.6492;0.3833;0.1469
Br2O5Li5,10.558;0.3956;0.1565
Br2Mo5S5,12.6857;0.164;0.0269
Br2Mo5Co5,10.0939;0.3378;0.1141
Br2Mo5C5,11.8134;0.1785;0.0319
Br2Mo5Tc5,10.7815;0.2834;0.0803
Br2N5Nb5,11.2634;0.4134;0.1709
Br2N5Hf5,11.0698;0.7014;0.492
Br2N5Cl5,12.8976;0.4582;0.21
Br2N5Li5,13.3257;0.4034;0.1627
Br2N5Na5,10.3722;0.4512;0.2036
Br2Hf5Li5,11.0114;0.6104;0.3726
Br2B5Mg5,13.5395;0.7681;0.5899
Br2C5Mg5,11.2461;0.6625;0.4389
Br2Mg5Li5,10.8202;1.0093;1.0187
I2Ba5K5,13.4074;0.7145;0.5105
I2Ba5Nd5,9.524;1.2534;1.5711
I2Ca5Li5,10.5419;0.4174;0.1742
I2Mo5Co5,9.7909;0.3674;0.135
I2Mo5C5,12.0156;0.1266;0.016
I2N5Nb5,11.7582;0.3854;0.1485
I2N5Cl5,13.339;0.3989;0.1591
I2N5Li5,13.3134;0.4736;0.2243
I2B5Mg5,12.5056;0.6752;0.4558
I2C5Mg5,11.3738;0.6259;0.3917
I2Mg5Li5,10.1065;0.9211;0.8484
Dy2Ba5K5,13.468;0.7128;0.5081
Dy2Ba5Nd5,9.594;1.2918;1.6687
Dy2Ca5Li5,9.7189;0.3779;0.1428
Dy2Mo5C5,10.2196;0.3057;0.0934
Dy2N5Nb5,11.3266;0.366;0.134
Dy2N5Cl5,13.2513;0.4007;0.1606
Dy2N5Li5,10.8227;0.4223;0.1784
Dy2B5Mg5,11.9673;0.6831;0.4667
Dy2C5Mg5,10.1719;0.6772;0.4586
Dy2Mg5Li5,9.33;0.9392;0.8821
Sc2Ba5K5,13.5604;0.6991;0.4888
Sc2Ba5La5,9.3137;1.2545;1.5737
Sc2Ba5Nd5,9.7824;1.2847;1.6505
Sc2Ca5Li5,9.6799;0.3885;0.151
Sc2Mo5C5,12.0318;0.1412;0.0199
Sc2N5Nb5,11.3291;0.3698;0.1368
Sc2N5Cl5,13.2541;0.3877;0.1503
Sc2N5Li5,10.817;0.425;0.1806
Sc2B5Mg5,10.8242;0.7107;0.5051
Sc2C5Mg5,11.2313;0.5862;0.3436
Sc2Mg5Li5,9.2508;0.9259;0.8573
Cr2Ba5K5,13.139;0.6931;0.4805
Cr2Mo5C5,10.5234;0.2665;0.071
Cr2N5Cl5,11.7791;0.4548;0.2069
Cr2N5Li5,9.5963;0.506;0.256
Cr2C5Mg5,10.3622;0.6502;0.4227
D2Ba5K5,13.9149;0.6704;0.4495
D2Ba5La5,9.5295;1.1917;1.4202
D2Ba5Nd5,10.7086;1.2374;1.5311
D2Ca5Li5,9.7793;0.3812;0.1453
D2Mo5Co5,9.8877;0.3601;0.1296
D2Mo5C5,12.0943;0.1364;0.0186
D2N5Nb5,11.3284;0.3636;0.1322
D2N5Cl5,13.2541;0.377;0.1422
D2N5Li5,10.8414;0.4232;0.1791
D2B5Mg5,13.1076;0.7505;0.5632
D2C5Mg5,11.3599;0.6221;0.387
D2Mg5Li5,9.4277;0.9094;0.8271
Cs2Ba5K5,14.1262;0.7284;0.5306
Cs2Ba5Nd5,9.4956;1.3381;1.7906
Cs2N5Nb5,12.6605;0.4871;0.2373
Cs2N5Cl5,14.1633;0.4257;0.1812
Cs2N5C5,12.3713;0.8667;0.7511
Cs2N5Li5,11.9627;0.5381;0.2895
Cs2B5Mg5,12.4055;0.6974;0.4863
Cs2Mg5Li5,9.1922;0.9347;0.8736
Tc2Ba5K5,13.5792;0.7096;0.5035
Tc2Ba5La5,8.7979;1.2683;1.6085
Tc2Ba5Nd5,9.809;1.2893;1.6622
Tc2Ca5Li5,9.8455;0.3925;0.1541
Tc2Mo5Co5,9.9449;0.3724;0.1387
Tc2Mo5C5,12.0951;0.1361;0.0185
Tc2N5Nb5,11.3277;0.369;0.1362
Tc2N5Cl5,13.2604;0.3902;0.1523
Tc2N5Li5,10.8312;0.4221;0.1782
Tc2B5Mg5,12.5756;0.7096;0.5035
Tc2C5Mg5,11.3069;0.6251;0.3907
Tc2Mg5Li5,9.3698;0.9319;0.8685
Pu2Ba5K5,13.4766;0.707;0.4998
Pu2Ba5Nd5,9.5144;1.1553;1.3347
Pu2Mo5Co5,10.1282;0.3698;0.1367
Pu2Mo5C5,12.074;0.1386;0.0192
Pu2N5Nb5,11.2635;0.3831;0.1467
Pu2N5Cl5,13.2005;0.3892;0.1515
Pu2N5Li5,10.7683;0.4348;0.189
Pu2B5Mg5,12.4694;0.7516;0.5649
Pu2C5Mg5,11.2712;0.617;0.3807
Pu2Mg5Li5,9.2874;0.9479;0.8984
Am2Ba5K5,13.5446;0.7091;0.5028
Am2Ba5La5,8.7902;1.2595;1.5864
Am2Ba5Nd5,9.735;1.2982;1.6854
Am2Ca5Li5,9.8389;0.3919;0.1536
Am2Mo5Co5,9.9429;0.3729;0.1391
Am2Mo5C5,12.0951;0.1361;0.0185
Am2N5Nb5,11.332;0.3681;0.1355
Am2N5Cl5,13.2602;0.3903;0.1523
Am2N5Li5,10.8317;0.4227;0.1787
Am2B5Mg5,12.5282;0.698;0.4872
Am2C5Mg5,11.3051;0.6257;0.3916
Am2Mg5Li5,9.3659;0.9329;0.8702
Cm2Ba5K5,13.5446;0.7091;0.5028
Cm2Ba5La5,8.7901;1.2594;1.586
Cm2Ba5Nd5,9.7353;1.2987;1.6866
Cm2Ca5Li5,9.8386;0.392;0.1537
Cm2Mo5Co5,9.9429;0.3729;0.1391
Cm2Mo5C5,12.0951;0.1361;0.0185
Cm2N5Nb5,11.332;0.3681;0.1355
Cm2N5Cl5,13.2602;0.3903;0.1523
Cm2N5Li5,10.8317;0.4227;0.1787
Cm2B5Mg5,12.5281;0.6982;0.4874
Cm2C5Mg5,11.3051;0.6257;0.3916
Cm2Mg5Li5,9.3657;0.9331;0.8708
Po2Ba5K5,13.5446;0.7091;0.5028
Po2Ba5La5,8.7901;1.2594;1.586
Po2Ba5Nd5,9.7353;1.2987;1.6866
Po2Ca5Li5,9.8386;0.392;0.1537
Po2Mo5Co5,9.9429;0.3729;0.1391
Po2Mo5C5,12.0951;0.1361;0.0185
Po2N5Nb5,11.332;0.3681;0.1355
Po2N5Cl5,13.2602;0.3903;0.1523
Po2N5Li5,10.8317;0.4227;0.1787
Po2B5Mg5,12.5281;0.6982;0.4874
Po2C5Mg5,11.3051;0.6257;0.3916
Po2Mg5Li5,9.3657;0.9331;0.8708

1534 of 317985 appear to be promising

hp_tune_min_nc_normal:

{'ccp_alpha': 0.0, 'criterion': 'squared_error', 'max_depth': None, 'max_leaf_nodes': None, 'max_samples': None, 'min_impurity_decrease': 0.0, 'min_samples_leaf': 1, 'min_samples_split': 2, 'min_weight_fraction_leaf': 0.0, 'n_estimators': 200, 'n_jobs': None, 'oob_score': False, 'random_state': None, 'verbose': 0, 'warm_start': False, 'max_features': 'sqrt', 'bootstrap': False}

Ba2O5S5,9.3646;1.1994;1.4385
Ba2O5Cl5,9.1015;0.9969;0.9938
Ba2O5P5,9.0297;1.1288;1.2742
K2O5Bi5,9.3128;0.7129;0.5082
K2O5Li5,9.6288;0.7604;0.5782
K2O5I5,11.3198;0.6624;0.4388
K2F5Li5,10.7269;0.8058;0.6493
K2Ga5N5,9.6467;0.5682;0.3229
K2N5Pd5,9.6592;0.6998;0.4897
K2N5Li5,9.3966;0.8171;0.6677
K2N5H5,9.4714;0.6517;0.4247
K2N5Te5,9.5006;0.5133;0.2635
K2N5I5,10.7526;0.4886;0.2387
K2Be5B5,10.6373;0.7958;0.6333
K2Mg5H5,14.4033;1.0391;1.0797
Fe2B5Mg5,10.0694;0.8564;0.7334
Fe2B5Li5,9.8184;0.8792;0.7729
Fe2Mg5H5,10.1412;0.726;0.527
As2N5Nb5,12.1856;0.3782;0.143
As2B5Mg5,9.8173;0.9257;0.8569
As2Mg5H5,9.3399;0.8742;0.7641
Ca2O5Li5,10.788;0.7362;0.542
Ca2F5Li5,11.0264;0.7299;0.5328
Ca2N5Li5,9.5611;0.8089;0.6544
Ca2Be5B5,10.8968;0.8559;0.7326
Ca2B5Li5,9.5749;0.8372;0.701
Ca2Mg5H5,13.3884;0.9515;0.9054
Cu2N5Nb5,9.8638;0.4054;0.1644
Cu2N5C5,9.4815;0.8874;0.7875
Cu2B5Li5,10.5084;0.7644;0.5843
Cu2C5H5,10.3561;0.6972;0.4861
Cu2Mg5H5,9.7562;0.8214;0.6748
O2Tm5N5,11.3195;0.5098;0.2599
O2Nd5N5,10.3719;0.4681;0.2191
O2S5Li5,9.484;0.6861;0.4708
O2F5Mg5,10.2268;0.9668;0.9348
O2N5Nb5,10.4888;0.3052;0.0932
O2N5Y5,9.6211;0.4739;0.2245
O2N5Hf5,9.5404;0.6329;0.4006
O2N5Sm5,10.6284;0.4675;0.2186
O2N5Tb5,10.8477;0.5897;0.3478
O2N5C5,9.6992;0.8706;0.7579
O2N5Gd5,11.1082;0.5533;0.3061
O2N5Ho5,11.2127;0.539;0.2906
O2N5Eu5,9.494;0.5673;0.3218
O2N5Pr5,9.8567;0.4908;0.2409
O2N5Mg5,12.5264;0.8547;0.7305
O2N5Er5,11.2971;0.5447;0.2968
O2N5Na5,9.7686;0.6879;0.4732
O2N5H5,10.2499;0.6976;0.4866
O2N5Yb5,10.3947;0.4928;0.2429
O2N5Lu5,10.9093;0.5302;0.2811
O2N5Dy5,11.2414;0.5688;0.3235
O2Be5Mg5,14.6204;1.1788;1.3896
O2B5Mg5,20.1312;1.075;1.1557
O2B5Na5,11.9627;0.9919;0.9839
O2C5Mg5,14.6215;0.8911;0.794
O2C5Na5,9.871;0.6422;0.4124
O2C5H5,9.4032;0.6443;0.4151
O2Mg5Li5,11.8912;1.0481;1.0986
O2Mg5H5,13.7827;0.7923;0.6277
O2Li5Si5,10.0907;0.794;0.6305
O2Li5P5,9.9671;0.7848;0.616
Ru2Mo5C5,10.3894;0.3213;0.1032
Ru2Mo5Tc5,10.1143;0.3702;0.137
Ru2N5Nb5,10.3657;0.3109;0.0967
Sn2N5Nb5,9.8736;0.4375;0.1914
Bi2N5Ti5,9.995;0.5263;0.277
Bi2N5Mg5,10.3595;0.5817;0.3384
Pb2N5Ti5,9.8095;0.461;0.2126
S2O5Li5,9.3836;0.8158;0.6656
S2F5H5,10.0538;0.7058;0.4982
S2N5Nb5,11.278;0.3624;0.1313
S2N5C5,11.538;0.9507;0.9038
S2N5Zr5,9.8785;0.4823;0.2326
S2N5Mg5,11.388;0.8011;0.6417
S2N5H5,10.5907;0.7386;0.5455
S2Be5B5,10.502;0.9777;0.9559
S2Be5C5,9.5791;0.8947;0.8005
S2B5C5,8.9888;1.0759;1.1575
S2B5Mg5,15.374;0.935;0.8741
S2B5Li5,10.8857;0.8791;0.7728
S2C5Mg5,11.4269;0.8032;0.6451
S2C5H5,10.5575;0.8348;0.6968
S2Mg5H5,14.4504;0.8656;0.7492
F2K5O5,9.8871;0.6878;0.4731
F2O5Mg5,9.6746;0.896;0.8028
F2Tm5N5,11.0384;0.6044;0.3653
F2Nd5N5,10.3785;0.5494;0.3019
F2Al5Li5,9.5236;0.8493;0.7213
F2N5Sm5,10.4242;0.5447;0.2967
F2N5Tb5,10.8394;0.637;0.4058
F2N5Ce5,9.5853;0.6362;0.4048
F2N5C5,9.492;0.8383;0.7027
F2N5Gd5,10.8271;0.6166;0.3802
F2N5Ho5,11.0269;0.575;0.3306
F2N5Pr5,10.1344;0.6028;0.3634
F2N5Mg5,10.8934;0.8185;0.6699
F2N5Er5,10.9226;0.5379;0.2893
F2N5Na5,9.3712;0.697;0.4859
F2N5H5,10.5403;0.7019;0.4926
F2N5Yb5,9.7415;0.5343;0.2855
F2N5Lu5,10.3441;0.59;0.3481
F2N5Dy5,11.0389;0.6055;0.3666
F2Be5Mg5,14.2305;1.0617;1.1271
F2B5Mg5,20.8738;0.8771;0.7692
F2B5Na5,11.9805;0.9787;0.9578
F2C5Mg5,13.6465;0.8498;0.7221
F2C5Na5,9.6476;0.7489;0.5608
F2C5H5,9.5778;0.65;0.4225
F2Mg5Li5,12.3323;1.0128;1.0258
F2Mg5H5,13.6783;0.7312;0.5347
F2Li5Si5,10.0037;0.7873;0.6198
F2Li5P5,9.3392;0.6823;0.4655
V2O5Li5,10.6182;0.6724;0.4521
V2B5Mg5,11.0113;0.9286;0.8623
V2B5Li5,9.6666;0.9492;0.9009
V2Mg5H5,10.2696;0.803;0.6447
Ga2N5Nb5,10.3927;0.3976;0.1581
Ga2N5Mg5,9.5905;0.778;0.6053
Ga2B5Li5,10.4856;0.8453;0.7146
Ga2C5Mg5,9.7045;0.8186;0.67
Ga2Mg5H5,10.5654;0.8743;0.7643
Al2O5Li5,10.8716;0.7649;0.585
Al2F5Mg5,9.2439;0.8252;0.681
Al2F5Li5,9.9152;0.7912;0.626
Al2N5C5,10.0221;0.8735;0.763
Al2N5Mg5,10.0342;0.7;0.4899
Al2N5H5,11.4712;0.5768;0.3327
Al2B5Mg5,13.056;1.0608;1.1253
Al2B5Li5,10.6623;0.8895;0.7912
Al2C5Mg5,10.5815;0.8444;0.7129
Al2C5H5,10.3151;0.5689;0.3236
Al2Mg5H5,12.9913;0.8177;0.6687
Co2N5Nb5,9.8203;0.4209;0.1771
Co2B5Mg5,9.515;0.782;0.6115
Co2B5Li5,9.8202;0.9362;0.8765
Co2Mg5H5,10.1032;0.7532;0.5674
N2K5O5,9.4929;0.5418;0.2935
N2K5Cl5,9.5598;0.4499;0.2024
N2Ca5Cl5,10.0868;0.3781;0.143
N2O5Mg5,11.1868;0.8202;0.6727
N2S5Mg5,9.5122;0.6659;0.4434
N2S5Li5,9.9833;0.6691;0.4477
N2F5Mg5,9.976;0.845;0.7141
N2F5H5,10.3192;0.676;0.4569
N2Sr5Cl5,10.0166;0.4962;0.2462
N2Be5Mg5,15.0589;0.9506;0.9037
N2Nb5Cl5,12.0219;0.6018;0.3622
N2Y5Cl5,9.7387;0.5331;0.2842
N2Hf5Cl5,12.025;0.7239;0.524
N2Cl5Zr5,11.4812;0.6319;0.3994
N2Cl5Rb5,9.5341;0.5793;0.3356
N2Cl5Mg5,11.2376;0.5791;0.3354
N2Cl5Li5,11.2308;0.5474;0.2996
N2Cl5Ta5,10.4145;0.6435;0.4141
N2Cl5Na5,10.2135;0.4275;0.1828
N2Cl5Yb5,9.3949;0.6658;0.4433
N2Cl5I5,9.4124;0.611;0.3733
N2Cl5Sc5,10.7833;0.522;0.2725
N2B5C5,9.6757;0.9008;0.8115
N2B5Mg5,18.9001;0.8793;0.7732
N2B5Na5,10.3775;0.7749;0.6004
N2B5H5,10.8438;0.6024;0.3628
N2C5Mg5,14.7499;0.7241;0.5243
N2C5Na5,9.3496;0.7748;0.6002
N2C5H5,12.5776;0.6423;0.4126
N2Mg5Li5,12.3493;0.8708;0.7583
N2Mg5H5,13.462;0.7807;0.6095
N2Li5Si5,9.9045;0.7914;0.6263
N2Li5P5,10.4957;0.8473;0.7179
N2Li5Br5,9.571;0.5644;0.3185
Be2O5Mg5,13.4676;1.0733;1.1519
Be2O5Na5,10.224;0.8982;0.8068
Be2S5Li5,11.0846;1.0014;1.0028
Be2F5Mg5,11.8377;0.9541;0.9102
Be2N5C5,12.3613;0.97;0.941
Be2N5Mg5,14.9358;0.853;0.7277
Be2N5H5,9.7488;0.6908;0.4772
Be2B5Mg5,21.5954;0.9445;0.892
Be2B5Na5,9.3627;0.7301;0.5331
Be2C5Mg5,15.6909;0.9395;0.8826
Be2C5H5,9.6964;0.6228;0.3879
Be2Mg5Li5,9.2658;0.9866;0.9735
Be2Mg5H5,12.1923;0.8276;0.6849
Be2Li5P5,9.6503;0.7748;0.6003
Y2Sn5N5,10.0661;0.5384;0.2899
Y2N5Sb5,9.6854;0.5702;0.3251
Y2C5Pd5,10.7023;0.501;0.251
Hf2Sn5N5,9.8481;0.7092;0.503
Hf2N5Cl5,9.617;0.6412;0.4112
Hf2N5In5,9.8321;0.6986;0.488
Cl2K5F5,9.3671;0.6869;0.4719
Cl2Tm5N5,10.6239;0.5643;0.3184
Cl2N5Nb5,11.609;0.3546;0.1258
Cl2N5Y5,10.1169;0.5935;0.3523
Cl2N5Hf5,13.2196;0.6965;0.4851
Cl2N5Sm5,9.8945;0.6124;0.3751
Cl2N5Tb5,10.4422;0.6688;0.4473
Cl2N5C5,10.4463;0.9511;0.9047
Cl2N5Gd5,10.1268;0.6606;0.4364
Cl2N5Zr5,12.666;0.4197;0.1762
Cl2N5Ho5,10.7783;0.6231;0.3883
Cl2N5Mg5,12.379;0.7886;0.6218
Cl2N5Er5,10.5144;0.5767;0.3326
Cl2N5Ta5,9.6854;0.6553;0.4295
Cl2N5H5,10.2725;0.673;0.4529
Cl2N5Yb5,9.6741;0.5328;0.2839
Cl2N5Lu5,10.874;0.5305;0.2814
Cl2N5Dy5,10.7298;0.6341;0.402
Cl2N5Sc5,9.5163;0.5319;0.2829
Cl2Be5B5,9.1306;0.8871;0.787
Cl2B5Mg5,13.9507;0.9396;0.8829
Cl2B5Li5,11.3012;0.9704;0.9417
Cl2C5Mg5,11.4944;0.8965;0.8038
Cl2Mg5H5,13.9507;0.8565;0.7336
Ni2N5Nb5,9.9299;0.3847;0.148
Ni2B5Li5,10.4645;0.9363;0.8767
Ni2Mg5H5,9.9178;0.8384;0.7028
B2O5Mg5,12.1623;1.062;1.1278
B2O5Na5,10.6224;0.787;0.6194
B2S5Li5,11.2583;0.8749;0.7654
B2F5Mg5,11.8875;1.0277;1.0561
B2N5C5,13.175;0.8902;0.7924
B2N5Mg5,14.9665;0.8741;0.7641
B2N5Na5,9.3771;0.8242;0.6793
B2N5H5,10.3935;0.6515;0.4244
B2Be5Mg5,12.7221;1.0197;1.0398
B2Be5Si5,10.0273;0.625;0.3907
B2C5Mg5,16.4616;0.8504;0.7231
B2C5H5,9.713;0.6606;0.4364
B2Mg5Li5,10.1596;1.0364;1.0741
B2Mg5H5,13.1523;0.7575;0.5737
B2Li5Si5,9.9259;0.7688;0.591
B2Li5P5,11.1868;0.7252;0.5259
C2O5Mg5,12.4171;0.9039;0.817
C2O5Na5,9.6451;0.5276;0.2784
C2S5Li5,9.3386;0.7445;0.5543
C2F5Mg5,10.877;0.8099;0.656
C2F5H5,9.4575;0.6175;0.3813
C2N5Nb5,10.0267;0.4392;0.1929
C2N5B5,10.7426;0.8239;0.6788
C2N5Mg5,12.5605;0.7649;0.5851
C2N5Na5,9.1799;0.8365;0.6997
C2N5H5,12.5642;0.5773;0.3333
C2Be5Mg5,15.9769;1.0008;1.0016
C2B5Mg5,22.4553;0.8904;0.7927
C2B5Na5,11.074;0.822;0.6757
C2Mg5Li5,11.4262;1.0491;1.1006
C2Mg5H5,13.4784;0.8115;0.6586
C2Li5Si5,9.6927;0.7273;0.529
C2Li5P5,10.2685;0.7553;0.5705
Pd2Mo5C5,10.0038;0.2889;0.0834
Pd2N5Ti5,9.8269;0.3786;0.1433
Zr2Sn5N5,9.7496;0.5262;0.2769
Mn2O5Li5,10.1567;0.6964;0.485
Mn2N5Nb5,9.9668;0.4077;0.1662
Mn2B5Mg5,9.4523;0.8332;0.6943
Mn2B5Li5,9.9709;0.9409;0.8852
Mn2Mg5H5,10.5348;0.8054;0.6486
Se2N5Nb5,11.554;0.3442;0.1184
Se2N5Zr5,10.7588;0.5095;0.2595
Se2N5Ti5,9.5774;0.4716;0.2224
Se2N5Mg5,10.6183;0.7314;0.535
Se2B5Mg5,9.767;0.7825;0.6123
Se2B5Li5,9.4046;0.7943;0.631
Se2C5Mg5,9.5168;0.7059;0.4983
Se2Mg5H5,9.6875;0.696;0.4844
Ti2O5Li5,11.4735;0.6818;0.4648
Ti2F5Li5,11.1339;0.7877;0.6205
Ti2N5C5,9.4562;0.8364;0.6995
Ti2N5Li5,9.3759;0.7617;0.5802
Ti2B5Mg5,10.0048;0.9562;0.9144
Ti2B5Li5,10.2192;0.9204;0.8471
Ti2C5Li5,9.5427;0.8551;0.7312
Ti2Mg5H5,12.1808;0.8259;0.6821
Rb2Ga5N5,9.6918;0.5333;0.2844
Rb2N5I5,9.8615;0.5246;0.2752
Mg2O5Be5,9.6122;0.9112;0.8303
Mg2O5B5,10.3514;0.9711;0.943
Mg2O5C5,9.648;0.8097;0.6557
Mg2O5Li5,11.8396;0.9605;0.9225
Mg2O5H5,9.3276;0.8123;0.6599
Mg2F5Be5,10.3315;0.9845;0.9692
Mg2F5B5,10.7053;1.0147;1.0295
Mg2F5C5,9.5587;0.7837;0.6142
Mg2F5Li5,11.4313;0.9524;0.9071
Mg2F5H5,10.3162;0.8634;0.7455
Mg2N5Be5,10.0144;0.914;0.8353
Mg2N5Nb5,9.4614;0.5471;0.2994
Mg2N5B5,11.0941;0.8613;0.7419
Mg2N5C5,11.4371;0.8877;0.788
Mg2N5Li5,9.6899;0.7869;0.6192
Mg2N5H5,11.4142;0.8458;0.7154
Mg2Be5C5,10.9279;1.163;1.3526
Mg2B5C5,12.0728;1.1092;1.2303
Mg2B5Li5,9.7564;0.8295;0.688
Mg2B5Na5,9.4895;1.0131;1.0264
Mg2B5H5,9.8451;0.9885;0.9771
Mg2C5H5,10.2771;0.7704;0.5935
Mg2Si5H5,9.5206;0.9205;0.8474
Mg2Na5H5,9.3495;0.6589;0.4341
Sb2N5Nb5,10.191;0.4017;0.1613
Rh2Mo5C5,10.3505;0.2896;0.0839
Au2N5Ti5,9.6428;0.4005;0.1604
Zn2N5Nb5,10.0772;0.4189;0.1755
Zn2B5Mg5,9.4244;0.8863;0.7855
Zn2B5Li5,10.8658;0.8466;0.7167
Zn2C5Li5,9.2037;0.8685;0.7543
Zn2Mg5H5,10.0283;0.8621;0.7432
Li2O5Mg5,14.1085;1.0713;1.1477
Li2O5Na5,9.8131;0.6986;0.488
Li2S5Be5,9.6418;0.7869;0.6192
Li2F5Mg5,13.3955;1.005;1.0101
Li2F5Na5,9.6157;0.7848;0.6159
Li2Al5B5,10.8399;0.7326;0.5368
Li2N5Hf5,9.7992;0.6018;0.3622
Li2N5Mg5,14.6543;0.887;0.7868
Li2N5Sb5,9.4991;0.5564;0.3096
Li2N5Na5,9.7162;0.7816;0.6109
Li2N5H5,9.7554;0.6718;0.4514
Li2Be5Mg5,9.0322;0.9911;0.9822
Li2Be5P5,10.0282;0.863;0.7448
Li2B5Mg5,16.7281;1.0083;1.0167
Li2B5Si5,11.4991;0.8697;0.7563
Li2C5Mg5,15.5584;0.9549;0.9119
Li2Mg5H5,11.0125;0.7452;0.5554
Si2O5Li5,10.0367;0.7022;0.4931
Si2F5H5,9.7866;0.6682;0.4465
Si2N5Nb5,10.4895;0.4008;0.1606
Si2N5C5,10.8701;0.8615;0.7422
Si2N5Mg5,10.481;0.7268;0.5282
Si2N5H5,11.7311;0.5988;0.3585
Si2B5Mg5,15.8054;1.0439;1.0898
Si2B5Li5,9.6966;0.8002;0.6403
Si2C5Mg5,10.3984;0.8198;0.6721
Si2C5H5,10.3631;0.4958;0.2458
Si2Mg5H5,13.3533;0.7999;0.6399
P2O5Li5,9.3289;0.8131;0.6611
P2N5Nb5,11.0926;0.3511;0.1232
P2N5C5,9.6142;0.8682;0.7537
P2N5Zr5,9.9726;0.4343;0.1886
P2N5Mg5,11.148;0.8217;0.6752
P2Be5B5,9.8905;0.948;0.8988
P2B5Mg5,15.7858;0.9618;0.925
P2B5Li5,10.0965;0.859;0.7378
P2C5Mg5,11.4479;0.8487;0.7204
P2C5Li5,9.9617;0.8684;0.7541
P2Mg5Li5,9.6967;1.0105;1.0212
P2Mg5H5,13.9955;0.8273;0.6844
Na2O5Li5,10.0646;0.8477;0.7185
Na2F5Mg5,10.2816;0.8716;0.7597
Na2F5Li5,10.6085;0.8169;0.6673
Na2N5Mg5,10.762;0.736;0.5416
Na2N5H5,10.0904;0.6205;0.385
Na2B5Mg5,12.7044;1.1984;1.436
Na2C5Mg5,10.4665;0.9384;0.8806
Na2Mg5H5,13.1625;0.8885;0.7894
H2O5Mg5,14.1751;0.9716;0.944
H2O5Na5,9.3794;0.7228;0.5225
H2S5Mg5,9.4288;0.7025;0.4935
H2S5Li5,9.4991;0.7724;0.5966
H2F5Mg5,12.4363;0.8886;0.7896
H2N5B5,11.1898;0.842;0.7089
H2N5C5,12.5124;0.87;0.757
H2N5Mg5,13.1352;0.8957;0.8023
H2Be5Mg5,13.392;1.0244;1.0494
H2Hf5Cl5,10.0951;0.6632;0.4398
H2Cl5Mg5,10.3996;0.7609;0.5789
H2Cl5Li5,9.6685;0.6315;0.3988
H2B5Mg5,17.2134;0.8426;0.7099
H2C5Mg5,13.8887;0.8755;0.7665
H2C5Si5,9.2501;0.7588;0.5757
H2Mg5Li5,12.3615;0.8119;0.6592
H2Mg5Si5,9.4372;0.8331;0.694
H2Mg5P5,9.5165;0.8293;0.6877
H2Li5P5,9.3564;0.7413;0.5495
Pt2N5Ti5,10.0832;0.3718;0.1382
Ge2N5Nb5,11.0458;0.4327;0.1872
Ge2N5Ti5,9.7305;0.3567;0.1272
Ge2B5Mg5,9.5572;0.8637;0.746
Ge2B5Li5,9.9543;0.7968;0.6349
Ge2Mg5H5,9.3073;0.8682;0.7537
Te2N5Nb5,10.3455;0.4225;0.1785
Te2N5Mg5,9.4293;0.6432;0.4137
Br2N5Nb5,11.9276;0.3314;0.1099
Br2N5Y5,9.545;0.5142;0.2644
Br2N5Hf5,10.8558;0.6713;0.4507
Br2N5Zr5,12.5773;0.475;0.2256
Br2N5Ti5,10.7435;0.3947;0.1558
Br2N5Mg5,11.499;0.7244;0.5247
Br2N5Sc5,10.4134;0.5185;0.2689
Br2B5Mg5,10.1213;0.6916;0.4783
Br2B5Li5,9.6896;0.9133;0.8341
Br2C5Mg5,9.7354;0.7701;0.593
Br2Mg5H5,9.9994;0.7238;0.5239
I2N5Nb5,11.3673;0.5031;0.2531
I2N5Zr5,10.6182;0.5391;0.2907
I2N5Ti5,12.1241;0.454;0.2061
I2N5Mg5,10.9081;0.6402;0.4099
I2N5Sc5,9.8963;0.5386;0.29
Sc2O5Li5,10.1558;0.6401;0.4098
Sc2Sn5N5,10.1906;0.4931;0.2432
Sc2F5Li5,10.6659;0.679;0.4611
Sc2N5Sb5,9.9022;0.476;0.2266
Sc2B5Mg5,9.0128;1.0195;1.0394
Sc2C5Li5,9.2344;0.78;0.6085
Sc2Mg5H5,11.9288;0.8586;0.7372
Cr2O5Li5,9.7957;0.758;0.5745
Cr2B5Mg5,9.929;0.8298;0.6886
Cr2B5Li5,9.2869;0.8982;0.8068
Cr2Mg5H5,9.2669;0.8638;0.7462
Cs2As5N5,9.7478;0.4743;0.2249
Cs2Ga5N5,9.5162;0.5631;0.317
Cs2N5Se5,9.6713;0.5616;0.3154
Tc2N5Nb5,10.2022;0.3164;0.1001
Po2N5Ti5,9.803;0.5132;0.2634

417 of 285852 appear to be promising

hp_tune_sug_nc_normal:

{'ccp_alpha': 0.0, 'criterion': 'squared_error', 'max_depth': None, 'max_leaf_nodes': None, 'max_samples': None, 'min_impurity_decrease': 0.0, 'min_samples_leaf': 1, 'min_samples_split': 2, 'min_weight_fraction_leaf': 0.0, 'n_estimators': 200, 'n_jobs': None, 'oob_score': False, 'random_state': None, 'verbose': 0, 'warm_start': False, 'max_features': 'sqrt', 'bootstrap': False}

Ba2K5O5,9.8225;0.7941;0.6306
Ba2K5F5,9.4842;0.8673;0.7521
Ba2As5N5,9.904;0.6268;0.3929
Ba2O5S5,11.3028;0.7241;0.5243
Ba2O5F5,9.4236;0.8106;0.6571
Ba2O5Cl5,11.3681;0.7602;0.5778
Ba2O5P5,10.7416;0.6668;0.4447
Ba2S5F5,10.5108;0.6661;0.4437
Ba2S5Cl5,9.4712;0.5991;0.3589
Ba2F5Cl5,11.2381;0.5828;0.3397
Ba2F5P5,9.7079;0.6148;0.3779
Ba2N5Cl5,9.6358;0.5984;0.3581
Ba2Cl5P5,9.615;0.7959;0.6334
Ba2Cl5H5,9.7137;0.7653;0.5857
K2Ba5O5,11.0853;0.7677;0.5894
K2Ba5Bi5,9.4418;0.7625;0.5814
K2Ba5Pb5,9.2572;0.7784;0.6059
K2Ba5F5,9.5276;0.7619;0.5805
K2Ba5Cl5,9.669;0.7438;0.5532
K2Ba5Br5,9.1638;0.8417;0.7085
K2O5I5,9.8346;0.6271;0.3933
K2F5Li5,9.6336;0.7104;0.5046
K2N5Pd5,10.0522;0.4773;0.2278
K2N5Sb5,9.921;0.5384;0.2899
K2N5Te5,10.1915;0.5459;0.298
K2N5I5,10.4452;0.6331;0.4008
K2Be5B5,9.2085;0.7965;0.6344
K2Mg5H5,10.9414;0.784;0.6146
As2N5Nb5,11.5744;0.4035;0.1628
As2B5Li5,9.9847;0.7947;0.6315
Ca2Mg5H5,9.7888;0.7265;0.5278
La2As5N5,9.5721;0.5634;0.3174
La2N5Ge5,9.727;0.5216;0.2721
Cu2Rh5H5,9.5642;0.4787;0.2292
O2Tm5N5,10.6004;0.5782;0.3343
O2Nd5N5,9.4575;0.621;0.3857
O2N5Nb5,10.995;0.1939;0.0376
O2N5Hf5,9.9713;0.5218;0.2722
O2N5Sm5,9.7301;0.5198;0.2702
O2N5Tb5,10.0877;0.597;0.3564
O2N5Gd5,10.3613;0.5613;0.315
O2N5Zr5,9.8911;0.4287;0.1838
O2N5Ho5,10.748;0.5897;0.3478
O2N5Mg5,9.2877;0.7224;0.5218
O2N5Er5,10.994;0.6013;0.3616
O2N5Lu5,10.6938;0.6424;0.4127
O2N5Dy5,10.0091;0.603;0.3636
O2Be5Mg5,9.9124;0.8029;0.6447
O2B5Mg5,13.785;0.8443;0.7129
O2B5Na5,10.7965;0.8174;0.6682
O2Mg5Li5,10.1147;0.6669;0.4447
O2Mg5H5,9.8094;0.8222;0.676
O2Li5Si5,10.2571;0.7152;0.5116
O2Li5P5,9.3777;0.6415;0.4116
Sn2N5Nb5,10.0019;0.4405;0.1941
Bi2K5O5,9.4738;0.7294;0.532
Bi2N5Ti5,9.478;0.6086;0.3704
Bi2N5Sc5,9.7024;0.4858;0.236
S2N5Nb5,12.0974;0.3513;0.1234
S2N5Zr5,9.9925;0.5273;0.2781
S2B5Mg5,12.6545;0.9443;0.8916
S2B5Li5,9.8186;0.8297;0.6883
S2Mg5H5,9.6024;0.7286;0.5309
F2Tm5N5,9.9071;0.5103;0.2604
F2N5Tb5,9.6668;0.5537;0.3066
F2N5Gd5,9.6204;0.556;0.3092
F2N5Ho5,10.2056;0.5721;0.3272
F2N5Er5,10.2347;0.5269;0.2776
F2N5Lu5,10.0441;0.5962;0.3555
F2N5Dy5,9.4989;0.5923;0.3508
F2Be5Mg5,10.2689;0.8507;0.7238
F2B5Mg5,14.8209;0.9451;0.8932
F2B5Na5,9.6993;0.8774;0.7699
F2Mg5Li5,9.6179;0.6907;0.4771
F2Mg5H5,9.8501;0.7446;0.5545
F2Li5Si5,9.4735;0.6557;0.43
V2O5Li5,10.288;0.3735;0.1395
V2B5Mg5,9.2586;0.814;0.6627
V2Mg5H5,9.2392;0.7711;0.5946
Ga2N5Nb5,9.9995;0.44;0.1936
Ga2B5Li5,10.2696;0.8005;0.6408
Al2O5Li5,9.4;0.7042;0.4959
Al2B5Mg5,12.4724;0.7778;0.605
Al2B5Li5,9.9524;0.7388;0.5458
Al2Mg5H5,9.529;0.8294;0.6879
Sr2N5Pd5,9.8815;0.5738;0.3293
Sr2N5Sb5,9.5258;0.5705;0.3255
N2Ca5Cl5,9.6836;0.4775;0.228
N2O5Mg5,9.7207;0.6591;0.4344
N2Sr5Cl5,9.6058;0.5777;0.3338
N2Be5Mg5,10.9249;0.8857;0.7844
N2Nb5Cl5,11.5322;0.4623;0.2137
N2Y5Cl5,9.6021;0.5366;0.288
N2Hf5Cl5,11.4607;0.5817;0.3383
N2Cl5Zr5,11.7386;0.4919;0.242
N2Cl5Mg5,10.3437;0.6343;0.4023
N2Cl5Li5,10.0138;0.5341;0.2853
N2Cl5Ta5,9.8281;0.5187;0.2691
N2Cl5Na5,9.5681;0.4663;0.2175
N2Cl5Sc5,10.8103;0.4913;0.2413
N2B5Mg5,14.5144;0.7853;0.6167
N2B5Na5,10.0502;0.8482;0.7194
N2Mg5Li5,11.0576;0.8178;0.6688
N2Li5Si5,10.4107;0.7339;0.5386
N2Li5P5,9.4947;0.5929;0.3515
Be2O5Mg5,10.2902;0.7045;0.4963
Be2S5Li5,10.0434;0.6766;0.4578
Be2F5Mg5,10.2274;0.7832;0.6134
Be2N5Mg5,10.3389;0.7511;0.5641
Be2Cl5Li5,9.7899;0.5519;0.3046
Be2B5Mg5,13.9147;0.8918;0.7953
Be2Li5P5,9.4422;0.7101;0.5043
Nb2N5Sb5,10.055;0.5375;0.2889
Y2Sn5N5,9.5691;0.5059;0.2559
Y2N5Sb5,10.3896;0.5624;0.3163
Hf2Sn5N5,10.2108;0.5631;0.3171
Hf2N5Sb5,9.9018;0.6383;0.4074
Cl2Tm5N5,12.4387;0.5108;0.2609
Cl2Nd5N5,10.2557;0.5567;0.3099
Cl2Sr5N5,10.0856;0.5914;0.3498
Cl2N5Nb5,12.831;0.4724;0.2232
Cl2N5Y5,11.7978;0.5387;0.2902
Cl2N5Hf5,12.9225;0.6557;0.4299
Cl2N5Sm5,11.7924;0.5026;0.2526
Cl2N5Tb5,11.8802;0.4876;0.2377
Cl2N5Ce5,9.6765;0.4867;0.2369
Cl2N5Gd5,11.8709;0.5327;0.2837
Cl2N5Zr5,13.8699;0.4341;0.1885
Cl2N5Ho5,12.5902;0.4797;0.2301
Cl2N5Eu5,10.2482;0.5556;0.3087
Cl2N5Pr5,10.0177;0.5423;0.2941
Cl2N5Mg5,10.3748;0.705;0.4971
Cl2N5Er5,12.6093;0.4891;0.2393
Cl2N5Ta5,10.1926;0.6293;0.3961
Cl2N5Yb5,10.5184;0.5516;0.3043
Cl2N5Lu5,12.3188;0.5475;0.2998
Cl2N5Dy5,11.8604;0.5073;0.2574
Cl2N5Sc5,10.3266;0.4689;0.2199
Cl2B5Mg5,11.6163;0.8575;0.7353
Cl2B5Li5,10.1837;0.6808;0.4635
Cl2Mg5H5,9.8449;0.8089;0.6544
B2O5Mg5,9.5583;0.5494;0.3018
B2S5Li5,10.4681;0.7525;0.5662
B2F5Mg5,10.0933;0.7136;0.5092
B2N5Mg5,10.5305;0.6956;0.4838
B2Be5Si5,9.3636;0.7803;0.6089
B2Cl5Li5,9.9252;0.6447;0.4156
B2Mg5H5,9.3014;0.7528;0.5667
B2Li5Si5,9.7691;0.6993;0.489
B2Li5P5,11.2668;0.8993;0.8088
Pd2Cu5H5,11.5419;0.4403;0.1938
Zr2Sn5N5,9.9319;0.4696;0.2205
Zr2N5Sb5,10.2328;0.4863;0.2365
Zr2N5Te5,9.6334;0.5276;0.2784
Mn2B5Mg5,9.6849;0.784;0.6147
Mn2Mg5H5,9.5423;0.6902;0.4764
Se2N5Nb5,11.7979;0.4335;0.1879
Se2N5Zr5,10.5868;0.5254;0.276
Se2B5Li5,10.8842;0.946;0.8948
Ti2O5Li5,11.0039;0.3775;0.1425
Ti2F5Li5,9.7282;0.4148;0.1721
Ti2N5Sb5,9.7687;0.4979;0.2479
Ti2Mg5H5,9.5636;0.8078;0.6525
Rb2As5N5,9.6931;0.5741;0.3295
Rb2O5S5,9.5416;0.674;0.4543
Rb2O5Cl5,10.3245;0.6689;0.4474
Rb2F5Cl5,9.4211;0.6801;0.4625
Rb2N5Pd5,9.657;0.5248;0.2754
Rb2N5Te5,9.5597;0.5831;0.3399
Rb2N5I5,9.736;0.5341;0.2852
Rb2Cl5P5,9.358;0.6757;0.4566
Mg2O5Li5,9.5369;0.6767;0.4579
Mg2B5Si5,10.5119;0.7419;0.5505
Mg2Li5Na5,9.9536;0.3854;0.1486
Sb2N5Nb5,10.2497;0.4659;0.217
Rh2Cu5H5,10.2698;0.5271;0.2778
Au2Cu5H5,10.9914;0.6146;0.3778
Zn2B5Li5,9.9177;0.7681;0.59
Li2O5Mg5,12.0035;0.6669;0.4448
Li2F5Mg5,12.3306;0.8711;0.7588
Li2Al5B5,9.4823;0.7418;0.5503
Li2N5Mg5,11.4305;0.8248;0.6802
Li2N5Sb5,9.8356;0.5866;0.3441
Li2B5Mg5,13.4128;0.9876;0.9754
Li2B5Si5,11.4696;0.8956;0.8021
Li2Mg5H5,9.3703;0.7871;0.6196
Si2N5Nb5,9.5548;0.5487;0.301
Si2B5Mg5,16.541;0.9363;0.8766
Si2B5Li5,9.8444;0.9047;0.8186
Si2Mg5H5,10.3244;0.7282;0.5302
P2N5Nb5,11.7576;0.3745;0.1403
P2N5Zr5,9.9426;0.4663;0.2174
P2N5Er5,9.5997;0.4799;0.2303
P2Cl5Li5,9.4952;0.5451;0.2972
P2B5Mg5,13.7399;0.8699;0.7566
P2B5Li5,9.5981;0.7955;0.6328
P2Mg5H5,9.9907;0.7662;0.5871
Na2O5Mg5,9.2244;0.8151;0.6644
Na2F5Mg5,9.3073;0.7825;0.6123
Na2N5Mg5,9.7047;0.7931;0.629
Na2N5Sb5,9.7046;0.4985;0.2485
Na2B5Mg5,9.8749;0.8134;0.6616
Na2Mg5H5,9.8718;0.8989;0.8081
H2Ca5Cl5,9.5786;0.509;0.259
H2O5Mg5,10.1895;0.7108;0.5052
H2F5Mg5,9.6499;0.6967;0.4854
H2Sr5Cl5,9.9598;0.6251;0.3908
H2Nb5Cl5,9.7431;0.5197;0.2701
H2Hf5Cl5,10.2689;0.6255;0.3912
H2Cl5Zr5,10.3391;0.4878;0.2379
H2Cl5Mg5,9.9625;0.7033;0.4946
H2B5Mg5,12.0172;0.731;0.5344
H2B5Na5,9.7771;0.8678;0.753
H2Mg5Li5,10.8883;0.743;0.5521
Pt2Cu5H5,11.6781;0.5376;0.289
Ge2N5Nb5,10.0639;0.4782;0.2287
Ge2B5Li5,9.9125;0.7612;0.5794
Te2N5Nb5,10.4103;0.5105;0.2606
Ir2Cu5H5,10.1487;0.5907;0.3489
Br2Tm5N5,10.1373;0.5964;0.3557
Br2N5Nb5,12.221;0.4423;0.1956
Br2N5Y5,10.4681;0.5633;0.3173
Br2N5Hf5,10.7064;0.6064;0.3677
Br2N5Zr5,12.4101;0.456;0.208
Br2N5Ti5,9.7737;0.5664;0.3208
Br2N5Mg5,9.3791;0.7392;0.5464
Br2N5Er5,10.3831;0.5657;0.32
Br2N5Lu5,10.1168;0.5071;0.2572
Br2N5Sc5,10.2073;0.4529;0.2052
Br2B5Li5,10.8617;0.8418;0.7086
I2N5Nb5,11.7239;0.4777;0.2282
I2N5Hf5,9.8415;0.6171;0.3808
I2N5Zr5,11.0724;0.4816;0.2319
I2N5Ti5,11.2998;0.5926;0.3512
I2N5Sc5,10.1559;0.5436;0.2956
Sc2Sn5N5,10.0087;0.532;0.283
Sc2N5Sb5,10.4294;0.5214;0.2718
Sc2Mg5H5,10.0517;0.7199;0.5183
Cr2B5Mg5,9.3375;0.7588;0.5757
Cs2As5N5,9.88;0.5518;0.3045
Cs2O5S5,9.714;0.7397;0.5472
Cs2O5Cl5,10.086;0.731;0.5344
Cs2O5P5,9.2822;0.7256;0.5265
Cs2F5Cl5,9.9779;0.6875;0.4727
Cs2Cl5P5,9.4921;0.6855;0.4699
Po2N5Ti5,10.0254;0.5529;0.3057

246 of 219450 appear to be promising

