hp_tune_blank_nc_normal:

{'ccp_alpha': 0.0, 'criterion': 'squared_error', 'max_depth': None, 'max_leaf_nodes': None, 'max_samples': None, 'min_impurity_decrease': 0.0, 'min_samples_leaf': 1, 'min_samples_split': 2, 'min_weight_fraction_leaf': 0.0, 'n_estimators': 200, 'n_jobs': None, 'oob_score': False, 'random_state': None, 'verbose': 0, 'warm_start': False, 'max_features': 'sqrt', 'bootstrap': False}

Ba3K3Fe5,10.3576;0.9333;0.871
Ba3K3As5,11.1365;0.9529;0.9079
Ba3K3Ca5,11.9161;0.9115;0.8307
Ba3K3La5,12.6437;0.9812;0.9627
Ba3K3Cu5,11.386;0.9466;0.8961
Ba3K3O5,16.4736;0.8801;0.7746
Ba3K3Mo5,10.8398;0.9065;0.8217
Ba3K3Ru5,11.4874;0.9141;0.8356
Ba3K3Tm5,12.2619;0.9567;0.9154
Ba3K3Os5,11.6841;0.9118;0.8313
Ba3K3Sn5,11.7712;0.8984;0.8071
Ba3K3Nd5,13.2104;1.108;1.2276
Ba3K3Bi5,13.9349;0.5406;0.2923
Ba3K3Pb5,14.9447;0.7933;0.6293
Ba3K3S5,10.5419;0.9092;0.8267
Ba3K3F5,12.4277;0.9404;0.8843
Ba3K3V5,11.6362;1.04;1.0815
Ba3K3Ga5,9.5388;0.8839;0.7814
Ba3K3Al5,9.1841;0.8583;0.7367
Ba3K3Sr5,12.5474;0.8771;0.7694
Ba3K3Co5,10.8375;0.9427;0.8886
Ba3K3Re5,11.4591;0.9486;0.8998
Ba3K3W5,11.397;0.9645;0.9304
Ba3K3N5,12.3716;0.7529;0.5668
Ba3K3Be5,12.207;0.9535;0.9092
Ba3K3Tl5,11.3949;0.9664;0.934
Ba3K3Y5,11.0777;0.934;0.8723
Ba3K3Hf5,12.4941;0.8456;0.715
Ba3K3Cl5,12.3021;0.8248;0.6803
Ba3K3Sm5,12.2558;0.9482;0.8991
Ba3K3Ni5,10.0065;0.9094;0.8269
Ba3K3Tb5,12.165;0.9694;0.9398
Ba3K3Ce5,9.4897;0.982;0.9644
Ba3K3B5,11.7531;0.9444;0.892
Ba3K3Gd5,12.1627;0.9474;0.8975
Ba3K3In5,11.4105;0.9148;0.8369
Ba3K3Pd5,10.6929;0.8993;0.8087
Ba3K3Zr5,12.3436;0.9486;0.8998
Ba3K3Mn5,12.0211;0.921;0.8482
Ba3K3Ho5,12.0861;0.9521;0.9066
Ba3K3Se5,11.6041;0.9864;0.973
Ba3K3Ti5,10.7905;0.8584;0.7369
Ba3K3Hg5,11.0974;0.9035;0.8163
Ba3K3Eu5,12.2691;0.9497;0.9019
Ba3K3Rb5,13.7853;0.9708;0.9424
Ba3K3Pr5,9.352;0.995;0.9899
Ba3K3Mg5,9.5005;0.7901;0.6242
Ba3K3Sb5,9.3317;0.8576;0.7355
Ba3K3Er5,12.0484;0.965;0.9312
Ba3K3Rh5,10.8699;0.9818;0.9639
Ba3K3Au5,11.1829;0.9009;0.8116
Ba3K3Zn5,11.7188;0.9104;0.8288
Ba3K3Li5,10.7293;0.7348;0.5399
Ba3K3Np5,12.2834;0.9481;0.8988
Ba3K3Si5,10.5936;0.8348;0.697
Ba3K3P5,10.9751;0.9374;0.8788
Ba3K3Ta5,11.5011;0.9033;0.8159
Ba3K3Na5,11.2351;0.9616;0.9247
Ba3K3H5,12.6447;0.9246;0.8549
Ba3K3Pt5,11.0658;0.9691;0.9392
Ba3K3Ge5,11.5331;0.8657;0.7494
Ba3K3Pa5,12.2937;0.947;0.8968
Ba3K3Te5,9.4241;0.9827;0.9656
Ba3K3Ir5,10.3864;0.6933;0.4807
Ba3K3Yb5,12.2466;0.9578;0.9173
Ba3K3T5,12.1659;0.959;0.9197
Ba3K3U5,9.6346;0.889;0.7904
Ba3K3Th5,12.0746;0.9414;0.8863
Ba3K3Lu5,12.0434;0.9242;0.8542
Ba3K3Ag5,11.2581;0.9252;0.856
Ba3K3Cd5,12.1865;0.9535;0.9091
Ba3K3Br5,12.9357;0.9245;0.8547
Ba3K3I5,12.108;0.9402;0.8839
Ba3K3Dy5,12.2129;0.9583;0.9184
Ba3K3Sc5,12.2708;0.9671;0.9353
Ba3K3Cr5,11.065;0.9811;0.9627
Ba3K3D5,12.6788;0.9234;0.8527
Ba3K3Cs5,12.1691;0.9334;0.8712
Ba3K3Tc5,12.507;0.9197;0.8458
Ba3K3Pu5,12.2877;0.9455;0.894
Ba3K3Am5,12.2841;0.9498;0.9021
Ba3K3Cm5,12.2844;0.9494;0.9013
Ba3K3Po5,12.2844;0.9494;0.9013
Ba3Fe3K5,10.2529;0.9232;0.8523
Ba3As3K5,10.842;0.9392;0.8821
Ba3Ca3K5,11.6336;0.9237;0.8532
Ba3La3K5,12.2863;0.9886;0.9774
Ba3Cu3K5,11.1534;0.966;0.9331
Ba3O3K5,13.5896;0.9438;0.8907
Ba3Mo3K5,11.0999;0.9079;0.8243
Ba3Ru3K5,11.1702;0.9342;0.8728
Ba3Tm3K5,11.872;0.9697;0.9402
Ba3Os3K5,11.3923;0.9325;0.8696
Ba3Sn3K5,11.474;0.9115;0.8309
Ba3Sn3Nb5,11.7026;0.4929;0.243
Ba3Nd3K5,12.907;1.1343;1.2866
Ba3Nd3Sr5,9.9646;1.0168;1.0339
Ba3Bi3K5,13.2617;0.6489;0.4211
Ba3Pb3K5,14.8679;0.7913;0.6261
Ba3S3K5,10.5321;0.9346;0.8735
Ba3F3K5,11.8401;0.9735;0.9478
Ba3V3K5,11.3015;1.0512;1.1051
Ba3Ga3K5,9.9619;0.8361;0.6991
Ba3Al3K5,9.4727;0.8672;0.752
Ba3Sr3K5,12.2351;0.8967;0.8041
Ba3Sr3Nd5,9.9698;1.0226;1.0457
Ba3Co3K5,11.1526;0.9475;0.8978
Ba3Re3K5,11.13;0.9784;0.9572
Ba3W3K5,11.0408;0.9932;0.9865
Ba3N3K5,12.7518;0.7178;0.5152
Ba3N3Cl5,11.4573;0.5468;0.299
Ba3N3Li5,10.6383;0.5511;0.3037
Ba3Be3K5,11.8198;0.9783;0.957
Ba3Nb3K5,9.8333;0.8927;0.797
Ba3Tl3K5,11.625;0.9718;0.9443
Ba3Y3K5,11.2655;0.9339;0.8722
Ba3Hf3K5,12.0717;0.9156;0.8383
Ba3Cl3K5,12.7641;0.8002;0.6404
Ba3Cl3Nd5,9.3275;0.8678;0.7531
Ba3Cl3N5,11.8712;0.5559;0.309
Ba3Sm3K5,11.8829;0.9663;0.9337
Ba3Ni3K5,10.0669;0.9023;0.8141
Ba3Tb3K5,11.8065;0.9811;0.9626
Ba3Ce3K5,9.3887;1.0035;1.0071
Ba3B3K5,11.7446;0.9552;0.9124
Ba3C3Mg5,11.5815;0.8465;0.7165
Ba3Gd3K5,11.8188;0.965;0.9312
Ba3In3K5,11.1797;0.9514;0.9052
Ba3Pd3K5,10.5627;0.9115;0.8308
Ba3Zr3K5,12.104;0.9327;0.87
Ba3Mn3K5,11.7201;0.9403;0.8841
Ba3Ho3K5,11.7292;0.9626;0.9266
Ba3Se3K5,11.358;0.999;0.998
Ba3Ti3K5,10.7264;0.8864;0.7857
Ba3Hg3K5,10.5146;0.9439;0.891
Ba3Eu3K5,11.8737;0.9682;0.9374
Ba3Rb3K5,13.4913;0.9798;0.9599
Ba3Rb3Bi5,9.847;0.5639;0.318
Ba3Pr3K5,9.042;1.0097;1.0196
Ba3Mg3K5,10.2167;0.9583;0.9183
Ba3Mg3B5,12.6588;0.9874;0.975
Ba3Mg3Li5,10.3528;0.8742;0.7643
Ba3Sb3K5,9.3014;0.8663;0.7504
Ba3Er3K5,11.7271;0.9756;0.9518
Ba3Rh3K5,10.5715;0.9925;0.985
Ba3Au3K5,11.5296;0.9223;0.8505
Ba3Zn3K5,11.4342;0.9239;0.8536
Ba3Li3K5,10.3853;0.8167;0.667
Ba3Li3N5,10.3975;0.5786;0.3348
Ba3Li3Mg5,9.1754;0.9975;0.9949
Ba3Np3K5,11.88;0.9666;0.9343
Ba3Si3K5,10.9526;0.8882;0.789
Ba3P3K5,10.774;0.9484;0.8994
Ba3Ta3K5,11.2168;0.9031;0.8157
Ba3Na3K5,11.539;0.9772;0.9549
Ba3H3K5,12.3931;0.9316;0.8679
Ba3Pt3K5,11.6588;0.9488;0.9002
Ba3Ge3K5,11.3026;0.9386;0.881
Ba3Pa3K5,11.8761;0.9679;0.9368
Ba3Te3K5,9.991;0.8712;0.759
Ba3Ir3K5,9.9807;0.7032;0.4945
Ba3Yb3K5,11.8574;0.9741;0.9489
Ba3T3K5,11.7539;0.977;0.9545
Ba3U3K5,9.4046;0.899;0.8083
Ba3Th3K5,11.8247;0.9526;0.9075
Ba3Lu3K5,11.8215;0.9329;0.8703
Ba3Ag3K5,11.0499;0.9368;0.8776
Ba3Cd3K5,11.8475;0.9556;0.9132
Ba3Br3K5,12.6403;0.9294;0.8638
Ba3I3K5,11.7349;0.9563;0.9146
Ba3Dy3K5,11.8499;0.9749;0.9505
Ba3Sc3K5,11.9739;0.9687;0.9384
Ba3Cr3K5,10.9572;0.9968;0.9936
Ba3D3K5,12.2783;0.9317;0.8681
Ba3Cs3K5,11.7778;0.953;0.9083
Ba3Tc3K5,12.0651;0.9348;0.8738
Ba3Pu3K5,11.9247;0.9595;0.9206
Ba3Am3K5,11.8759;0.9682;0.9373
Ba3Cm3K5,11.8761;0.9679;0.9368
Ba3Po3K5,11.8761;0.9679;0.9368
K3Fe3Ba5,10.877;0.9016;0.813
K3As3Ba5,11.6412;0.8972;0.8049
K3Ca3Ba5,12.4302;0.8515;0.7251
K3La3Ba5,13.003;0.9778;0.9561
K3Cu3Ba5,11.893;0.8684;0.7541
K3O3Ba5,14.2048;0.9132;0.834
K3Mo3Ba5,11.6516;0.8606;0.7406
K3Ru3Ba5,11.962;0.8593;0.7385
K3Tm3Ba5,12.7275;0.8967;0.804
K3Os3Ba5,12.1203;0.8703;0.7574
K3Sn3Ba5,12.1714;0.8335;0.6947
K3Sn3Nb5,9.9318;0.4684;0.2194
K3Nd3Ba5,13.6741;1.0906;1.1893
K3Bi3Ba5,15.0383;0.647;0.4186
K3Pb3Ba5,16.1281;0.7115;0.5062
K3S3Ba5,11.1984;0.8607;0.7408
K3F3Ba5,12.6946;0.9097;0.8276
K3V3Ba5,12.1172;0.9487;0.9
K3Ga3Ba5,10.5829;0.7445;0.5543
K3Al3Ba5,10.0695;0.8093;0.655
K3Sr3Ba5,12.9786;0.8289;0.687
K3Co3Ba5,11.8696;0.8943;0.7998
K3Re3Ba5,11.8134;0.9235;0.8528
K3W3Ba5,11.8161;0.9411;0.8857
K3N3Ba5,13.1504;0.6687;0.4472
K3N3Cl5,10.5292;0.5448;0.2968
K3N3Li5,10.8381;0.4361;0.1902
K3N3Br5,12.1823;0.461;0.2125
K3Be3Ba5,12.6722;0.8969;0.8044
K3Nb3Ba5,10.2912;0.8584;0.7369
K3Tl3Ba5,12.4268;0.9057;0.8202
K3Y3Ba5,12.0072;0.8967;0.8041
K3Hf3Ba5,12.8575;0.867;0.7517
K3Cl3Ba5,13.3136;0.7345;0.5395
K3Cl3N5,10.8391;0.5105;0.2606
K3Sm3Ba5,12.73;0.8904;0.7929
K3Ni3Ba5,10.6134;0.8713;0.7591
K3Tb3Ba5,12.6333;0.9126;0.8328
K3Ce3Ba5,9.9556;0.9469;0.8967
K3B3Ba5,12.544;0.8806;0.7755
K3Gd3Ba5,12.6335;0.8849;0.7831
K3In3Ba5,11.9704;0.8749;0.7655
K3Pd3Ba5,11.2897;0.8471;0.7175
K3Zr3Ba5,12.7754;0.8646;0.7476
K3Mn3Ba5,12.496;0.8685;0.7543
K3Ho3Ba5,12.5648;0.8975;0.8054
K3Se3Ba5,12.0832;0.925;0.8555
K3Ti3Ba5,11.4871;0.8397;0.7051
K3Hg3Ba5,11.4227;0.8994;0.809
K3Eu3Ba5,12.7381;0.8929;0.7973
K3Rb3Ba5,14.1078;0.9771;0.9548
K3Pr3Ba5,9.7978;0.941;0.8855
K3Mg3Ba5,10.7555;0.9039;0.817
K3Mg3B5,11.0572;0.9688;0.9386
K3Mg3Li5,9.194;0.8687;0.7546
K3Sb3Ba5,10.0071;0.8443;0.7128
K3Er3Ba5,12.4936;0.9032;0.8157
K3Rh3Ba5,11.3404;0.9405;0.8844
K3Au3Ba5,12.3126;0.8702;0.7573
K3Zn3Ba5,12.1515;0.8632;0.745
K3Li3Ba5,10.9622;0.7592;0.5764
K3Li3N5,10.5249;0.4544;0.2065
K3Np3Ba5,12.7526;0.8923;0.7962
K3Si3Ba5,11.6955;0.8409;0.707
K3P3Ba5,11.5803;0.8847;0.7827
K3Ta3Ba5,11.9122;0.8557;0.7323
K3Na3Ba5,12.3504;0.9115;0.8308
K3H3Ba5,13.07;0.8762;0.7677
K3Pt3Ba5,12.4796;0.88;0.7745
K3Ge3Ba5,12.093;0.8835;0.7805
K3Pa3Ba5,12.7537;0.8928;0.797
K3Te3Ba5,10.6565;0.8377;0.7017
K3Ir3Ba5,10.6253;0.6749;0.4555
K3Yb3Ba5,12.7074;0.897;0.8045
K3T3Ba5,12.6203;0.9049;0.8189
K3U3Ba5,9.9726;0.8448;0.7136
K3Th3Ba5,12.6541;0.8871;0.7869
K3Lu3Ba5,12.595;0.8722;0.7608
K3Ag3Ba5,11.7469;0.8697;0.7564
K3Cd3Ba5,12.6975;0.8953;0.8016
K3Br3Ba5,13.3746;0.8801;0.7746
K3Br3N5,11.2139;0.5379;0.2893
K3I3Ba5,12.5889;0.8916;0.7949
K3Dy3Ba5,12.6818;0.9049;0.8188
K3Sc3Ba5,12.782;0.9059;0.8206
K3Cr3Ba5,11.6888;0.9265;0.8584
K3D3Ba5,13.0696;0.8608;0.741
K3Cs3Ba5,12.6325;0.8854;0.7839
K3Tc3Ba5,12.8994;0.8741;0.764
K3Pu3Ba5,12.7483;0.888;0.7885
K3Am3Ba5,12.7531;0.8935;0.7984
K3Cm3Ba5,12.7537;0.8928;0.797
K3Po3Ba5,12.7537;0.8928;0.797
Fe3Sn3Nb5,13.3668;0.4386;0.1924
Fe3Ga3Nb5,9.5009;0.5243;0.2749
Fe3N3Li5,10.9997;0.4625;0.2139
Fe3Cl3N5,9.5119;0.5499;0.3024
Fe3B3Mg5,10.4099;0.8815;0.7771
Fe3C3Mg5,12.781;0.8394;0.7046
Fe3Mn3Mg5,9.3352;1.0873;1.1822
Fe3Mg3B5,14.1068;0.9348;0.8738
Fe3Mg3Li5,11.5316;0.9487;0.9
Fe3Li3N5,10.6453;0.4745;0.2252
Fe3Li3Mg5,10.2383;1.0348;1.0709
As3Ca3Li5,10.8982;0.2658;0.0706
As3Sn3Nb5,13.6216;0.5018;0.2518
As3Ga3Nb5,10.6377;0.6159;0.3794
As3Al3Nb5,9.7345;0.4772;0.2278
As3N3Li5,11.4701;0.5227;0.2733
As3Cl3N5,9.6822;0.5456;0.2976
As3B3Mg5,9.5664;0.8701;0.757
As3C3Mg5,12.8177;0.7782;0.6055
As3Mg3B5,13.9655;0.9737;0.948
As3Mg3Li5,11.5745;0.8166;0.6669
As3Li3N5,11.145;0.5194;0.2698
As3Li3Mg5,10.1762;0.9258;0.8571
Ca3La3Li5,10.9254;0.2696;0.0727
Ca3O3Li5,11.1022;0.3134;0.0982
Ca3Ru3Li5,10.8525;0.246;0.0605
Ca3Tm3Li5,11.4393;0.2377;0.0565
Ca3Os3Li5,9.9595;0.3532;0.1248
Ca3Sn3Nb5,13.9402;0.3765;0.1418
Ca3Sn3Li5,10.5213;0.2926;0.0856
Ca3Nd3Li5,10.651;0.306;0.0936
Ca3F3Li5,10.7607;0.284;0.0807
Ca3V3Li5,10.4033;0.3327;0.1107
Ca3Ga3Nb5,9.4808;0.6106;0.3729
Ca3Al3Nb5,9.9038;0.4575;0.2093
Ca3Sr3Li5,10.9498;0.2814;0.0792
Ca3Co3Li5,10.4715;0.308;0.0949
Ca3Re3Li5,9.7316;0.4374;0.1913
Ca3W3Li5,10.5011;0.262;0.0687
Ca3N3Li5,12.7352;0.5282;0.279
Ca3Be3Li5,11.2789;0.2506;0.0628
Ca3Tl3Li5,11.4285;0.2348;0.0551
Ca3Y3Li5,9.921;0.3942;0.1554
Ca3Hf3Nb5,9.7068;0.3363;0.1131
Ca3Hf3Li5,13.1719;0.405;0.1641
Ca3Cl3N5,9.6034;0.5442;0.2962
Ca3Cl3Li5,11.4431;0.3743;0.1401
Ca3Sm3Li5,11.432;0.2328;0.0542
Ca3Tb3Li5,11.2018;0.2518;0.0634
Ca3C3Mg5,12.6964;0.7697;0.5924
Ca3Gd3Li5,11.2067;0.2699;0.0728
Ca3In3Li5,10.993;0.2595;0.0673
Ca3Pd3Li5,9.7393;0.3035;0.0921
Ca3Zr3Li5,10.0496;0.3614;0.1306
Ca3Mn3Li5,10.7131;0.3212;0.1032
Ca3Ho3Li5,11.3335;0.2433;0.0592
Ca3Se3Li5,10.3017;0.2974;0.0885
Ca3Eu3Li5,11.4392;0.2399;0.0575
Ca3Pr3Li5,11.0835;0.2702;0.073
Ca3Mg3B5,13.0456;0.9851;0.9705
Ca3Mg3Li5,12.692;0.8591;0.738
Ca3Er3Li5,10.7171;0.2714;0.0736
Ca3Au3Li5,10.5627;0.3367;0.1134
Ca3Li3O5,10.0313;0.288;0.0829
Ca3Li3N5,12.0826;0.5186;0.269
Ca3Li3Hf5,11.6658;0.5133;0.2634
Ca3Li3Mg5,10.6182;0.9706;0.942
Ca3Li3Br5,10.5013;0.4617;0.2132
Ca3Li3I5,10.2683;0.4136;0.171
Ca3Li3D5,9.7602;0.2672;0.0714
Ca3Np3Li5,11.4615;0.2343;0.0549
Ca3P3Li5,10.3177;0.2396;0.0574
Ca3Ta3Li5,11.2014;0.2405;0.0578
Ca3Na3Li5,11.3917;0.2494;0.0622
Ca3H3Li5,9.7325;0.3593;0.1291
Ca3Ge3Li5,10.5862;0.2822;0.0796
Ca3Pa3Li5,11.4617;0.2345;0.055
Ca3Yb3Li5,11.4013;0.2262;0.0512
Ca3T3Li5,11.4608;0.2336;0.0546
Ca3Th3Li5,11.1653;0.2589;0.067
Ca3Lu3Li5,10.6045;0.3137;0.0984
Ca3Cd3Li5,11.2278;0.251;0.063
Ca3Br3Li5,12.1071;0.3925;0.1541
Ca3I3Li5,12.178;0.3746;0.1404
Ca3Dy3Li5,11.3711;0.2584;0.0668
Ca3Sc3Li5,11.1252;0.2741;0.0751
Ca3D3Li5,11.4282;0.234;0.0548
Ca3Cs3Li5,10.6929;0.2961;0.0877
Ca3Tc3Li5,11.4374;0.2327;0.0542
Ca3Pu3Li5,11.2784;0.2701;0.073
Ca3Am3Li5,11.4619;0.2345;0.055
Ca3Cm3Li5,11.4617;0.2345;0.055
Ca3Po3Li5,11.4617;0.2345;0.055
La3Sn3Nb5,13.0747;0.4246;0.1803
La3Ga3Nb5,9.8339;0.5862;0.3436
La3N3Li5,11.009;0.4893;0.2394
La3C3Mg5,12.0362;0.7953;0.6324
La3Mg3B5,12.4523;0.7833;0.6136
La3Mg3Li5,10.9644;0.794;0.6304
La3Li3N5,10.7595;0.5075;0.2576
La3Li3Mg5,9.3823;0.8316;0.6915
Cu3Sn3Nb5,13.2232;0.3886;0.151
Cu3N3Li5,10.6339;0.4984;0.2484
Cu3C3Mg5,11.6747;0.7157;0.5122
Cu3Mg3B5,11.5511;0.9789;0.9582
Cu3Mg3Li5,9.4336;0.7661;0.5869
Cu3Li3N5,10.2713;0.4916;0.2416
O3Sn3Nb5,12.8617;0.4887;0.2389
O3Ga3Nb5,9.907;0.5699;0.3248
O3Al3Nb5,9.905;0.5246;0.2752
O3N3Nb5,12.8628;0.4007;0.1605
O3N3Cl5,9.5035;0.5086;0.2586
O3N3Li5,12.0742;0.47;0.2209
O3Nb3N5,10.1937;0.3565;0.1271
O3Hf3Li5,9.9528;0.4909;0.241
O3Cl3N5,10.3474;0.5267;0.2774
O3B3Mg5,9.5253;0.8772;0.7695
O3C3Mg5,12.9487;0.7818;0.6112
O3Mg3B5,13.9597;0.957;0.9158
O3Mg3Li5,11.7803;0.8371;0.7007
O3Li3N5,11.9057;0.4873;0.2375
O3Li3Hf5,9.6528;0.5379;0.2893
O3Li3Mg5,10.3933;0.9051;0.8192
Mo3Sn3Nb5,11.6451;0.4123;0.17
Mo3N3C5,9.7611;0.3133;0.0981
Mo3N3Li5,9.8958;0.5024;0.2524
Mo3Nb3C5,12.0137;0.1735;0.0301
Mo3C3Mg5,11.7222;0.6991;0.4888
Mo3Mg3B5,13.1386;0.9884;0.9769
Mo3Mg3C5,10.7013;0.6863;0.471
Mo3Mg3Li5,10.09;0.8073;0.6517
Mo3Li3N5,9.5724;0.5119;0.262
Ru3Sn3Nb5,10.6928;0.5666;0.321
Ru3N3Li5,11.3148;0.5299;0.2808
Ru3Cl3N5,9.5028;0.5798;0.3361
Ru3B3Mg5,9.3705;0.8101;0.6562
Ru3C3Mg5,12.1463;0.7619;0.5805
Ru3Mg3B5,12.8758;1.024;1.0486
Ru3Mg3Li5,11.4151;0.8312;0.6909
Ru3Li3N5,10.9891;0.5291;0.28
Ru3Li3Mg5,10.0364;0.919;0.8445
Ru3P3Hf5,10.2404;0.1988;0.0395
Tm3Sn3Nb5,13.7678;0.3949;0.156
Tm3Ga3Nb5,10.3782;0.6005;0.3606
Tm3Al3Nb5,9.7289;0.4679;0.2189
Tm3N3Li5,11.6445;0.4905;0.2406
Tm3Cl3N5,9.8013;0.5484;0.3008
Tm3B3Mg5,9.7683;0.8512;0.7245
Tm3C3Mg5,12.9322;0.7613;0.5795
Tm3Mg3B5,13.983;0.9743;0.9493
Tm3Mg3Li5,11.7925;0.8261;0.6824
Tm3Li3N5,11.3126;0.4882;0.2383
Tm3Li3Mg5,10.3392;0.9333;0.8711
Os3Sn3Nb5,9.536;0.5082;0.2583
Os3N3Li5,10.9636;0.5582;0.3116
Os3C3Mg5,12.1918;0.7418;0.5503
Os3Mg3B5,12.6665;1.0296;1.0601
Os3Mg3Li5,11.0528;0.8369;0.7005
Os3Li3N5,10.6851;0.5233;0.2738
Os3Li3Mg5,9.8171;0.9437;0.8906
Sn3Nd3Nb5,13.9185;0.3788;0.1435
Sn3Bi3Nb5,13.1859;0.4518;0.2041
Sn3Pb3Nb5,12.8276;0.4393;0.1929
Sn3S3Nb5,12.5855;0.4969;0.2469
Sn3F3Nb5,14.0237;0.3816;0.1456
Sn3V3Nb5,10.3884;0.2061;0.0425
Sn3Ga3Nb5,12.3614;0.5118;0.2619
Sn3Al3Nb5,11.9231;0.4003;0.1603
Sn3Sr3Nb5,13.6855;0.4343;0.1887
Sn3Co3Nb5,12.0568;0.5017;0.2517
Sn3Re3Nb5,13.1526;0.39;0.1521
Sn3W3Nb5,13.8558;0.368;0.1354
Sn3N3Nb5,11.8059;0.4458;0.1987
Sn3N3Li5,11.1772;0.4635;0.2149
Sn3Be3Nb5,13.201;0.4141;0.1714
Sn3Tl3Nb5,14.9852;0.3468;0.1203
Sn3Y3Nb5,12.6034;0.3688;0.136
Sn3Hf3Nb5,13.7796;0.3913;0.1531
Sn3Cl3N5,9.5061;0.583;0.3399
Sn3Cl3Nb5,12.5551;0.4098;0.1679
Sn3Sm3Nb5,14.0372;0.3813;0.1454
Sn3Ni3Nb5,13.2064;0.3791;0.1437
Sn3Tb3Nb5,13.8093;0.3933;0.1547
Sn3Ce3Nb5,9.7447;0.5976;0.3571
Sn3B3Nb5,11.8114;0.5135;0.2637
Sn3C3Mg5,12.2677;0.7631;0.5823
Sn3Gd3Nb5,13.9179;0.4059;0.1647
Sn3In3Nb5,13.3886;0.4256;0.1811
Sn3Zr3Nb5,15.11;0.2719;0.0739
Sn3Mn3Nb5,13.8244;0.4094;0.1676
Sn3Ho3Nb5,13.9266;0.378;0.1429
Sn3Se3Nb5,13.321;0.4086;0.167
Sn3Ti3Nb5,12.4392;0.4295;0.1844
Sn3Hg3Nb5,14.0199;0.3836;0.1471
Sn3Eu3Nb5,13.9897;0.3815;0.1455
Sn3Rb3Nb5,12.8828;0.4186;0.1752
Sn3Pr3Nb5,13.7688;0.4274;0.1827
Sn3Mg3Nb5,11.0865;0.635;0.4032
Sn3Mg3B5,12.9963;1.053;1.1088
Sn3Mg3Li5,11.1157;0.8554;0.7318
Sn3Sb3Nb5,9.6557;0.4602;0.2118
Sn3Er3Nb5,13.2982;0.42;0.1764
Sn3Au3Nb5,11.6611;0.4691;0.2201
Sn3Zn3Nb5,13.4437;0.4463;0.1992
Sn3Li3N5,10.8923;0.4483;0.201
Sn3Li3Nb5,11.1148;0.4966;0.2466
Sn3Li3Mg5,9.6049;0.9349;0.874
Sn3Np3Nb5,14.047;0.383;0.1467
Sn3Si3Nb5,11.2208;0.4335;0.1879
Sn3P3Nb5,13.9435;0.3945;0.1556
Sn3Ta3Nb5,15.1398;0.1204;0.0145
Sn3Na3Nb5,13.9972;0.3798;0.1442
Sn3H3Nb5,13.1539;0.4089;0.1672
Sn3Pt3Nb5,13.1052;0.4489;0.2015
Sn3Ge3Nb5,11.1558;0.4585;0.2102
Sn3Pa3Nb5,14.047;0.383;0.1467
Sn3Te3Nb5,9.6118;0.4911;0.2412
Sn3Ir3Nb5,10.1307;0.466;0.2172
Sn3Yb3Nb5,13.9168;0.3741;0.1399
Sn3T3Nb5,14.047;0.383;0.1467
Sn3U3Nb5,10.2758;0.5331;0.2842
Sn3Th3Nb5,13.7673;0.4136;0.1711
Sn3Lu3Nb5,13.7959;0.3962;0.157
Sn3Ag3Nb5,12.1722;0.4084;0.1668
Sn3Cd3Nb5,13.872;0.4046;0.1637
Sn3Br3Nb5,13.8083;0.3939;0.1552
Sn3I3Nb5,14.0162;0.3866;0.1494
Sn3Dy3Nb5,13.8225;0.41;0.1681
Sn3Sc3Nb5,12.4923;0.5483;0.3006
Sn3Cr3Nb5,11.0202;0.5492;0.3017
Sn3D3Nb5,14.0165;0.3878;0.1504
Sn3Cs3Nb5,13.8721;0.3845;0.1478
Sn3Tc3Nb5,13.354;0.4049;0.164
Sn3Pu3Nb5,14.0382;0.3814;0.1454
Sn3Am3Nb5,14.047;0.383;0.1467
Sn3Cm3Nb5,14.047;0.383;0.1467
Sn3Po3Nb5,14.047;0.383;0.1467
Nd3Ga3Nb5,9.9615;0.5727;0.328
Nd3Sr3Ba5,10.2124;1.0069;1.0138
Nd3N3Li5,11.5493;0.5035;0.2536
Nd3Cl3Ba5,9.5041;0.8859;0.7848
Nd3Cl3N5,9.7747;0.5552;0.3083
Nd3B3Mg5,9.3046;0.8671;0.7518
Nd3C3Mg5,12.5281;0.8112;0.6581
Nd3Mg3B5,13.8469;0.9797;0.9599
Nd3Mg3Li5,11.5069;0.8233;0.6778
Nd3Li3N5,11.2262;0.505;0.255
Nd3Li3Mg5,10.1655;0.9443;0.8917
Bi3Pb3Ba5,10.7244;0.5504;0.303
Bi3Ga3Nb5,10.4483;0.5974;0.3568
Bi3N3Li5,9.4632;0.5554;0.3085
Bi3C3Mg5,11.7099;0.8155;0.665
Bi3Rb3Ba5,10.2761;0.6095;0.3714
Bi3Mg3B5,10.9257;0.9409;0.8853
Pb3Ga3Nb5,9.8702;0.6468;0.4183
Pb3N3Li5,11.7229;0.4676;0.2187
Pb3Hf3Li5,9.5697;0.4625;0.2139
Pb3Cl3N5,9.5933;0.5642;0.3183
Pb3B3Mg5,9.8395;0.689;0.4747
Pb3C3Mg5,13.1077;0.7854;0.6168
Pb3Mn3Mg5,9.2637;0.8542;0.7296
Pb3Mg3B5,13.2512;0.8971;0.8047
Pb3Mg3Li5,11.9324;0.7748;0.6004
Pb3Li3N5,11.25;0.4695;0.2205
Pb3Li3Mg5,10.9352;0.8422;0.7093
S3N3Li5,9.7444;0.5507;0.3033
S3B3Mg5,9.6889;0.8382;0.7026
S3C3Mg5,13.2329;0.8242;0.6794
S3Mg3B5,14.1519;0.944;0.8912
S3Mg3C5,10.4536;0.77;0.593
S3Mg3Li5,10.7911;0.8241;0.6791
S3Li3Mg5,9.4442;0.8947;0.8005
F3Ga3Nb5,10.3715;0.6025;0.3631
F3Al3Nb5,9.7042;0.468;0.219
F3N3Li5,11.3441;0.4734;0.2242
F3Cl3N5,9.7545;0.5539;0.3068
F3B3Mg5,9.8748;0.824;0.679
F3C3Mg5,13.0445;0.7427;0.5516
F3Mg3B5,12.2372;0.8124;0.6599
F3Mg3Li5,11.3981;0.8093;0.6549
F3Li3N5,11.0328;0.465;0.2162
F3Li3Mg5,10.2796;0.8894;0.7911
V3Ga3Nb5,10.6014;0.3037;0.0922
V3N3Li5,10.7118;0.5436;0.2955
V3B3Mg5,9.6838;0.8449;0.7139
V3C3Mg5,11.331;0.7899;0.624
V3Mg3B5,13.6394;0.9778;0.9561
V3Mg3Li5,11.3996;0.8745;0.7648
V3Li3N5,10.7012;0.5139;0.2641
V3Li3Mg5,10.0592;0.9715;0.9438
Ga3Al3Nb5,10.7216;0.5352;0.2864
Ga3Re3Nb5,9.8787;0.5919;0.3503
Ga3W3Nb5,10.4726;0.6103;0.3724
Ga3N3Nb5,10.1031;0.5044;0.2544
Ga3N3Li5,9.974;0.5137;0.2639
Ga3Be3Nb5,9.8048;0.5991;0.3589
Ga3Tl3Nb5,11.0718;0.5936;0.3523
Ga3Hf3Nb5,10.9503;0.5948;0.3537
Ga3Cl3Nb5,9.8314;0.5541;0.307
Ga3Sm3Nb5,10.0072;0.6073;0.3689
Ga3Ni3Nb5,9.4786;0.5283;0.2791
Ga3Tb3Nb5,10.2936;0.6113;0.3737
Ga3C3Mg5,10.6966;0.869;0.7551
Ga3Gd3Nb5,9.9871;0.6045;0.3655
Ga3Zr3Nb5,10.0833;0.5259;0.2766
Ga3Ho3Nb5,10.3709;0.6047;0.3656
Ga3Se3Nb5,10.0185;0.5507;0.3033
Ga3Hg3Nb5,10.3731;0.5994;0.3593
Ga3Eu3Nb5,9.5508;0.6247;0.3902
Ga3Rb3Nb5,9.8406;0.6228;0.3878
Ga3Pr3Nb5,10.2253;0.6056;0.3668
Ga3Mg3B5,11.6147;0.8291;0.6874
Ga3Mg3Li5,9.9985;0.8788;0.7722
Ga3Er3Nb5,10.0166;0.6002;0.3603
Ga3Zn3Nb5,10.7654;0.5541;0.307
Ga3Li3N5,9.78;0.51;0.2601
Ga3Np3Nb5,10.1527;0.6013;0.3616
Ga3Si3V5,9.8942;0.5821;0.3389
Ga3Si3Nb5,9.5353;0.5115;0.2617
Ga3P3Nb5,10.4442;0.6003;0.3604
Ga3Ta3Nb5,10.6574;0.586;0.3434
Ga3Na3Nb5,10.3768;0.6;0.3601
Ga3H3Nb5,9.9181;0.5579;0.3112
Ga3Pt3Nb5,10.0671;0.5631;0.3171
Ga3Pa3Nb5,10.3792;0.6006;0.3608
Ga3Yb3Nb5,10.0297;0.6247;0.3903
Ga3T3Nb5,10.3792;0.6006;0.3608
Ga3Th3Nb5,10.3158;0.5988;0.3586
Ga3Lu3Nb5,10.348;0.6067;0.3681
Ga3Ag3Nb5,10.0935;0.59;0.3481
Ga3Cd3Nb5,10.3564;0.6039;0.3647
Ga3Br3Nb5,10.3193;0.592;0.3505
Ga3I3Nb5,10.3727;0.6003;0.3604
Ga3Dy3Nb5,10.3373;0.6013;0.3616
Ga3D3Nb5,10.376;0.6022;0.3626
Ga3Cs3Nb5,10.3195;0.6046;0.3655
Ga3Tc3Nb5,9.7616;0.6089;0.3708
Ga3Pu3Nb5,10.4041;0.5735;0.3289
Ga3Am3Nb5,10.3792;0.6006;0.3608
Ga3Cm3Nb5,10.3792;0.6006;0.3608
Ga3Po3Nb5,10.3792;0.6006;0.3608
Al3Sr3Nb5,9.5677;0.4814;0.2317
Al3W3Nb5,10.0367;0.4545;0.2066
Al3Be3Nb5,9.6343;0.4631;0.2145
Al3Tl3Nb5,9.8216;0.4804;0.2307
Al3Hf3Nb5,9.699;0.4304;0.1852
Al3Sm3Nb5,9.7203;0.459;0.2106
Al3Tb3Nb5,9.6755;0.4602;0.2117
Al3B3Mg5,10.1413;0.7508;0.5638
Al3In3Nb5,9.5778;0.4474;0.2001
Al3Ho3Nb5,9.7161;0.4602;0.2118
Al3Se3Nb5,10.3434;0.5667;0.3211
Al3Hg3Nb5,9.725;0.4674;0.2185
Al3Eu3Nb5,9.7267;0.469;0.22
Al3Mg3B5,13.4637;0.7618;0.5804
Al3Mg3Li5,9.455;0.6688;0.4473
Al3Er3Nb5,9.6384;0.4693;0.2203
Al3Zn3Nb5,9.5357;0.4888;0.2389
Al3Np3Nb5,9.605;0.5045;0.2546
Al3Si3Nb5,10.8652;0.5735;0.3289
Al3P3Nb5,10.2941;0.4494;0.202
Al3Ta3Nb5,9.8001;0.3988;0.159
Al3Na3Nb5,9.7247;0.468;0.219
Al3Ge3Nb5,11.1005;0.2897;0.0839
Al3Pa3Nb5,9.7308;0.4671;0.2181
Al3T3Nb5,9.7306;0.4671;0.2182
Al3Cd3Nb5,9.686;0.4539;0.206
Al3Br3Nb5,9.6567;0.4489;0.2015
Al3I3Nb5,9.722;0.4639;0.2152
Al3Dy3Nb5,9.7214;0.4659;0.2171
Al3D3Nb5,9.7429;0.4703;0.2212
Al3Cs3Nb5,9.6576;0.4728;0.2236
Al3Pu3Nb5,9.7236;0.4717;0.2225
Al3Am3Nb5,9.6568;0.472;0.2228
Al3Cm3Nb5,9.7308;0.4671;0.2181
Al3Po3Nb5,9.7308;0.4671;0.2181
Sr3N3Li5,11.5461;0.5176;0.2679
Sr3Cl3N5,9.7712;0.5548;0.3078
Sr3B3Mg5,9.7868;0.841;0.7072
Sr3C3Mg5,12.8916;0.796;0.6336
Sr3Mg3B5,14.0176;0.9376;0.8791
Sr3Mg3Li5,11.6606;0.8144;0.6632
Sr3Li3N5,11.2294;0.5025;0.2525
Sr3Li3Mg5,10.2741;0.9376;0.8791
Co3N3Li5,10.3087;0.5219;0.2724
Co3B3Mg5,10.2231;0.8875;0.7877
Co3C3Mg5,12.9032;0.7165;0.5134
Co3Mn3Mg5,9.3589;1.0715;1.1481
Co3Mg3B5,14.175;0.928;0.8611
Co3Mg3Li5,11.9169;0.8683;0.754
Co3Li3N5,10.131;0.5106;0.2607
Co3Li3Mg5,10.5165;0.9055;0.82
Co3Pu3Ga5,10.3172;0.4066;0.1653
Re3N3Li5,11.3039;0.5318;0.2828
Re3Cl3N5,9.6763;0.5704;0.3253
Re3B3Mg5,10.3592;0.8046;0.6474
Re3C3Mg5,13.0117;0.7737;0.5986
Re3Mg3B5,14.4528;0.931;0.8668
Re3Mg3Li5,11.4812;0.7699;0.5928
Re3Li3N5,11.0027;0.5233;0.2739
Re3Li3Mg5,10.2413;0.9065;0.8217
W3N3Li5,10.8658;0.5201;0.2705
W3Nb3C5,9.7527;0.2613;0.0683
W3B3Mg5,9.8387;0.8275;0.6847
W3C3Mg5,13.0905;0.7838;0.6143
W3Mg3B5,13.7001;0.9941;0.9882
W3Mg3C5,9.6214;0.7026;0.4937
W3Mg3Li5,11.2458;0.79;0.6241
W3Li3N5,10.4254;0.4984;0.2484
W3Li3Mg5,9.8279;0.9275;0.8602
N3Be3Li5,11.6002;0.4861;0.2363
N3Nb3Cl5,9.8538;0.4876;0.2377
N3Nb3C5,14.8063;0.272;0.074
N3Nb3Ti5,10.593;0.3885;0.151
N3Nb3Li5,11.3184;0.4993;0.2493
N3Nb3Br5,10.0478;0.4615;0.2129
N3Tl3C5,9.6835;0.4458;0.1987
N3Tl3Li5,11.6498;0.4885;0.2386
N3Y3Li5,10.7982;0.5442;0.2962
N3Hf3Nb5,10.2549;0.4436;0.1968
N3Hf3Cl5,15.4364;0.6781;0.4599
N3Hf3C5,10.4105;0.4091;0.1673
N3Hf3Li5,19.3984;0.5691;0.3238
N3Hf3Na5,9.7319;0.5564;0.3096
N3Hf3Br5,12.3928;0.6135;0.3763
N3Cl3Ba5,14.0052;0.4871;0.2372
N3Cl3K5,12.5904;0.4368;0.1908
N3Cl3Fe5,12.1214;0.5241;0.2747
N3Cl3As5,12.3829;0.5104;0.2605
N3Cl3Ca5,12.1361;0.5403;0.2919
N3Cl3La5,11.9885;0.5137;0.2639
N3Cl3Cu5,11.1945;0.5936;0.3523
N3Cl3O5,12.2363;0.5087;0.2588
N3Cl3Mo5,10.9258;0.5175;0.2678
N3Cl3Ru5,12.0987;0.5408;0.2924
N3Cl3Tm5,12.517;0.5034;0.2534
N3Cl3Os5,11.8282;0.5359;0.2871
N3Cl3Sn5,11.9721;0.504;0.254
N3Cl3Nd5,12.4773;0.497;0.247
N3Cl3Bi5,11.8938;0.5402;0.2918
N3Cl3Pb5,12.1561;0.4946;0.2447
N3Cl3S5,10.9791;0.5611;0.3148
N3Cl3F5,12.4533;0.5022;0.2522
N3Cl3V5,11.5968;0.5075;0.2576
N3Cl3Ga5,10.1212;0.5807;0.3372
N3Cl3Sr5,12.4571;0.4973;0.2473
N3Cl3Co5,10.6634;0.5536;0.3064
N3Cl3Re5,12.3358;0.515;0.2652
N3Cl3W5,12.0897;0.5055;0.2555
N3Cl3Be5,12.4801;0.5108;0.2609
N3Cl3Nb5,10.7544;0.4722;0.223
N3Cl3Tl5,12.5293;0.5013;0.2513
N3Cl3Y5,10.6495;0.5527;0.3055
N3Cl3Hf5,17.6123;0.5058;0.2558
N3Cl3Sm5,12.5193;0.5036;0.2536
N3Cl3Ni5,11.9855;0.4908;0.2409
N3Cl3Tb5,12.4916;0.4997;0.2497
N3Cl3B5,10.8621;0.5063;0.2563
N3Cl3C5,10.8532;0.4339;0.1883
N3Cl3Gd5,12.4824;0.5044;0.2544
N3Cl3In5,11.8206;0.5496;0.3021
N3Cl3Pd5,11.4176;0.5769;0.3329
N3Cl3Zr5,13.357;0.1786;0.0319
N3Cl3Mn5,12.3977;0.5216;0.2721
N3Cl3Ho5,12.5082;0.5059;0.256
N3Cl3Se5,11.6872;0.5142;0.2644
N3Cl3Hg5,12.5206;0.5022;0.2522
N3Cl3Eu5,12.5152;0.5006;0.2506
N3Cl3Rb5,11.4664;0.5565;0.3097
N3Cl3Pr5,11.6657;0.5692;0.324
N3Cl3Mg5,9.47;0.5779;0.334
N3Cl3Sb5,11.3817;0.5513;0.304
N3Cl3Er5,12.4681;0.4913;0.2413
N3Cl3Rh5,11.335;0.5931;0.3518
N3Cl3Au5,11.6276;0.5131;0.2632
N3Cl3Zn5,12.7752;0.4429;0.1962
N3Cl3Li5,15.0445;0.3967;0.1573
N3Cl3Np5,12.5187;0.5037;0.2537
N3Cl3Si5,11.7025;0.5382;0.2897
N3Cl3P5,12.4872;0.503;0.253
N3Cl3Ta5,12.4222;0.5469;0.2991
N3Cl3Na5,14.869;0.2864;0.082
N3Cl3H5,12.3204;0.4781;0.2286
N3Cl3Pt5,11.6498;0.5308;0.2817
N3Cl3Ge5,11.6462;0.5295;0.2804
N3Cl3Pa5,12.5235;0.5009;0.2509
N3Cl3Te5,10.2957;0.6107;0.3729
N3Cl3Ir5,10.1248;0.6037;0.3645
N3Cl3Yb5,12.5128;0.5016;0.2516
N3Cl3T5,12.5213;0.5047;0.2547
N3Cl3U5,9.6405;0.5519;0.3046
N3Cl3Th5,12.1026;0.5415;0.2932
N3Cl3Lu5,12.4288;0.5145;0.2647
N3Cl3Ag5,9.6219;0.5504;0.3029
N3Cl3Cd5,12.4841;0.516;0.2663
N3Cl3Br5,12.9797;0.5303;0.2813
N3Cl3I5,12.8108;0.5233;0.2739
N3Cl3Dy5,12.5095;0.5047;0.2547
N3Cl3Sc5,12.1986;0.4954;0.2454
N3Cl3Cr5,10.7602;0.6221;0.387
N3Cl3D5,12.5658;0.4966;0.2466
N3Cl3Cs5,12.4235;0.539;0.2905
N3Cl3Tc5,12.5573;0.4927;0.2428
N3Cl3Pu5,12.5177;0.4998;0.2498
N3Cl3Am5,12.518;0.5036;0.2536
N3Cl3Cm5,12.5177;0.5035;0.2535
N3Cl3Po5,12.5177;0.5035;0.2535
N3Sm3Li5,11.6451;0.4905;0.2406
N3Ni3Li5,11.2858;0.4612;0.2127
N3Tb3Li5,11.6051;0.48;0.2304
N3B3Li5,9.9436;0.5437;0.2956
N3C3As5,9.8063;0.3519;0.1238
N3C3Ca5,9.8128;0.3248;0.1055
N3C3La5,9.6413;0.3811;0.1453
N3C3Tm5,9.8641;0.3445;0.1187
N3C3Sn5,9.6913;0.3379;0.1142
N3C3F5,9.7543;0.3485;0.1214
N3C3Sr5,9.8536;0.3376;0.114
N3C3Re5,9.8172;0.3368;0.1134
N3C3Be5,9.8944;0.3299;0.1089
N3C3Nb5,16.4196;0.157;0.0246
N3C3Tl5,10.0679;0.3947;0.1558
N3C3Hf5,10.5929;0.3895;0.1517
N3C3Cl5,9.6875;0.439;0.1927
N3C3Sm5,9.8567;0.3396;0.1153
N3C3Ho5,9.8708;0.3432;0.1178
N3C3Hg5,9.7768;0.3474;0.1207
N3C3Eu5,9.9373;0.3382;0.1144
N3C3Mg5,12.4539;0.6276;0.3939
N3C3Er5,9.7708;0.3415;0.1166
N3C3Zn5,9.7525;0.419;0.1756
N3C3Li5,11.5333;0.3956;0.1565
N3C3Np5,9.9377;0.337;0.1136
N3C3P5,9.9029;0.3335;0.1112
N3C3Ta5,10.9317;0.1455;0.0212
N3C3Na5,11.4878;0.3294;0.1085
N3C3Pa5,9.9384;0.3377;0.114
N3C3Yb5,10.0131;0.3334;0.1111
N3C3T5,9.939;0.3376;0.114
N3C3Cd5,9.9145;0.333;0.1109
N3C3Br5,11.0673;0.3373;0.1138
N3C3I5,10.6709;0.3681;0.1355
N3C3D5,9.9798;0.3397;0.1154
N3C3Tc5,10.0197;0.32;0.1024
N3C3Pu5,9.9344;0.3441;0.1184
N3C3Am5,9.9381;0.3379;0.1142
N3C3Cm5,9.9381;0.3379;0.1142
N3C3Po5,9.9381;0.3379;0.1142
N3Gd3Li5,11.5982;0.4943;0.2444
N3In3Li5,11.1747;0.4976;0.2476
N3Pd3Li5,10.7909;0.4834;0.2337
N3Zr3Nb5,11.0129;0.2863;0.082
N3Zr3Cl5,13.6454;0.1819;0.0331
N3Zr3Li5,11.4686;0.4326;0.1872
N3Zr3Br5,11.5147;0.3856;0.1487
N3Mn3Li5,11.4678;0.503;0.253
N3Ho3Li5,11.6315;0.4867;0.2369
N3Se3Li5,10.7767;0.5604;0.314
N3Ti3K5,9.4764;0.5947;0.3537
N3Ti3Nb5,10.8247;0.3475;0.1207
N3Ti3C5,10.4091;0.3995;0.1596
N3Ti3Li5,11.0891;0.567;0.3215
N3Ti3Br5,10.4495;0.4967;0.2467
N3Hg3Li5,9.9203;0.5814;0.338
N3Eu3Li5,11.6443;0.4912;0.2413
N3Rb3Li5,10.3768;0.5288;0.2796
N3Pr3Li5,10.703;0.5724;0.3277
N3Mg3B5,11.5396;1.0958;1.2007
N3Mg3C5,10.747;0.5935;0.3523
N3Mg3Li5,13.6045;0.7465;0.5572
N3Sb3Li5,10.5789;0.5394;0.291
N3Er3Li5,11.5277;0.4869;0.237
N3Rh3Li5,9.9375;0.5161;0.2664
N3Au3Li5,11.1635;0.5369;0.2882
N3Zn3Cl5,9.9597;0.5437;0.2956
N3Zn3Li5,11.3808;0.5275;0.2782
N3Li3Ba5,11.18;0.5557;0.3088
N3Li3K5,10.9704;0.4454;0.1983
N3Li3Fe5,11.4107;0.4552;0.2072
N3Li3As5,11.9736;0.5075;0.2576
N3Li3Ca5,12.6733;0.5521;0.3048
N3Li3La5,11.5849;0.4603;0.2119
N3Li3Cu5,10.16;0.5359;0.2872
N3Li3O5,12.2386;0.4835;0.2337
N3Li3Mo5,9.7706;0.5128;0.2629
N3Li3Ru5,11.7698;0.506;0.256
N3Li3Tm5,12.1345;0.459;0.2107
N3Li3Os5,11.4577;0.5141;0.2643
N3Li3Sn5,11.5311;0.4223;0.1784
N3Li3Nd5,12.0438;0.491;0.2411
N3Li3Bi5,10.293;0.5352;0.2864
N3Li3Pb5,12.1183;0.4322;0.1868
N3Li3F5,11.8706;0.4487;0.2013
N3Li3V5,10.5618;0.532;0.283
N3Li3Ga5,9.922;0.536;0.2873
N3Li3Sr5,12.0501;0.4669;0.218
N3Li3Co5,10.2091;0.5116;0.2618
N3Li3Re5,11.8554;0.4798;0.2302
N3Li3W5,11.2504;0.516;0.2662
N3Li3Be5,12.0954;0.4546;0.2067
N3Li3Nb5,10.0982;0.4434;0.1966
N3Li3Tl5,12.1519;0.4554;0.2074
N3Li3Y5,10.9315;0.5324;0.2835
N3Li3Hf5,19.2005;0.5506;0.3031
N3Li3Cl5,14.201;0.4695;0.2204
N3Li3Sm5,12.1358;0.459;0.2107
N3Li3Ni5,11.472;0.4425;0.1958
N3Li3Tb5,12.0927;0.4483;0.201
N3Li3B5,9.5469;0.547;0.2992
N3Li3C5,11.3711;0.4203;0.1766
N3Li3Gd5,12.0871;0.4529;0.2051
N3Li3In5,11.5188;0.4862;0.2364
N3Li3Pd5,11.4118;0.4346;0.1889
N3Li3Zr5,11.7651;0.4063;0.1651
N3Li3Mn5,11.9504;0.4862;0.2364
N3Li3Ho5,12.1193;0.4582;0.2099
N3Li3Se5,11.1754;0.5316;0.2825
N3Li3Ti5,10.74;0.5266;0.2773
N3Li3Hg5,10.3531;0.5545;0.3075
N3Li3Eu5,12.1352;0.4598;0.2114
N3Li3Rb5,10.853;0.4982;0.2482
N3Li3Pr5,11.1715;0.539;0.2905
N3Li3Mg5,12.8651;0.7495;0.5617
N3Li3Sb5,11.0152;0.5454;0.2975
N3Li3Er5,12.0322;0.4511;0.2035
N3Li3Rh5,10.3481;0.509;0.2591
N3Li3Au5,11.1147;0.5498;0.3023
N3Li3Zn5,11.8898;0.4916;0.2417
N3Li3Np5,12.1368;0.4561;0.208
N3Li3Si5,11.2706;0.5277;0.2785
N3Li3P5,11.5883;0.4821;0.2324
N3Li3Ta5,11.9898;0.4561;0.208
N3Li3Na5,12.4634;0.3557;0.1265
N3Li3H5,11.3729;0.4762;0.2267
N3Li3Pt5,10.4471;0.612;0.3745
N3Li3Ge5,11.3352;0.4854;0.2356
N3Li3Pa5,12.1428;0.4586;0.2103
N3Li3Te5,9.951;0.5019;0.2519
N3Li3Ir5,9.5375;0.5005;0.2505
N3Li3Yb5,12.1253;0.4673;0.2183
N3Li3T5,12.1405;0.4578;0.2096
N3Li3Th5,11.7126;0.5176;0.2679
N3Li3Lu5,11.972;0.4414;0.1948
N3Li3Ag5,10.8466;0.4623;0.2137
N3Li3Cd5,12.0899;0.4562;0.2081
N3Li3Br5,15.8425;0.4611;0.2126
N3Li3I5,15.1278;0.5031;0.2532
N3Li3Dy5,12.1243;0.4622;0.2137
N3Li3Sc5,11.7563;0.4861;0.2363
N3Li3Cr5,10.1535;0.5238;0.2743
N3Li3D5,12.2115;0.4645;0.2158
N3Li3Cs5,11.8628;0.4801;0.2305
N3Li3Tc5,12.2081;0.4538;0.2059
N3Li3Pu5,12.1338;0.4393;0.193
N3Li3Am5,12.1367;0.4583;0.21
N3Li3Cm5,12.1365;0.4586;0.2103
N3Li3Po5,12.1365;0.4586;0.2103
N3Np3Li5,11.6449;0.4888;0.2389
N3Si3Li5,11.2256;0.5423;0.2941
N3P3Li5,11.3634;0.4929;0.2429
N3Ta3C5,10.3225;0.2399;0.0576
N3Ta3Li5,11.7;0.4756;0.2262
N3Na3Cl5,12.8132;0.4615;0.213
N3Na3C5,11.3097;0.3453;0.1192
N3Na3Li5,12.0183;0.3808;0.145
N3Na3Br5,10.0427;0.5328;0.2838
N3H3Li5,10.8873;0.5113;0.2615
N3Pt3Li5,10.7491;0.524;0.2746
N3Ge3Li5,11.2081;0.482;0.2324
N3Pa3Li5,11.6451;0.4899;0.24
N3Te3Li5,9.7111;0.5285;0.2793
N3Yb3Li5,11.6331;0.4972;0.2473
N3T3Li5,11.6449;0.4898;0.2399
N3Th3Li5,11.2564;0.5321;0.2831
N3Lu3Li5,11.495;0.4692;0.2202
N3Ag3Li5,10.3745;0.5068;0.2568
N3Cd3Li5,11.6132;0.485;0.2352
N3Br3K5,12.0175;0.4895;0.2396
N3Br3Hf5,11.9206;0.5435;0.2954
N3Br3Cl5,10.5476;0.57;0.3249
N3Br3C5,10.6421;0.3401;0.1157
N3Br3Zr5,11.1969;0.3551;0.1261
N3Br3Li5,15.4417;0.442;0.1954
N3Br3Na5,10.156;0.5409;0.2926
N3I3Cl5,9.5663;0.5324;0.2835
N3I3C5,10.1697;0.4089;0.1672
N3I3Li5,14.6366;0.4919;0.242
N3Dy3Li5,11.634;0.492;0.242
N3Sc3Li5,11.2737;0.4942;0.2442
N3Cr3Li5,9.7898;0.5438;0.2957
N3D3Li5,11.686;0.4916;0.2417
N3Cs3Li5,11.3854;0.491;0.2411
N3Tc3Li5,11.6601;0.4947;0.2448
N3Pu3Li5,11.6309;0.4744;0.2251
N3Am3Li5,11.6451;0.4899;0.24
N3Cm3Li5,11.6451;0.4899;0.24
N3Po3Li5,11.6451;0.4899;0.24
Be3Cl3N5,9.7804;0.5583;0.3117
Be3B3Mg5,9.6054;0.7449;0.5549
Be3C3Mg5,12.8837;0.7739;0.5989
Be3Mg3B5,11.7253;0.8252;0.6809
Be3Mg3Li5,11.9428;0.7902;0.6244
Be3Li3N5,11.2756;0.4902;0.2403
Be3Li3Mg5,10.4561;0.9106;0.8292
Nb3Cl3N5,11.3142;0.4903;0.2404
Nb3Ni3C5,10.2595;0.4073;0.1659
Nb3C3N5,14.277;0.2837;0.0805
Nb3C3Mg5,12.742;0.7442;0.5538
Nb3Zr3N5,10.3155;0.446;0.1989
Nb3Ti3N5,14.1885;0.3065;0.0939
Nb3Mg3B5,12.9595;1.0364;1.074
Nb3Mg3C5,9.9368;0.7052;0.4974
Nb3Mg3Li5,10.4519;0.7975;0.636
Nb3Li3N5,12.0027;0.5305;0.2815
Nb3Li3Mg5,9.4081;0.8732;0.7625
Nb3Na3N5,10.2358;0.4064;0.1651
Nb3Br3N5,10.9175;0.4813;0.2317
Nb3I3N5,10.1453;0.4353;0.1895
Tl3Hf3Nb5,10.708;0.3939;0.1551
Tl3Cl3N5,9.816;0.5511;0.3037
Tl3Ni3Nb5,9.8022;0.4898;0.2399
Tl3C3Mg5,11.9847;0.8126;0.6603
Tl3Zr3Nb5,9.9822;0.3509;0.1231
Tl3Mg3B5,11.2153;0.9284;0.8619
Tl3Mg3Li5,10.829;0.7053;0.4974
Tl3Li3N5,11.3349;0.4888;0.2389
Y3C3Mg5,9.8057;0.8933;0.798
Y3Pd3Ni5,14.6336;0.2896;0.0838
Y3Pd3C5,9.3414;0.7149;0.511
Y3Mg3B5,13.1084;0.8662;0.7503
Y3Mg3Li5,10.7235;0.8782;0.7713
Y3Li3N5,10.4889;0.5494;0.3018
Y3Li3Mg5,9.2706;0.9215;0.8492
Y3Th3C5,10.6425;0.4091;0.1673
Hf3Cl3N5,15.0701;0.5032;0.2532
Hf3Cl3Nb5,10.6929;0.3561;0.1268
Hf3Cl3Li5,11.8722;0.5785;0.3346
Hf3Cl3Ta5,9.9381;0.4042;0.1634
Hf3Ni3Nb5,10.4876;0.3797;0.1442
Hf3B3Mg5,9.7014;0.8274;0.6845
Hf3C3N5,9.6757;0.3849;0.1482
Hf3C3Mg5,12.9512;0.7941;0.6306
Hf3Mg3B5,14.1623;0.9397;0.8831
Hf3Mg3Li5,13.159;0.8933;0.798
Hf3Li3Ca5,11.8193;0.5176;0.2679
Hf3Li3O5,10.6436;0.5344;0.2855
Hf3Li3Pb5,9.7258;0.4661;0.2173
Hf3Li3N5,17.8742;0.5507;0.3032
Hf3Li3Nb5,9.7921;0.4648;0.2161
Hf3Li3Cl5,11.0798;0.6805;0.4631
Hf3Li3Mg5,11.9689;1.045;1.092
Hf3Li3Br5,11.3826;0.7217;0.5208
Hf3Li3I5,10.0166;0.6415;0.4115
Hf3Np3Nb5,9.6534;0.3524;0.1242
Hf3P3Ru5,9.9227;0.1451;0.0211
Hf3P3Nb5,9.8093;0.3459;0.1196
Hf3Na3Nb5,9.7023;0.343;0.1177
Hf3Pa3Nb5,9.6534;0.3524;0.1242
Hf3T3Nb5,9.6532;0.3521;0.124
Hf3Br3N5,10.6561;0.6065;0.3678
Hf3Br3Nb5,9.7918;0.3519;0.1239
Hf3Br3Li5,11.3635;0.6794;0.4616
Hf3I3Nb5,9.7028;0.354;0.1253
Hf3I3Li5,10.0615;0.6298;0.3966
Hf3Am3Nb5,9.6534;0.3524;0.1242
Hf3Cm3Nb5,9.6534;0.3524;0.1242
Hf3Po3Nb5,9.6534;0.3524;0.1242
Cl3Sm3N5,9.8051;0.551;0.3036
Cl3Ni3N5,9.8494;0.564;0.3181
Cl3Tb3N5,9.7821;0.5499;0.3024
Cl3B3Mg5,9.9213;0.7918;0.627
Cl3C3N5,9.8066;0.4318;0.1865
Cl3C3Mg5,11.372;0.7587;0.5756
Cl3Gd3N5,9.7783;0.539;0.2905
Cl3In3N5,9.513;0.5366;0.2879
Cl3Zr3N5,12.3854;0.2253;0.0508
Cl3Mn3N5,9.7254;0.5575;0.3108
Cl3Ho3N5,9.7965;0.5493;0.3017
Cl3Ti3N5,9.4943;0.5466;0.2987
Cl3Hg3N5,9.8032;0.5477;0.3
Cl3Eu3N5,9.7992;0.5452;0.2972
Cl3Mg3B5,13.9471;0.9743;0.9493
Cl3Mg3Li5,12.1006;0.7881;0.6211
Cl3Er3N5,9.7558;0.5497;0.3021
Cl3Zn3N5,10.47;0.5051;0.2552
Cl3Li3Ca5,10.4235;0.3751;0.1407
Cl3Li3O5,9.6704;0.4385;0.1923
Cl3Li3N5,14.3954;0.5534;0.3062
Cl3Li3Hf5,11.9362;0.5962;0.3555
Cl3Li3Mg5,11.1975;0.9664;0.9338
Cl3Np3N5,9.8031;0.5481;0.3004
Cl3Si3N5,9.6665;0.5804;0.3368
Cl3P3N5,9.7977;0.5494;0.3018
Cl3Ta3N5,10.117;0.532;0.283
Cl3Na3N5,13.0589;0.4834;0.2337
Cl3H3N5,9.6764;0.5398;0.2914
Cl3Pt3N5,9.8341;0.5589;0.3124
Cl3Pa3N5,9.8017;0.5487;0.3011
Cl3Yb3N5,9.7987;0.5456;0.2977
Cl3T3N5,9.8022;0.5486;0.301
Cl3Th3N5,9.5267;0.5287;0.2796
Cl3Lu3N5,9.7528;0.5549;0.3079
Cl3Cd3N5,9.7817;0.5528;0.3056
Cl3Br3N5,10.9047;0.4822;0.2325
Cl3I3N5,10.1809;0.5656;0.3199
Cl3Dy3N5,9.7953;0.5492;0.3017
Cl3D3N5,9.862;0.5517;0.3043
Cl3Cs3N5,9.7297;0.5633;0.3173
Cl3Tc3N5,9.8297;0.5425;0.2943
Cl3Pu3N5,9.8072;0.5488;0.3012
Cl3Am3N5,9.802;0.5487;0.3011
Cl3Cm3N5,9.8017;0.5487;0.3011
Cl3Po3N5,9.8017;0.5487;0.3011
Sm3B3Mg5,9.709;0.8436;0.7116
Sm3C3Mg5,12.9257;0.7705;0.5937
Sm3Mg3B5,13.8502;0.9478;0.8983
Sm3Mg3Li5,11.7954;0.8259;0.6821
Sm3Li3N5,11.3158;0.4886;0.2387
Sm3Li3Mg5,10.3519;0.9356;0.8754
Ni3C3Nb5,16.6179;0.2106;0.0443
Ni3C3Mg5,12.3886;0.7391;0.5463
Ni3Mg3B5,12.2744;0.8543;0.7298
Ni3Mg3Li5,10.9489;0.7612;0.5794
Ni3Li3N5,11.2098;0.4945;0.2445
Ni3Li3Mg5,9.8394;0.9368;0.8776
Tb3B3Mg5,9.3826;0.8493;0.7213
Tb3C3Mg5,10.7991;0.7592;0.5765
Tb3Mg3B5,13.0947;1.0642;1.1325
Tb3Mg3Li5,11.7301;0.821;0.6741
Tb3Li3N5,11.2743;0.4798;0.2302
Tb3Li3Mg5,10.2938;0.9374;0.8788
Ce3Mg3B5,10.9573;0.9778;0.9561
Ce3Mg3Li5,9.1907;0.921;0.8483
B3C3Mg5,16.2943;0.7252;0.526
B3Gd3Mg5,9.4845;0.8399;0.7055
B3Zr3Mg5,10.6569;1.0029;1.0057
B3Mn3Mg5,13.8195;1.1673;1.3626
B3Ho3Mg5,9.6083;0.8387;0.7035
B3Se3Mg5,9.8302;0.8373;0.701
B3Ti3Mg5,11.844;1.0055;1.011
B3Eu3Mg5,9.785;0.8319;0.6921
B3Pr3Mg5,9.4676;0.8284;0.6862
B3Mg3C5,10.0246;0.7333;0.5378
B3Mg3Li5,11.6994;0.787;0.6193
B3Er3Mg5,9.3214;0.8631;0.745
B3Li3N5,9.5729;0.5626;0.3165
B3Li3Mg5,13.7915;0.9994;0.9988
B3Np3Mg5,9.8538;0.8416;0.7083
B3P3Mg5,9.8833;0.8394;0.7046
B3Ta3Mg5,9.851;0.8454;0.7148
B3Na3Mg5,11.1257;0.9219;0.8499
B3H3Mg5,10.0047;0.8082;0.6532
B3Pt3Mg5,9.2594;0.8076;0.6523
B3Ge3Mg5,9.5047;0.7742;0.5995
B3Pa3Mg5,9.8473;0.8414;0.708
B3Yb3Mg5,9.6903;0.8671;0.7518
B3T3Mg5,9.8449;0.8403;0.7062
B3Th3Mg5,9.7014;0.8569;0.7343
B3Lu3Mg5,9.7623;0.8264;0.6829
B3Cd3Mg5,9.7106;0.8491;0.7209
B3Br3Mg5,9.8953;0.7977;0.6364
B3I3Mg5,9.8633;0.8408;0.7069
B3Dy3Mg5,9.5298;0.8497;0.722
B3Sc3Mg5,9.5439;0.7768;0.6035
B3D3Mg5,10.7329;0.8071;0.6515
B3Cs3Mg5,9.6513;0.8619;0.7428
B3Tc3Mg5,10.3;0.8266;0.6833
B3Pu3Mg5,9.9019;0.8379;0.7021
B3Am3Mg5,9.8476;0.8413;0.7079
B3Cm3Mg5,9.8473;0.8414;0.708
B3Po3Mg5,9.8473;0.8414;0.708
C3Gd3Mg5,12.1378;0.7703;0.5934
C3In3Mg5,11.7848;0.8053;0.6485
C3Pd3B5,9.7541;0.716;0.5126
C3Pd3Mg5,11.7199;0.7189;0.5168
C3Zr3Mg5,12.4249;0.7709;0.5943
C3Mn3Mg5,13.4227;0.9158;0.8386
C3Ho3Mg5,12.9485;0.769;0.5914
C3Se3Mg5,12.9658;0.7749;0.6005
C3Ti3N5,10.2331;0.3708;0.1375
C3Ti3Mg5,14.0509;0.8362;0.6992
C3Hg3Mg5,11.6877;0.8203;0.673
C3Eu3Mg5,12.9946;0.7717;0.5955
C3Rb3Mg5,10.1329;0.7052;0.4973
C3Pr3Mg5,11.6674;0.7572;0.5733
C3Mg3Mo5,9.4738;0.6588;0.434
C3Mg3S5,9.5969;0.7046;0.4964
C3Mg3N5,10.707;0.6263;0.3922
C3Mg3B5,18.977;0.6681;0.4464
C3Mg3Li5,11.437;0.7783;0.6057
C3Mg3Na5,9.6362;0.9062;0.8212
C3Sb3Mg5,11.8096;0.8029;0.6446
C3Er3Mg5,12.7782;0.7372;0.5434
C3Rh3Mg5,10.3342;0.765;0.5852
C3Au3Mg5,11.9783;0.7977;0.6363
C3Zn3Mg5,11.4779;0.7316;0.5353
C3Li3N5,11.351;0.4323;0.1869
C3Li3Mg5,14.8597;0.7641;0.5839
C3Np3Mg5,12.9996;0.7713;0.595
C3Si3Mg5,12.0876;0.7388;0.5458
C3P3Mg5,12.9993;0.7692;0.5917
C3Ta3N5,10.4676;0.1333;0.0178
C3Ta3Mg5,13.1243;0.7736;0.5984
C3Na3N5,10.9997;0.3332;0.111
C3Na3Mg5,13.4207;0.82;0.6724
C3H3Mg5,13.2783;0.7108;0.5052
C3Pt3Mg5,12.6148;0.7936;0.6299
C3Ge3Mg5,12.4942;0.7619;0.5805
C3Pa3Mg5,12.9988;0.771;0.5945
C3Te3Mg5,11.098;0.7394;0.5468
C3Ir3Mg5,10.7569;0.915;0.8371
C3Yb3Mg5,13.0632;0.7666;0.5877
C3T3Mg5,12.9991;0.771;0.5945
C3Th3Mg5,12.9164;0.7592;0.5763
C3Lu3Mg5,11.9256;0.832;0.6922
C3Ag3Mg5,12.4633;0.7629;0.582
C3Cd3Mg5,12.9468;0.778;0.6053
C3Br3N5,10.4527;0.3153;0.0994
C3Br3Mg5,13.1576;0.7435;0.5528
C3I3N5,10.0398;0.3415;0.1166
C3I3Mg5,13.2512;0.7638;0.5834
C3Dy3Mg5,11.3953;0.8635;0.7456
C3Sc3Mg5,12.7333;0.7387;0.5457
C3Cr3Mg5,10.8595;0.8099;0.656
C3D3Mg5,13.1215;0.7665;0.5876
C3Cs3Mg5,10.4946;0.8113;0.6582
C3Tc3Mg5,13.0879;0.7697;0.5925
C3Pu3Mg5,13.01;0.7795;0.6076
C3Am3Mg5,12.999;0.771;0.5944
C3Cm3Mg5,12.9988;0.771;0.5945
C3Po3Mg5,12.9988;0.771;0.5945
Gd3Mg3B5,13.5318;0.9832;0.9667
Gd3Mg3Li5,11.7271;0.8157;0.6653
Gd3Li3N5,11.2691;0.4871;0.2373
Gd3Li3Mg5,10.2937;0.938;0.8798
In3Mg3B5,12.2916;0.8611;0.7415
In3Mg3Li5,11.2613;0.8595;0.7387
In3Li3N5,10.9983;0.4926;0.2427
In3Li3Mg5,10.0879;0.9827;0.9656
Pd3Mg3B5,13.7214;1.0619;1.1277
Pd3Mg3Li5,10.6916;0.8676;0.7528
Pd3Li3N5,10.4541;0.4515;0.2039
Pd3Li3Mg5,9.4053;0.81;0.6561
Zr3Mn3Mg5,8.896;1.1207;1.256
Zr3Mg3Nb5,9.6123;0.851;0.7242
Zr3Mg3B5,15.4775;1.1005;1.2112
Zr3Mg3Li5,12.2222;1.0141;1.0284
Zr3Li3N5,11.2546;0.4223;0.1783
Zr3Li3Mg5,10.8899;1.0431;1.0881
Zr3Br3N5,10.1466;0.433;0.1875
Mn3Ti3Mg5,10.3411;1.223;1.4958
Mn3Mg3B5,18.3368;0.9936;0.9872
Mn3Mg3Li5,12.2751;0.8218;0.6754
Mn3Li3N5,11.1522;0.4989;0.2489
Mn3Li3Mg5,13.2287;1.1425;1.3052
Mn3Na3Mg5,9.7335;1.1469;1.3153
Mn3H3Mg5,9.0197;1.1006;1.2113
Mn3D3Mg5,9.6222;1.01;1.0201
Mn3Tc3Mg5,9.0824;1.079;1.1643
Ho3Mg3B5,13.539;1.0053;1.0107
Ho3Mg3Li5,11.7692;0.8312;0.6908
Ho3Li3N5,11.2981;0.4862;0.2364
Ho3Li3Mg5,10.3154;0.9437;0.8905
Se3Mg3B5,14.1868;0.9479;0.8985
Se3Mg3Li5,11.185;0.8415;0.708
Se3Li3N5,10.3378;0.526;0.2767
Se3Li3Mg5,9.7579;0.8904;0.7928
Ti3Mg3Nb5,9.2628;0.7798;0.608
Ti3Mg3B5,16.7112;1.0434;1.0886
Ti3Mg3C5,10.2058;0.8398;0.7052
Ti3Mg3Li5,11.9079;0.9736;0.9479
Ti3Li3O5,10.4583;0.1168;0.0136
Ti3Li3N5,11.4801;0.512;0.2621
Ti3Li3Mg5,11.3009;1.0715;1.1482
Hg3Mg3B5,10.9579;0.8643;0.7471
Hg3Li3N5,9.7312;0.5336;0.2847
Eu3Mg3B5,13.9484;0.9464;0.8956
Eu3Mg3Li5,11.7955;0.8289;0.6871
Eu3Li3N5,11.3127;0.489;0.2391
Eu3Li3Mg5,10.3479;0.9398;0.8832
Rb3Mg3B5,13.3483;0.9213;0.8488
Rb3Mg3Li5,10.7131;0.8336;0.6949
Rb3Li3N5,10.1546;0.5269;0.2776
Rb3Li3Mg5,9.5708;0.9093;0.8269
Pr3Mg3B5,13.7959;0.9665;0.9341
Pr3Mg3Li5,11.6417;0.8315;0.6913
Pr3Li3N5,10.4139;0.53;0.2809
Pr3Li3Mg5,10.2391;0.932;0.8686
Mg3Sb3B5,12.9605;0.9831;0.9665
Mg3Sb3Li5,10.7215;0.8432;0.711
Mg3Er3B5,14.284;0.9802;0.9608
Mg3Er3Li5,11.563;0.8129;0.6608
Mg3Rh3B5,12.2631;0.8598;0.7393
Mg3Rh3Li5,9.8621;0.8516;0.7253
Mg3Au3B5,10.7094;0.73;0.5329
Mg3Au3Li5,10.8511;0.87;0.757
Mg3Zn3B5,11.5201;0.9899;0.9798
Mg3Zn3Li5,10.2007;0.8119;0.6591
Mg3Li3Ba5,10.0594;0.8778;0.7705
Mg3Li3Fe5,10.9866;0.9777;0.9559
Mg3Li3As5,10.9818;0.8226;0.6767
Mg3Li3Ca5,11.6316;0.8786;0.7719
Mg3Li3La5,10.3543;0.8012;0.6419
Mg3Li3O5,11.6949;0.8071;0.6515
Mg3Li3Ru5,10.7759;0.834;0.6955
Mg3Li3Tm5,11.1358;0.8313;0.691
Mg3Li3Os5,10.5255;0.8468;0.717
Mg3Li3Sn5,10.4752;0.8466;0.7168
Mg3Li3Nd5,10.9084;0.8295;0.6881
Mg3Li3Pb5,11.672;0.7637;0.5832
Mg3Li3S5,9.8622;0.7982;0.6372
Mg3Li3F5,10.9651;0.8217;0.6752
Mg3Li3V5,10.2736;0.8696;0.7563
Mg3Li3Ga5,9.2275;0.9246;0.8548
Mg3Li3Sr5,11.0836;0.8102;0.6563
Mg3Li3Co5,10.585;0.9154;0.838
Mg3Li3Re5,11.0894;0.7922;0.6275
Mg3Li3W5,10.6632;0.7821;0.6116
Mg3Li3N5,13.2567;0.7403;0.548
Mg3Li3Be5,11.3302;0.8078;0.6526
Mg3Li3Tl5,10.4967;0.7138;0.5094
Mg3Li3Y5,9.7347;0.8914;0.7946
Mg3Li3Hf5,12.7408;0.9159;0.8388
Mg3Li3Cl5,11.3238;0.8077;0.6524
Mg3Li3Sm5,11.1401;0.8326;0.6932
Mg3Li3Ni5,10.3748;0.8026;0.6442
Mg3Li3Tb5,11.0925;0.8309;0.6904
Mg3Li3B5,15.5058;0.9528;0.9079
Mg3Li3C5,11.0815;0.7707;0.5939
Mg3Li3Gd5,11.083;0.8229;0.6771
Mg3Li3In5,10.6456;0.8564;0.7335
Mg3Li3Pd5,10.3159;0.8529;0.7275
Mg3Li3Zr5,11.9126;1.046;1.0941
Mg3Li3Mn5,11.7074;0.8415;0.7081
Mg3Li3Ho5,11.1093;0.8348;0.6969
Mg3Li3Se5,10.5542;0.8347;0.6967
Mg3Li3Ti5,11.564;0.9525;0.9072
Mg3Li3Eu5,11.1476;0.8343;0.696
Mg3Li3Rb5,10.2652;0.8231;0.6776
Mg3Li3Pr5,11.0062;0.8463;0.7163
Mg3Li3Sb5,10.185;0.856;0.7327
Mg3Li3Er5,10.9754;0.8215;0.6749
Mg3Li3Rh5,9.3793;0.8607;0.7408
Mg3Li3Au5,9.349;0.9073;0.8232
Mg3Li3Zn5,9.8227;0.8159;0.6656
Mg3Li3Np5,11.152;0.8336;0.6949
Mg3Li3P5,10.4513;0.8229;0.6772
Mg3Li3Ta5,11.1491;0.8165;0.6666
Mg3Li3Na5,12.0744;0.9237;0.8532
Mg3Li3H5,10.684;0.8492;0.7211
Mg3Li3Ge5,10.4013;0.8648;0.7479
Mg3Li3Pa5,11.168;0.8319;0.692
Mg3Li3Te5,9.2877;0.7513;0.5645
Mg3Li3Ir5,9.4488;0.8226;0.6767
Mg3Li3Yb5,11.1463;0.8317;0.6917
Mg3Li3T5,11.1624;0.8308;0.6903
Mg3Li3Th5,10.9455;0.8363;0.6994
Mg3Li3Lu5,10.9621;0.8609;0.7411
Mg3Li3Ag5,10.2413;0.8548;0.7307
Mg3Li3Br5,12.0272;0.8623;0.7436
Mg3Li3I5,11.8055;0.8707;0.7582
Mg3Li3Dy5,11.1259;0.8319;0.6921
Mg3Li3Sc5,10.2958;0.8251;0.6808
Mg3Li3D5,11.4105;0.8218;0.6753
Mg3Li3Cs5,10.8115;0.832;0.6922
Mg3Li3Tc5,11.3683;0.8252;0.681
Mg3Li3Pu5,11.1455;0.8385;0.7031
Mg3Li3Am5,11.1543;0.8322;0.6926
Mg3Li3Cm5,11.1536;0.8317;0.6917
Mg3Li3Po5,11.1536;0.8317;0.6917
Mg3Np3B5,14.2519;0.9438;0.8908
Mg3Np3Li5,11.8025;0.8256;0.6816
Mg3Si3B5,10.7965;0.7622;0.581
Mg3Si3Li5,9.9441;0.8638;0.7462
Mg3P3B5,14.3062;0.9368;0.8775
Mg3P3Li5,11.2819;0.8336;0.695
Mg3Ta3B5,13.9442;0.9659;0.9329
Mg3Ta3C5,9.5006;0.7251;0.5258
Mg3Ta3Li5,11.7343;0.8234;0.6779
Mg3Na3B5,16.3316;1.0399;1.0813
Mg3Na3C5,9.834;0.903;0.8155
Mg3Na3Li5,12.7036;0.9247;0.855
Mg3H3B5,14.2447;0.9404;0.8844
Mg3H3C5,9.8194;0.6597;0.4352
Mg3H3Li5,11.1598;0.8706;0.758
Mg3Pt3B5,12.4109;0.9604;0.9224
Mg3Pt3Li5,10.0799;0.7529;0.5668
Mg3Ge3B5,13.6866;0.9421;0.8876
Mg3Ge3Li5,11.3421;0.8027;0.6443
Mg3Pa3B5,14.248;0.9438;0.8908
Mg3Pa3Li5,11.8031;0.8254;0.6813
Mg3Te3B5,11.8786;0.8779;0.7707
Mg3Te3Li5,9.9263;0.7362;0.542
Mg3Ir3Li5,9.6452;0.8295;0.6881
Mg3Yb3B5,13.8349;0.9398;0.8832
Mg3Yb3Li5,11.7897;0.8251;0.6808
Mg3T3B5,14.2486;0.9432;0.8897
Mg3T3Li5,11.8031;0.8253;0.6811
Mg3U3B5,10.7659;0.8946;0.8002
Mg3Th3B5,13.8496;0.9716;0.944
Mg3Th3Li5,11.6808;0.8267;0.6835
Mg3Lu3B5,14.836;0.961;0.9235
Mg3Lu3Li5,11.5399;0.848;0.7192
Mg3Ag3B5,13.1354;0.9899;0.9798
Mg3Ag3Li5,10.7104;0.8388;0.7036
Mg3Cd3B5,14.1383;0.9445;0.8921
Mg3Cd3Li5,11.7094;0.8269;0.6838
Mg3Br3B5,14.2736;0.9257;0.8569
Mg3Br3Li5,12.4899;0.8673;0.7523
Mg3I3B5,14.244;0.937;0.878
Mg3I3Li5,12.3912;0.8543;0.7298
Mg3Dy3B5,13.3966;1.0239;1.0484
Mg3Dy3Li5,11.7707;0.8249;0.6805
Mg3Sc3Li5,10.8552;0.8036;0.6458
Mg3D3B5,14.5514;0.9066;0.8219
Mg3D3Li5,11.8433;0.8072;0.6516
Mg3Cs3B5,14.0991;0.9465;0.8959
Mg3Cs3Li5,11.3955;0.8383;0.7027
Mg3Tc3B5,14.3713;0.928;0.8613
Mg3Tc3Li5,11.8249;0.8181;0.6694
Mg3Pu3B5,14.2255;0.924;0.8537
Mg3Pu3Li5,11.7625;0.8326;0.6932
Mg3Am3B5,14.2485;0.9441;0.8913
Mg3Am3Li5,11.8031;0.8254;0.6814
Mg3Cm3B5,14.248;0.9438;0.8908
Mg3Cm3Li5,11.8031;0.8254;0.6813
Mg3Po3B5,14.248;0.9438;0.8908
Mg3Po3Li5,11.8031;0.8254;0.6813
Sb3Li3N5,10.3051;0.5456;0.2976
Sb3Li3Mg5,9.4921;0.9159;0.8389
Er3Li3N5,11.2098;0.4749;0.2255
Er3Li3Mg5,10.2057;0.9382;0.8802
Rh3Li3N5,9.7363;0.4797;0.2302
Au3Li3N5,10.8526;0.5305;0.2815
Au3Li3Mg5,9.3753;0.9937;0.9874
Zn3Li3N5,11.0893;0.4975;0.2475
Li3Np3N5,11.3142;0.4856;0.2358
Li3Np3Mg5,10.3549;0.9422;0.8877
Li3Si3N5,10.9254;0.5268;0.2775
Li3Si3Mg5,9.2167;0.9138;0.835
Li3P3N5,10.9558;0.48;0.2304
Li3P3Mg5,9.9259;0.9425;0.8883
Li3Ta3N5,11.6388;0.4537;0.2059
Li3Ta3Mg5,10.3371;0.9292;0.8634
Li3Na3N5,11.8388;0.3827;0.1464
Li3Na3Mg5,10.9917;0.9207;0.8477
Li3H3N5,10.5818;0.5106;0.2607
Li3H3Mg5,9.8617;0.9661;0.9334
Li3Pt3N5,10.4506;0.5188;0.2692
Li3Ge3N5,10.8989;0.4612;0.2127
Li3Ge3Mg5,9.9837;0.9488;0.9002
Li3Pa3N5,11.3138;0.4884;0.2385
Li3Pa3Mg5,10.3536;0.9395;0.8827
Li3Yb3N5,11.304;0.4956;0.2456
Li3Yb3Mg5,10.3425;0.9369;0.8778
Li3T3N5,11.314;0.4883;0.2384
Li3T3Mg5,10.3531;0.9399;0.8834
Li3Th3N5,10.9655;0.4828;0.2331
Li3Th3Mg5,10.2639;0.9353;0.8749
Li3Lu3N5,11.1923;0.4688;0.2198
Li3Lu3Mg5,10.2615;0.945;0.893
Li3Ag3N5,10.2081;0.4866;0.2368
Li3Ag3Mg5,9.6477;0.9635;0.9284
Li3Cd3N5,11.2913;0.4808;0.2312
Li3Cd3Mg5,10.2906;0.9333;0.8711
Li3Br3Ca5,10.4503;0.4662;0.2174
Li3Br3N5,15.0536;0.4759;0.2265
Li3Br3Hf5,11.211;0.7732;0.5978
Li3Br3Mg5,11.2045;0.9419;0.8872
Li3I3Ca5,10.2253;0.4163;0.1733
Li3I3N5,14.2291;0.5236;0.2742
Li3I3Hf5,9.8638;0.6731;0.4531
Li3I3Mg5,10.9918;0.9885;0.977
Li3Dy3N5,11.3023;0.4919;0.242
Li3Dy3Mg5,10.3272;0.9378;0.8796
Li3Sc3N5,10.8963;0.4969;0.2469
Li3Sc3Mg5,10.1754;0.9331;0.8707
Li3Cr3N5,9.545;0.553;0.3058
Li3D3N5,11.4073;0.495;0.245
Li3D3Mg5,10.5253;0.929;0.863
Li3Cs3N5,11.058;0.4886;0.2387
Li3Cs3Mg5,10.0135;0.9359;0.876
Li3Tc3N5,11.3694;0.4895;0.2396
Li3Tc3Mg5,10.4792;0.9414;0.8861
Li3Pu3N5,11.3118;0.4684;0.2194
Li3Pu3Mg5,10.3516;0.9649;0.931
Li3Am3N5,11.3137;0.4884;0.2385
Li3Am3Mg5,10.3542;0.9396;0.8828
Li3Cm3N5,11.3138;0.4884;0.2385
Li3Cm3Mg5,10.3536;0.9395;0.8827
Li3Po3N5,11.3138;0.4884;0.2385
Li3Po3Mg5,10.3536;0.9395;0.8827

1465 of 317985 appear to be promising

hp_tune_min_nc_normal:

{'ccp_alpha': 0.0, 'criterion': 'squared_error', 'max_depth': None, 'max_leaf_nodes': None, 'max_samples': None, 'min_impurity_decrease': 0.0, 'min_samples_leaf': 1, 'min_samples_split': 2, 'min_weight_fraction_leaf': 0.0, 'n_estimators': 200, 'n_jobs': None, 'oob_score': False, 'random_state': None, 'verbose': 0, 'warm_start': False, 'max_features': 'sqrt', 'bootstrap': False}

Ba3K3O5,9.273;0.8515;0.725
Ba3As3N5,9.793;0.5474;0.2996
Ba3O3F5,12.4344;1.2216;1.4923
Ba3O3N5,11.1998;0.8792;0.7729
Ba3S3N5,9.7736;0.5725;0.3278
Ba3F3O5,16.9498;1.6;2.5602
Ba3F3N5,9.2951;0.9804;0.9611
Ba3Ga3N5,9.9376;0.617;0.3807
Ba3N3O5,12.4499;1.0022;1.0045
Ba3N3S5,10.4732;0.5841;0.3411
Ba3N3F5,9.7923;0.8641;0.7467
Ba3N3Cl5,12.5917;0.6458;0.4171
Ba3N3P5,9.7737;0.5708;0.3258
Ba3Cl3N5,12.52;0.5159;0.2662
Ba3Se3N5,10.0787;0.5759;0.3317
Ba3P3O5,11.2238;1.1963;1.4312
Ba3P3N5,10.1058;0.6597;0.4352
Ba3H3O5,9.8496;0.8972;0.805
Ba3H3Cl5,9.3772;0.9338;0.8721
Ba3Br3N5,11.109;0.5559;0.309
Ba3Cs3O5,10.0738;0.9459;0.8948
K3Bi3O5,12.7756;0.8305;0.6897
K3Bi3F5,9.4673;0.7733;0.5981
K3Bi3N5,11.4534;0.6739;0.4542
K3Pb3O5,9.7521;0.7055;0.4978
K3N3S5,10.151;0.4863;0.2364
K3N3Cl5,11.3485;0.4109;0.1688
K3N3Br5,10.5952;0.4567;0.2086
K3N3I5,9.4541;0.6291;0.3958
K3Tl3O5,9.3028;0.8109;0.6575
K3Cl3N5,10.9882;0.4328;0.1874
K3Se3O5,9.7108;0.5898;0.3479
K3Se3N5,10.1098;0.5323;0.2833
K3Hg3O5,10.9866;0.7295;0.5322
K3Mg3H5,11.6776;0.7332;0.5376
K3Br3O5,9.3625;0.6434;0.4139
K3Br3N5,11.118;0.4832;0.2335
K3I3N5,10.3918;0.403;0.1624
K3Po3O5,9.9149;0.7532;0.5673
Fe3Mg3H5,9.6129;0.7573;0.5735
As3La3N5,10.2399;0.5507;0.3033
As3Tm3N5,10.6918;0.6183;0.3823
As3Nd3N5,10.8931;0.6319;0.3992
As3Sr3N5,10.0972;0.463;0.2144
As3Y3N5,9.6756;0.412;0.1697
As3Sm3N5,11.1635;0.5968;0.3562
As3Tb3N5,10.7053;0.6133;0.3762
As3Ce3N5,10.0756;0.6418;0.4119
As3Gd3N5,10.9391;0.5954;0.3544
As3Ho3N5,10.7225;0.6268;0.3929
As3Eu3N5,10.7303;0.6159;0.3794
As3Pr3N5,10.7451;0.6138;0.3767
As3Er3N5,10.689;0.6253;0.391
As3Yb3N5,10.2574;0.6104;0.3726
As3Lu3N5,9.5499;0.6209;0.3855
As3Dy3N5,10.6533;0.6201;0.3845
Ca3Bi3N5,10.6523;0.5345;0.2857
Ca3N3S5,9.8975;0.4399;0.1935
Ca3N3Cl5,10.4512;0.4566;0.2085
Ca3N3Br5,11.6598;0.379;0.1436
Ca3Be3B5,9.3459;0.9353;0.8747
Ca3Cl3N5,9.5881;0.4905;0.2406
Ca3Mg3H5,11.1643;0.7932;0.6292
Ca3Li3B5,10.4905;0.8936;0.7984
Ca3Br3N5,9.7695;0.4034;0.1628
Ca3I3N5,10.1805;0.4449;0.1979
La3Ga3N5,9.5625;0.5193;0.2697
La3N3Cl5,10.2497;0.5295;0.2804
La3Cl3N5,10.9442;0.5085;0.2586
La3Br3N5,10.6623;0.4999;0.2499
Cu3Pd3H5,11.9823;0.3972;0.1578
Cu3Mg3H5,10.4205;0.7484;0.5602
Cu3Rh3H5,9.7009;0.4854;0.2356
Cu3Au3H5,9.9991;0.4964;0.2465
Cu3Pt3H5,10.7486;0.4353;0.1895
O3Sn3Ba5,9.4725;0.8585;0.7369
O3Bi3K5,10.059;0.8262;0.6826
O3Bi3Rb5,10.464;0.7031;0.4944
O3S3Li5,10.1996;0.6601;0.4357
O3Al3Li5,10.5919;0.7687;0.591
O3N3Mg5,11.3378;0.6474;0.4192
O3N3Na5,9.8938;0.6387;0.4079
O3Be3Mg5,10.7415;0.7024;0.4933
O3Cl3Li5,10.0744;0.6184;0.3824
O3B3Mg5,12.9485;0.7843;0.6151
O3B3Na5,10.3981;0.8343;0.6961
O3C3Mg5,12.4761;0.7358;0.5414
O3In3Ba5,9.6606;0.8899;0.7919
O3Rb3F5,9.6413;0.7057;0.498
O3Rb3N5,9.6128;0.6071;0.3686
O3Mg3F5,10.2555;0.6302;0.3972
O3Mg3N5,11.4452;0.732;0.5358
O3Mg3Be5,10.8142;0.715;0.5113
O3Mg3B5,13.47;0.9169;0.8407
O3Mg3C5,13.7811;1.0381;1.0777
O3Mg3Li5,12.4018;0.9811;0.9625
O3Mg3H5,12.3918;0.6543;0.4281
O3Sb3Ba5,9.5741;0.833;0.6939
O3Li3Mg5,13.0814;1.0435;1.0888
O3Li3Na5,9.4916;0.8718;0.76
O3Si3Li5,10.4022;0.7892;0.6229
O3P3Li5,10.163;0.6231;0.3882
O3Na3B5,9.4193;0.7998;0.6396
O3Na3Li5,9.5494;0.9325;0.8696
O3H3Mg5,12.585;0.8556;0.732
O3Cd3Ba5,9.1447;0.8579;0.736
O3Cs3F5,9.3519;0.6772;0.4586
O3Cs3N5,10.6287;0.5629;0.3169
Mo3Ru3Tc5,9.7655;0.2838;0.0806
Mo3N3Br5,9.9365;0.5322;0.2833
Mo3Nb3N5,10.0036;0.4321;0.1867
Mo3Nb3C5,9.7892;0.3474;0.1207
Mo3Ti3N5,10.1226;0.4419;0.1953
Ru3Mg3N5,9.7241;0.6422;0.4124
Tm3Sn3N5,9.6006;0.5581;0.3115
Tm3Ga3N5,10.5602;0.5464;0.2986
Tm3N3S5,10.1939;0.6789;0.4609
Tm3N3Cl5,10.6693;0.5973;0.3568
Tm3N3P5,10.0702;0.6106;0.3729
Tm3Se3N5,9.6618;0.6459;0.4172
Tm3Ge3N5,10.1834;0.6328;0.4004
Tm3Br3N5,10.3836;0.569;0.3238
Os3Mg3N5,9.7997;0.6322;0.3997
Sn3Nb3N5,10.3036;0.5436;0.2956
Sn3Y3N5,10.0915;0.5252;0.2758
Sn3Hf3N5,9.9408;0.7332;0.5375
Sn3Hf3Nb5,9.9439;0.5235;0.2741
Sn3Sm3N5,9.9229;0.6357;0.4042
Sn3Zr3N5,10.8572;0.4784;0.2289
Sn3Zr3Nb5,11.1658;0.4853;0.2355
Sn3Ho3N5,9.5121;0.5678;0.3224
Sn3Ti3N5,10.5626;0.4692;0.2201
Sn3Mg3N5,10.0643;0.7325;0.5366
Sn3Er3N5,9.596;0.5278;0.2786
Sn3Ta3Nb5,11.1597;0.4759;0.2265
Sn3Dy3N5,9.4682;0.5629;0.3169
Sn3Sc3N5,10.1279;0.4863;0.2365
Nd3Ga3N5,10.5853;0.5571;0.3104
Nd3N3S5,9.8153;0.6625;0.4389
Nd3N3Cl5,10.7992;0.5576;0.3109
Nd3N3P5,9.6077;0.5638;0.3179
Nd3Cl3N5,10.6978;0.4827;0.233
Nd3Se3N5,9.8476;0.624;0.3894
Nd3Ge3N5,10.2362;0.5693;0.3241
Nd3Br3N5,11.3095;0.5168;0.2671
Nd3I3N5,9.5444;0.5409;0.2925
Bi3Nb3N5,9.5332;0.5261;0.2768
Bi3Zr3N5,9.5935;0.5936;0.3523
Bi3Ti3N5,9.9069;0.6244;0.3898
Bi3Mg3N5,10.3813;0.6676;0.4458
Bi3Li3N5,11.1067;0.5573;0.3105
Bi3Na3N5,11.0663;0.4921;0.2422
Bi3Sc3N5,10.2812;0.6518;0.4248
Pb3Mg3N5,9.7335;0.6874;0.4726
Pb3Li3N5,9.7599;0.6406;0.4104
Pb3Sc3N5,10.1589;0.5437;0.2956
S3F3Li5,9.7619;0.6281;0.3946
S3N3Nb5,10.1518;0.413;0.1706
S3N3Mg5,10.4291;0.6497;0.4221
S3N3Li5,9.7348;0.692;0.4789
S3Be3Li5,9.1356;0.9605;0.9225
S3B3Be5,9.4342;0.6365;0.4051
S3B3Li5,10.9511;0.9002;0.8104
S3C3Mg5,9.4496;0.719;0.5169
S3C3Li5,10.1537;0.8859;0.7848
S3Rb3N5,10.0034;0.5333;0.2844
S3Mg3Be5,9.5107;0.7971;0.6353
S3Mg3B5,11.0699;0.6221;0.387
S3Mg3H5,11.5455;0.6453;0.4164
S3Li3B5,9.6188;0.7929;0.6287
S3H3Mg5,9.4691;0.741;0.5491
S3Cs3N5,9.7782;0.5801;0.3365
F3Al3Li5,9.8243;0.7497;0.562
F3N3Tm5,10.1681;0.6444;0.4152
F3N3Nd5,10.2314;0.5916;0.35
F3N3Sr5,10.7573;0.4727;0.2235
F3N3Y5,9.6745;0.5483;0.3006
F3N3Tb5,9.7042;0.6299;0.3967
F3N3Gd5,9.8186;0.6021;0.3625
F3N3Ho5,10.252;0.6605;0.4362
F3N3Eu5,10.1593;0.5727;0.328
F3N3Pr5,9.5885;0.5437;0.2956
F3N3Mg5,9.3824;0.6951;0.4832
F3N3Er5,10.0571;0.6515;0.4245
F3N3Na5,9.6284;0.7474;0.5587
F3N3Yb5,10.6944;0.6012;0.3614
F3N3Dy5,10.0081;0.6563;0.4308
F3Be3Mg5,10.8441;0.8047;0.6475
F3Cl3Li5,9.4185;0.67;0.4489
F3B3Mg5,13.1551;0.7383;0.5451
F3C3Mg5,11.0199;0.7478;0.5591
F3Rb3O5,9.6917;0.73;0.5329
F3Mg3O5,9.7002;0.653;0.4264
F3Mg3N5,10.6651;0.6695;0.4483
F3Mg3Be5,11.4466;0.6613;0.4373
F3Mg3B5,13.7513;0.8574;0.7352
F3Mg3C5,13.3831;0.9375;0.879
F3Mg3Li5,13.1792;0.9841;0.9684
F3Mg3H5,12.4622;0.6609;0.4368
F3Li3Mg5,11.6983;0.9422;0.8878
F3Li3Na5,9.9778;0.9067;0.8222
F3Si3Li5,10.1194;0.7149;0.5111
F3P3Li5,10.2814;0.7388;0.5458
F3Na3Li5,9.9322;0.9216;0.8493
F3H3Mg5,12.2397;0.851;0.7242
F3Cs3O5,9.5134;0.6775;0.4591
F3Cs3N5,9.4388;0.5716;0.3267
V3Al3Nb5,9.847;0.3315;0.1099
V3N3Br5,10.0696;0.4458;0.1987
V3N3I5,9.7379;0.594;0.3529
Ga3Sr3N5,10.0643;0.4453;0.1983
Ga3Hf3N5,10.2167;0.5402;0.2918
Ga3Sm3N5,10.2593;0.5187;0.269
Ga3Tb3N5,10.3465;0.4941;0.2441
Ga3Ce3N5,9.549;0.5527;0.3054
Ga3Gd3N5,10.7289;0.5355;0.2868
Ga3Ho3N5,10.5609;0.4915;0.2415
Ga3Eu3N5,10.7532;0.6;0.36
Ga3Rb3N5,9.7429;0.4326;0.1872
Ga3Pr3N5,10.3195;0.6316;0.399
Ga3Er3N5,10.3218;0.5169;0.2672
Ga3Yb3N5,10.9737;0.592;0.3504
Ga3Th3N5,9.586;0.5277;0.2785
Ga3Dy3N5,10.4612;0.4837;0.234
Al3Mg3B5,13.056;0.8379;0.7021
Al3Mg3C5,10.1588;0.8973;0.8052
Al3Mg3H5,11.9251;0.897;0.8046
Al3H3Mg5,11.6469;0.7353;0.5406
Sr3N3S5,10.7939;0.5645;0.3187
Sr3N3Cl5,11.9437;0.4709;0.2218
Sr3N3P5,9.7231;0.5992;0.3591
Sr3N3Br5,11.5826;0.5752;0.3308
Sr3Cl3N5,10.8408;0.4615;0.213
Sr3Pd3N5,9.6788;0.5004;0.2504
Sr3Se3N5,10.1139;0.5016;0.2516
Sr3Sb3N5,9.5014;0.5231;0.2736
Sr3Br3N5,11.0724;0.4976;0.2476
Sr3I3N5,10.4429;0.5029;0.253
Co3Mg3H5,9.5919;0.7424;0.5512
Re3Mg3N5,9.9836;0.6044;0.3653
N3Be3Mg5,12.9148;0.726;0.5271
N3Nb3Br5,11.2327;0.5467;0.2989
N3Y3S5,9.5;0.549;0.3014
N3Y3Cl5,9.4719;0.5331;0.2842
N3Y3Br5,10.3338;0.6531;0.4265
N3Hf3S5,11.0043;0.7355;0.541
N3Hf3Cl5,12.1474;0.6649;0.4421
N3Hf3P5,11.3998;0.7729;0.5974
N3Hf3Br5,9.9817;0.6298;0.3967
N3Cl3Ca5,11.1789;0.3913;0.1531
N3Cl3Mo5,10.2319;0.5425;0.2944
N3Cl3Tm5,11.7293;0.6355;0.4038
N3Cl3Nd5,10.4533;0.6615;0.4376
N3Cl3V5,11.1018;0.4679;0.2189
N3Cl3Sr5,9.8642;0.5164;0.2666
N3Cl3Re5,9.666;0.5618;0.3156
N3Cl3Nb5,13.2408;0.4912;0.2412
N3Cl3Y5,11.4807;0.5517;0.3043
N3Cl3Hf5,14.389;0.5844;0.3415
N3Cl3Sm5,9.9024;0.6422;0.4124
N3Cl3Tb5,10.8929;0.6856;0.4701
N3Cl3Gd5,10.6938;0.6472;0.4189
N3Cl3In5,9.5614;0.5473;0.2996
N3Cl3Zr5,13.8046;0.4434;0.1966
N3Cl3Ho5,11.4392;0.6891;0.4749
N3Cl3Ti5,11.3641;0.5296;0.2805
N3Cl3Eu5,9.7419;0.6995;0.4893
N3Cl3Pr5,9.619;0.7299;0.5327
N3Cl3Mg5,12.3118;0.498;0.248
N3Cl3Sb5,10.2886;0.5917;0.3501
N3Cl3Er5,11.3883;0.7146;0.5106
N3Cl3Li5,10.9953;0.659;0.4343
N3Cl3Ta5,11.3126;0.604;0.3648
N3Cl3Na5,10.3453;0.4876;0.2378
N3Cl3Te5,9.856;0.6047;0.3657
N3Cl3Yb5,10.8725;0.6856;0.47
N3Cl3Lu5,10.7563;0.6549;0.4289
N3Cl3Cd5,11.2678;0.5674;0.3219
N3Cl3Dy5,11.2856;0.7273;0.529
N3Cl3Sc5,12.5749;0.4749;0.2256
N3Cl3Tc5,11.552;0.4679;0.2189
N3Sm3S5,9.5982;0.673;0.4529
N3Sm3Cl5,10.7584;0.5871;0.3447
N3Sm3P5,9.5752;0.6129;0.3757
N3Tb3S5,9.7458;0.7164;0.5132
N3Tb3Cl5,10.489;0.5705;0.3254
N3Tb3P5,9.4711;0.6166;0.3802
N3Ce3Cl5,10.2207;0.574;0.3294
N3B3Mg5,12.8725;0.7528;0.5666
N3B3Na5,9.5075;0.9887;0.9776
N3C3Nb5,9.9605;0.4485;0.2011
N3C3Mg5,12.0495;0.5764;0.3322
N3Gd3S5,9.9235;0.7047;0.4967
N3Gd3Cl5,10.8296;0.5789;0.3351
N3Gd3P5,9.6361;0.5848;0.342
N3Zr3S5,9.4522;0.5508;0.3034
N3Zr3P5,9.4901;0.53;0.2809
N3Zr3Br5,10.9808;0.4782;0.2287
N3Ho3S5,10.0998;0.6943;0.482
N3Ho3Cl5,10.8555;0.6307;0.3977
N3Ho3P5,9.723;0.5979;0.3574
N3Se3Mg5,9.8451;0.5532;0.306
N3Ti3Br5,10.0304;0.4861;0.2362
N3Eu3S5,10.4507;0.6765;0.4577
N3Eu3Cl5,11.5544;0.5637;0.3178
N3Eu3P5,9.6755;0.6281;0.3945
N3Rb3S5,10.8077;0.4654;0.2166
N3Rb3Cl5,11.9364;0.4592;0.2109
N3Rb3P5,10.0717;0.5014;0.2514
N3Rb3Br5,9.913;0.517;0.2673
N3Pr3S5,9.6301;0.7049;0.4968
N3Pr3Cl5,10.5962;0.5659;0.3203
N3Pr3P5,9.4874;0.6104;0.3726
N3Mg3O5,11.2562;0.7239;0.5241
N3Mg3F5,10.7257;0.6991;0.4887
N3Mg3Be5,11.6058;0.5692;0.3239
N3Mg3Cl5,9.3844;0.6813;0.4642
N3Mg3B5,13.8248;0.8639;0.7463
N3Mg3C5,12.9251;0.8059;0.6494
N3Mg3Li5,12.6062;0.8928;0.7972
N3Mg3P5,9.462;0.6656;0.443
N3Mg3H5,12.8436;0.6228;0.3879
N3Mg3Te5,9.7976;0.6831;0.4666
N3Mg3Br5,10.5083;0.6734;0.4535
N3Mg3I5,9.8179;0.7519;0.5654
N3Er3S5,10.236;0.6739;0.4541
N3Er3Cl5,10.6304;0.6121;0.3746
N3Er3P5,9.7521;0.628;0.3944
N3Li3Se5,9.6725;0.4753;0.2259
N3Li3Mg5,13.6362;1.1618;1.3497
N3Li3Sb5,9.414;0.5979;0.3575
N3Li3Na5,9.3485;0.8492;0.7211
N3Li3Te5,11.8032;0.6525;0.4257
N3Li3Br5,11.0676;0.5699;0.3247
N3Li3I5,12.9703;0.5745;0.3301
N3Np3Cl5,10.2633;0.8278;0.6852
N3P3Mg5,10.2636;0.6947;0.4825
N3P3Li5,10.158;0.7252;0.526
N3Na3Cl5,10.1663;0.418;0.1747
N3Na3Se5,10.0967;0.4822;0.2325
N3Na3Br5,11.8033;0.4418;0.1952
N3Na3I5,10.6052;0.5128;0.2629
N3H3Mg5,12.1751;0.7342;0.539
N3Pa3S5,9.488;0.7371;0.5433
N3Pa3Cl5,11.2522;0.6694;0.448
N3Pa3P5,9.5565;0.682;0.4651
N3Yb3S5,10.7617;0.5409;0.2926
N3Yb3Cl5,11.86;0.5634;0.3174
N3Yb3P5,10.1002;0.5703;0.3253
N3U3Cl5,10.1814;0.6675;0.4455
N3Th3S5,10.678;0.6823;0.4655
N3Th3Cl5,12.4587;0.6003;0.3604
N3Th3P5,9.701;0.6323;0.3998
N3Lu3Cl5,9.7451;0.7031;0.4943
N3Br3V5,9.5751;0.4396;0.1933
N3Br3Nb5,9.768;0.5636;0.3176
N3Br3Zr5,9.7563;0.5544;0.3073
N3Br3Ti5,10.9252;0.6186;0.3827
N3Br3Mg5,11.3473;0.493;0.2431
N3Br3Li5,9.8766;0.5588;0.3123
N3Br3Ge5,9.6278;0.4641;0.2154
N3Br3Tc5,9.7693;0.4835;0.2338
N3I3Mg5,10.4145;0.5865;0.3439
N3I3Li5,10.5437;0.4711;0.2219
N3I3Ge5,9.5521;0.4843;0.2346
N3Dy3S5,10.0364;0.6928;0.4799
N3Dy3Cl5,10.8108;0.6417;0.4118
N3Dy3P5,9.6088;0.6214;0.3862
N3Sc3Te5,9.3492;0.6959;0.4843
N3Sc3Br5,10.7733;0.4923;0.2423
N3Sc3I5,9.3786;0.69;0.4761
N3Cr3I5,9.6087;0.6259;0.3918
N3Cs3F5,9.4826;0.5523;0.305
N3Cs3Cl5,10.7085;0.4928;0.2429
N3Tc3Br5,9.4921;0.6068;0.3682
N3Pu3Cl5,9.38;0.8649;0.7481
N3Am3Cl5,9.5618;0.8114;0.6584
Be3Cl3Li5,9.7419;0.7567;0.5725
Be3B3Mg5,13.1112;0.9043;0.8178
Be3C3Mg5,16.345;0.8097;0.6557
Be3Mg3O5,11.3555;0.7958;0.6333
Be3Mg3F5,12.6044;0.7114;0.506
Be3Mg3N5,12.1113;0.6876;0.4727
Be3Mg3B5,10.7493;0.6639;0.4408
Be3Mg3C5,14.4398;0.7974;0.6358
Be3Mg3H5,11.3666;0.7966;0.6346
Be3Li3P5,9.8055;0.7204;0.519
Be3H3Mg5,11.4984;0.7606;0.5785
Nb3C3N5,10.1667;0.4932;0.2432
Nb3Ti3N5,14.355;0.3447;0.1189
Nb3Sb3N5,9.6901;0.483;0.2333
Nb3Cd3N5,9.6518;0.5023;0.2523
Nb3I3N5,10.1963;0.5364;0.2877
Nb3Tc3N5,9.9903;0.4828;0.2331
Tl3Li3N5,9.4211;0.592;0.3505
Y3Pd3Ni5,10.099;0.5098;0.2599
Y3Sb3N5,10.0361;0.5437;0.2956
Y3Br3N5,9.9162;0.4936;0.2436
Y3I3N5,9.8201;0.5234;0.2739
Hf3Cl3N5,9.8918;0.7251;0.5258
Hf3Sb3N5,9.2805;0.7316;0.5353
Hf3Li3N5,10.1081;0.7389;0.546
Hf3Na3N5,9.558;0.5178;0.2681
Hf3Br3N5,9.5159;0.5801;0.3365
Hf3I3N5,10.4286;0.5244;0.275
Cl3Sm3N5,9.7734;0.5212;0.2717
Cl3Ce3N5,10.3288;0.6122;0.3748
Cl3B3Li5,11.1853;0.7405;0.5484
Cl3C3Mg5,9.936;0.6218;0.3867
Cl3C3Li5,9.694;0.6664;0.4441
Cl3Gd3N5,10.0095;0.5409;0.2926
Cl3Ho3N5,9.4398;0.5787;0.3349
Cl3Eu3N5,10.628;0.5213;0.2717
Cl3Rb3N5,11.8463;0.4423;0.1956
Cl3Pr3N5,10.5885;0.4931;0.2431
Cl3Mg3B5,10.7952;0.625;0.3907
Cl3Mg3C5,9.1871;0.876;0.7674
Cl3Mg3Li5,9.2989;0.7945;0.6313
Cl3Mg3H5,11.9756;0.6469;0.4184
Cl3Li3N5,9.4356;0.6356;0.4039
Cl3Na3N5,10.1623;0.404;0.1632
Cl3H3Mg5,9.7118;0.7064;0.499
Cl3Pa3N5,10.5796;0.7099;0.504
Cl3Th3N5,11.9834;0.5857;0.3431
Cl3Cs3N5,11.8545;0.5852;0.3424
Sm3In3N5,9.4681;0.5908;0.3491
Sm3Ge3N5,10.2859;0.6585;0.4336
Sm3Br3N5,10.7221;0.5278;0.2786
Ni3C3Nb5,9.6223;0.56;0.3135
Ni3Mg3C5,9.5134;0.8393;0.7044
Ni3Mg3H5,9.9164;0.6637;0.4405
Tb3Se3N5,9.7376;0.6401;0.4098
Tb3Ge3N5,10.1945;0.6244;0.3898
Tb3Br3N5,10.8577;0.4951;0.2451
Ce3Ge3N5,9.605;0.6034;0.364
Ce3Br3N5,10.5475;0.576;0.3317
B3C3Mg5,17.6879;0.8076;0.6522
B3C3Na5,9.5841;0.7382;0.545
B3Mg3O5,11.4557;0.8111;0.6578
B3Mg3F5,11.5377;0.7346;0.5396
B3Mg3N5,12.804;0.741;0.5491
B3Mg3C5,14.5548;0.9766;0.9538
B3Mg3Li5,10.5479;1.0669;1.1382
B3Mg3H5,12.7193;0.8146;0.6636
B3Li3Mg5,10.6053;1.025;1.0506
B3Li3Si5,9.7135;0.8394;0.7046
B3Si3Li5,9.5474;0.7444;0.5541
B3P3Be5,9.7647;0.6765;0.4576
B3P3Li5,11.0394;0.817;0.6674
B3H3Mg5,13.8275;0.8814;0.7769
C3Mg3O5,12.7586;0.7939;0.6303
C3Mg3F5,11.4071;0.7439;0.5534
C3Mg3N5,13.0553;0.8841;0.7816
C3Mg3Be5,14.9807;0.6299;0.3968
C3Mg3B5,16.9274;0.9729;0.9465
C3Mg3Li5,11.5843;0.8716;0.7598
C3Mg3H5,13.3548;0.8016;0.6426
C3Li3Mg5,12.4798;0.9987;0.9973
C3P3Mg5,9.3348;0.7837;0.6142
C3P3Li5,10.3982;0.8533;0.7281
C3H3Mg5,13.0231;0.9606;0.9228
Gd3Se3N5,9.8856;0.6089;0.3707
Gd3Ge3N5,10.5003;0.6216;0.3864
Gd3Br3N5,11.1076;0.4705;0.2214
In3Zr3N5,9.904;0.507;0.257
In3Ti3N5,10.1545;0.5285;0.2793
Pd3Zr3N5,9.6673;0.4253;0.1808
Pd3Mg3N5,10.2648;0.6455;0.4167
Pd3Mg3C5,9.5148;0.7286;0.5309
Zr3Sb3N5,10.8214;0.555;0.308
Zr3Te3N5,10.0606;0.4907;0.2408
Zr3I3N5,10.5177;0.459;0.2107
Mn3Mg3H5,9.393;0.8263;0.6828
Ho3Se3N5,9.7801;0.6159;0.3793
Ho3Ge3N5,10.2626;0.6095;0.3715
Ho3Br3N5,10.7545;0.5536;0.3065
Se3Eu3N5,10.4104;0.5483;0.3007
Se3Rb3O5,9.5621;0.7276;0.5295
Se3Rb3N5,10.2764;0.5232;0.2738
Se3Pr3N5,9.699;0.6021;0.3625
Se3Er3N5,9.7326;0.6423;0.4125
Se3Yb3N5,9.9139;0.5785;0.3346
Se3Dy3N5,9.6939;0.6109;0.3731
Ti3Mg3H5,10.0694;0.7164;0.5132
Ti3Sb3N5,9.8534;0.477;0.2275
Ti3Ta3N5,9.85;0.5165;0.2668
Ti3Cd3N5,10.1924;0.4966;0.2466
Hg3Mg3N5,9.7105;0.6937;0.4812
Eu3Zn3N5,9.7549;0.5497;0.3022
Eu3Ge3N5,10.1768;0.5773;0.3333
Eu3Br3N5,10.9925;0.4808;0.2312
Rb3P3O5,10.0366;0.6663;0.444
Rb3P3N5,9.6407;0.5298;0.2807
Rb3Br3N5,11.038;0.463;0.2143
Pr3Ge3N5,10.1728;0.5965;0.3558
Pr3Br3N5,11.0552;0.5438;0.2957
Mg3Sb3N5,9.8975;0.6586;0.4337
Mg3Rh3N5,9.9017;0.6461;0.4174
Mg3Au3N5,9.6486;0.7126;0.5078
Mg3Au3H5,9.2834;0.7457;0.556
Mg3Zn3H5,9.4277;0.7262;0.5274
Mg3Li3O5,14.0809;0.7883;0.6215
Mg3Li3F5,14.1213;0.7716;0.5954
Mg3Li3N5,13.6039;0.8632;0.7451
Mg3Li3B5,13.5528;1.0842;1.1755
Mg3Li3C5,12.7863;0.8581;0.7364
Mg3Li3H5,10.5609;0.7791;0.6071
Mg3Si3Be5,9.1936;0.8994;0.8089
Mg3Si3B5,15.6502;0.823;0.6773
Mg3Si3C5,9.602;0.8047;0.6476
Mg3Si3Li5,9.4153;0.8055;0.6488
Mg3Si3H5,12.9832;0.7974;0.6359
Mg3P3Be5,10.3874;0.8539;0.7291
Mg3P3B5,13.4796;0.8956;0.8021
Mg3P3H5,11.7279;0.6275;0.3938
Mg3Na3O5,9.5374;0.7905;0.6249
Mg3Na3F5,10.216;0.7474;0.5586
Mg3Na3N5,11.6564;0.7349;0.5401
Mg3Na3B5,13.428;1.0593;1.1221
Mg3Na3C5,9.8098;0.7599;0.5774
Mg3Na3Li5,10.1977;0.6989;0.4885
Mg3Na3H5,11.76;0.803;0.6448
Mg3H3O5,11.7725;0.6352;0.4035
Mg3H3F5,11.0896;0.6824;0.4657
Mg3H3Al5,10.5643;0.6886;0.4742
Mg3H3N5,12.6047;0.6789;0.461
Mg3H3Be5,11.478;0.8001;0.6402
Mg3H3B5,13.7472;0.8244;0.6796
Mg3H3C5,14.2926;0.9445;0.8921
Mg3H3Li5,11.7341;0.9622;0.9259
Mg3H3Si5,10.1599;0.6858;0.4703
Mg3H3Na5,11.3371;0.8882;0.789
Mg3Pt3N5,10.4019;0.6582;0.4332
Mg3Te3N5,9.6957;0.6643;0.4413
Mg3Ir3N5,9.6284;0.6886;0.4742
Mg3Br3N5,9.3233;0.7013;0.4918
Mg3I3N5,10.0926;0.5985;0.3582
Mg3Sc3H5,9.8429;0.8166;0.6669
Mg3Cr3H5,9.9169;0.812;0.6593
Mg3Tc3N5,10.0677;0.6034;0.364
Mg3Po3N5,9.795;0.6813;0.4642
Sb3Sc3N5,9.922;0.5448;0.2968
Er3Ge3N5,10.2064;0.605;0.3661
Er3Br3N5,10.4805;0.5637;0.3178
Li3Np3N5,9.4808;0.5917;0.3501
Li3Si3B5,9.8422;0.9399;0.8835
Li3P3B5,10.4133;0.8664;0.7507
Li3Na3O5,10.9235;0.7278;0.5298
Li3Na3F5,10.1193;0.7;0.4901
Li3Na3N5,9.629;0.7359;0.5416
Li3Na3B5,9.1382;0.8989;0.808
Li3H3Mg5,12.4552;0.8595;0.7388
Li3Th3N5,9.8529;0.6389;0.4081
Li3I3N5,10.0333;0.5032;0.2533
Li3Po3N5,10.1438;0.5936;0.3524
Si3Na3B5,9.3235;0.8463;0.7163
Si3H3Mg5,11.3653;0.6654;0.4427
P3Na3B5,9.5293;0.7964;0.6343
P3H3Mg5,11.5544;0.6702;0.4491
P3Th3N5,9.7628;0.5631;0.3171
P3Cs3O5,9.4901;0.7296;0.5323
P3Cs3N5,9.4525;0.5834;0.3403
Na3H3Mg5,11.3172;0.761;0.5791
Na3Br3N5,9.6086;0.4995;0.2495
Na3I3N5,10.1818;0.4171;0.174
H3Br3Mg5,9.3589;0.7463;0.5569
Ge3Yb3N5,9.9993;0.6159;0.3794
Ge3Lu3N5,9.4161;0.5981;0.3577
Ge3Dy3N5,10.1219;0.6099;0.372
Yb3Br3N5,10.0767;0.4921;0.2422
Th3Br3N5,9.8691;0.5331;0.2842
Br3Dy3N5,10.6938;0.5499;0.3023
I3Sc3N5,9.6826;0.5112;0.2614

573 of 285852 appear to be promising

hp_tune_sug_nc_normal:

{'ccp_alpha': 0.0, 'criterion': 'squared_error', 'max_depth': None, 'max_leaf_nodes': None, 'max_samples': None, 'min_impurity_decrease': 0.0, 'min_samples_leaf': 1, 'min_samples_split': 2, 'min_weight_fraction_leaf': 0.0, 'n_estimators': 200, 'n_jobs': None, 'oob_score': False, 'random_state': None, 'verbose': 0, 'warm_start': False, 'max_features': 'sqrt', 'bootstrap': False}

Ba3As3N5,9.5244;0.73;0.533
Ba3O3F5,16.155;1.4091;1.9855
Ba3O3N5,12.3107;1.0316;1.0642
Ba3O3Cl5,9.9827;0.7645;0.5845
Ba3O3P5,11.3198;1.2379;1.5325
Ba3S3N5,9.9465;0.9391;0.882
Ba3F3O5,18.6697;1.652;2.7292
Ba3F3N5,11.984;1.194;1.4256
Ba3F3Cl5,10.1021;0.688;0.4733
Ba3F3P5,9.6905;1.188;1.4114
Ba3F3H5,9.1474;1.0517;1.106
Ba3N3O5,16.4743;1.648;2.7159
Ba3N3F5,12.086;1.0083;1.0167
Ba3N3Cl5,13.6832;0.4955;0.2456
Ba3N3P5,10.8425;0.8899;0.7919
Ba3Cl3O5,11.9329;1.006;1.0121
Ba3Cl3F5,11.3564;0.9855;0.9712
Ba3Cl3N5,12.9024;0.78;0.6084
Ba3Cl3H5,10.2268;0.9396;0.8828
Ba3Se3N5,10.2037;0.7469;0.5578
Ba3P3O5,14.061;1.5084;2.2752
Ba3P3F5,12.1202;1.2207;1.4901
Ba3P3N5,10.4056;0.9534;0.909
Ba3H3O5,13.4402;1.335;1.7823
Ba3H3F5,10.7824;1.2051;1.4523
Ba3H3Cl5,11.631;0.8063;0.6501
Ba3Br3N5,11.4898;0.7543;0.569
K3O3S5,9.9751;0.6983;0.4876
K3O3N5,9.4309;0.7382;0.545
K3O3Cl5,10.2389;0.6362;0.4047
K3O3Se5,11.7344;0.7725;0.5967
K3O3P5,10.7581;0.6684;0.4467
K3O3Br5,10.3449;0.7425;0.5514
K3Bi3O5,12.3247;0.6865;0.4713
K3Bi3N5,11.1506;0.7375;0.5439
K3Pb3O5,11.3903;0.7835;0.6138
K3Pb3F5,10.1121;0.839;0.7039
K3Pb3N5,9.76;0.6404;0.4101
K3S3O5,10.607;0.6788;0.4607
K3S3Cl5,9.8088;0.5338;0.285
K3F3Cl5,10.272;0.7056;0.4978
K3F3P5,9.6635;0.6683;0.4466
K3N3S5,10.2172;0.593;0.3516
K3N3Cl5,11.8504;0.4504;0.2029
K3N3Se5,9.7255;0.5798;0.3361
K3N3P5,9.8948;0.5958;0.355
K3N3Br5,11.0901;0.564;0.3181
K3Tl3O5,10.3916;0.6367;0.4054
K3Cl3O5,10.0417;0.659;0.4342
K3Cl3F5,10.3212;0.8603;0.7402
K3Cl3N5,11.2333;0.5721;0.3273
K3Cl3P5,10.1708;0.5755;0.3312
K3Se3O5,12.1005;0.7423;0.551
K3Se3N5,10.1453;0.5926;0.3512
K3Se3Cl5,9.5825;0.5424;0.2942
K3Hg3O5,11.1744;0.7231;0.5229
K3Mg3H5,9.4791;0.7805;0.6091
K3Sb3O5,10.2144;0.6431;0.4136
K3Li3O5,9.5809;0.5786;0.3348
K3P3O5,11.1144;0.7584;0.5752
K3P3Cl5,10.0618;0.5185;0.2688
K3H3Cl5,9.7535;0.5716;0.3267
K3H3Br5,9.7349;0.7052;0.4973
K3Te3O5,10.3841;0.7246;0.5251
K3Cd3O5,9.5359;0.7028;0.4939
K3Br3O5,9.9054;0.7233;0.5232
K3Br3N5,10.886;0.5861;0.3436
K3I3O5,10.5822;0.7619;0.5805
K3I3N5,10.5207;0.6409;0.4107
K3Po3O5,9.3974;0.6098;0.3718
As3La3N5,9.6199;0.4145;0.1718
As3Tm3N5,10.2641;0.5559;0.3091
As3Nd3N5,10.4057;0.5566;0.3099
As3Y3N5,9.6594;0.4584;0.2101
As3Sm3N5,10.835;0.5952;0.3543
As3Tb3N5,10.4682;0.6008;0.3609
As3Ce3N5,9.675;0.5325;0.2835
As3Gd3N5,10.4209;0.5725;0.3278
As3Ho3N5,10.2104;0.5663;0.3207
As3Eu3N5,10.2459;0.5952;0.3543
As3Pr3N5,10.2655;0.5333;0.2844
As3Er3N5,10.2457;0.5631;0.3171
As3Yb3N5,9.7863;0.5964;0.3557
As3Lu3N5,9.9887;0.5653;0.3196
As3Dy3N5,10.3382;0.5769;0.3328
Ca3N3Cl5,11.9724;0.4979;0.2479
Ca3N3Br5,11.2933;0.5792;0.3354
Ca3Be3B5,10.2712;0.8849;0.783
Ca3Cl3N5,10.4153;0.5963;0.3556
Ca3Pt3N5,9.5781;0.6163;0.3798
Ca3Br3N5,9.502;0.5807;0.3372
La3N3Cl5,12.2627;0.4772;0.2277
La3Cl3N5,11.5849;0.5959;0.3551
La3Br3N5,10.0136;0.7208;0.5196
O3Al3Li5,10.5831;0.6939;0.4815
O3N3Mg5,10.4381;0.752;0.5655
O3Cl3Li5,9.8318;0.6071;0.3686
O3B3Mg5,11.8041;0.9887;0.9775
O3Rb3S5,9.7265;0.9249;0.8555
O3Rb3F5,11.4036;0.9448;0.8927
O3Rb3N5,10.5322;0.9181;0.8429
O3Rb3Cl5,9.9578;0.6865;0.4713
O3Rb3P5,10.0359;0.8839;0.7812
O3Mg3N5,9.5537;0.5939;0.3527
O3Mg3B5,11.2326;0.6518;0.4248
O3Mg3Li5,10.3813;0.7153;0.5116
O3Li3Mg5,9.6542;0.7981;0.637
O3Si3Li5,9.9559;0.5511;0.3037
O3Na3B5,9.2862;0.7989;0.6382
O3H3Mg5,10.0451;0.7401;0.5477
O3Cs3F5,12.2551;0.9291;0.8632
O3Cs3N5,10.6683;0.7919;0.6271
O3Cs3Cl5,9.6891;0.6804;0.463
Mo3Ru3Tc5,10.2549;0.2683;0.072
Mo3Bi3N5,9.3213;0.6823;0.4655
Mo3N3Cl5,10.8909;0.4329;0.1874
Mo3N3Br5,11.177;0.5713;0.3264
Ru3N3Cl5,10.1692;0.4402;0.1938
Ru3N3Br5,10.4858;0.5927;0.3513
Tm3N3Cl5,12.8535;0.5795;0.3358
Tm3Cl3N5,11.2723;0.6057;0.3669
Tm3Se3N5,9.4735;0.6455;0.4166
Tm3Ge3N5,9.7802;0.5991;0.3589
Tm3Br3N5,9.4946;0.6317;0.399
Os3N3Cl5,11.8762;0.5458;0.2979
Os3Cl3N5,10.9667;0.4965;0.2465
Sn3Al3Nb5,10.5353;0.5131;0.2632
Sn3N3Cl5,9.651;0.4501;0.2026
Sn3Hf3N5,9.8859;0.6425;0.4128
Sn3Hf3Nb5,10.6038;0.5398;0.2914
Sn3Zr3N5,9.9518;0.542;0.2938
Sn3Zr3Nb5,10.1973;0.5169;0.2672
Sn3Ti3N5,9.8623;0.4357;0.1898
Sn3Ta3Nb5,11.6172;0.4758;0.2264
Nd3N3Cl5,12.6994;0.5404;0.292
Nd3Cl3N5,11.5764;0.6017;0.362
Nd3Br3N5,10.6196;0.7155;0.5119
Bi3N3Cl5,10.1099;0.5886;0.3464
Bi3Nb3N5,10.1584;0.4945;0.2446
Bi3Hf3N5,9.4467;0.5809;0.3375
Bi3Ti3N5,10.6212;0.6184;0.3824
Bi3Mg3N5,9.7164;0.7199;0.5182
Bi3Li3N5,9.5963;0.5669;0.3214
Bi3Sc3N5,10.0475;0.6388;0.4081
Pb3N3Cl5,10.8829;0.5109;0.2611
Pb3Cl3N5,10.0057;0.5189;0.2692
S3B3Li5,9.8233;0.6461;0.4174
S3Se3Cl5,9.4276;0.6579;0.4328
S3Rb3O5,10.834;0.9872;0.9746
S3Rb3F5,9.2413;0.8799;0.7743
S3Rb3N5,9.7421;0.7103;0.5045
S3Mg3Be5,9.6398;0.7754;0.6012
S3Mg3B5,11.3575;0.8597;0.7391
S3Li3B5,9.7864;0.7961;0.6338
S3P3Cl5,9.6089;0.5496;0.3021
S3Na3B5,9.2563;1.0752;1.1561
S3Br3Cl5,9.4248;0.5875;0.3451
S3Cs3O5,10.3142;1.0274;1.0556
S3Cs3F5,9.4362;0.8413;0.7078
S3Cs3N5,9.4994;0.6707;0.4499
F3Al3Li5,9.8502;0.6026;0.3632
F3N3Tm5,10.2388;0.5318;0.2828
F3N3Nd5,9.3553;0.667;0.4449
F3N3Sr5,10.0135;0.6156;0.379
F3N3Tb5,9.6168;0.5303;0.2812
F3N3Gd5,9.5365;0.5632;0.3172
F3N3Ho5,10.4247;0.5172;0.2675
F3N3Eu5,9.487;0.7546;0.5694
F3N3Er5,10.5068;0.5916;0.35
F3N3H5,10.0157;0.5672;0.3217
F3N3Yb5,9.4867;0.6383;0.4075
F3N3Lu5,10.2404;0.5882;0.346
F3N3Dy5,9.8669;0.5664;0.3209
F3Be3Mg5,9.7343;0.753;0.5671
F3B3Mg5,12.1927;0.9358;0.8757
F3Rb3O5,11.5176;0.9157;0.8385
F3Rb3N5,9.8441;0.9258;0.8571
F3Rb3Cl5,10.5333;0.7845;0.6154
F3Rb3P5,10.3713;0.8866;0.7861
F3Mg3N5,10.185;0.6108;0.3731
F3Mg3B5,10.881;0.6892;0.475
F3Mg3Li5,10.4607;0.7607;0.5786
F3Mg3H5,9.8397;0.7512;0.5643
F3Li3Mg5,10.6784;0.9675;0.936
F3Si3Li5,9.7275;0.5712;0.3263
F3H3Mg5,9.9072;0.7192;0.5172
F3Cs3O5,12.2228;0.9822;0.9648
F3Cs3N5,10.0102;0.8011;0.6417
F3Cs3Cl5,10.5387;0.7462;0.5568
V3Al3Nb5,10.0653;0.3735;0.1395
V3N3Cl5,9.8091;0.4062;0.165
V3N3Br5,10.5916;0.5216;0.2721
Ga3Hf3N5,9.561;0.6757;0.4566
Ga3Ta3Nb5,10.5265;0.4641;0.2154
Al3N3Li5,9.4538;0.5729;0.3282
Al3Hf3Nb5,11.0202;0.4878;0.2379
Al3Mg3B5,12.8234;0.9497;0.9018
Al3Si3Nb5,10.9924;0.6166;0.3801
Al3H3Mg5,9.5461;0.8103;0.6566
Al3Ge3Nb5,9.8335;0.347;0.1204
Al3Ag3Nb5,9.5786;0.5582;0.3116
Sr3N3Cl5,12.5364;0.4543;0.2064
Sr3N3Br5,11.3975;0.6026;0.3631
Sr3Cl3O5,9.3509;0.7645;0.5844
Sr3Cl3N5,11.3165;0.5987;0.3584
Sr3Se3N5,9.7063;0.5036;0.2536
Sr3P3O5,11.4526;1.2108;1.466
Sr3Br3N5,10.4504;0.6314;0.3986
Sr3I3N5,9.4285;0.6909;0.4773
Re3N3Cl5,12.4212;0.5928;0.3515
Re3Cl3N5,11.5472;0.5624;0.3163
W3N3Cl5,13.0212;0.5006;0.2506
W3N3Br5,9.3979;0.7083;0.5017
W3Cl3N5,11.428;0.5237;0.2743
N3Be3Mg5,10.3354;0.8217;0.6752
N3Nb3Cl5,12.0643;0.3899;0.152
N3Nb3Br5,11.9846;0.6922;0.4791
N3Tl3Cl5,10.8214;0.5527;0.3054
N3Y3Cl5,12.0078;0.4023;0.1618
N3Y3Br5,11.0986;0.5823;0.3391
N3Hf3S5,12.3009;0.6569;0.4315
N3Hf3Cl5,16.4001;0.5773;0.3333
N3Hf3P5,11.9865;0.7004;0.4905
N3Hf3Br5,11.3526;0.6597;0.4352
N3Cl3Fe5,10.1194;0.4992;0.2492
N3Cl3As5,10.1827;0.4567;0.2086
N3Cl3Ca5,11.4279;0.5326;0.2837
N3Cl3La5,10.0329;0.5225;0.273
N3Cl3Mo5,12.1978;0.6254;0.3911
N3Cl3Ru5,13.3371;0.6026;0.3631
N3Cl3Tm5,13.1105;0.5593;0.3128
N3Cl3Os5,11.8466;0.6649;0.4421
N3Cl3Sn5,12.1308;0.4721;0.2229
N3Cl3Nd5,11.3243;0.5522;0.3049
N3Cl3Bi5,10.501;0.5584;0.3118
N3Cl3Pb5,11.2505;0.4828;0.2331
N3Cl3V5,13.1145;0.5229;0.2734
N3Cl3Sr5,10.9483;0.5371;0.2885
N3Cl3Co5,10.0084;0.4347;0.189
N3Cl3Re5,12.8665;0.5884;0.3463
N3Cl3W5,11.4183;0.6091;0.371
N3Cl3Be5,9.5803;0.5903;0.3485
N3Cl3Nb5,13.7116;0.48;0.2304
N3Cl3Tl5,10.432;0.5801;0.3365
N3Cl3Y5,12.4523;0.4621;0.2136
N3Cl3Hf5,16.2399;0.5711;0.3262
N3Cl3Sm5,11.668;0.6223;0.3873
N3Cl3Ni5,9.6399;0.524;0.2746
N3Cl3Tb5,12.4642;0.5488;0.3012
N3Cl3Ce5,9.7137;0.5611;0.3149
N3Cl3B5,9.8949;0.5848;0.342
N3Cl3Gd5,12.3131;0.5742;0.3297
N3Cl3In5,11.5446;0.409;0.1672
N3Cl3Pd5,12.8635;0.5778;0.3338
N3Cl3Zr5,14.3309;0.519;0.2693
N3Cl3Mn5,10.9824;0.5025;0.2525
N3Cl3Ho5,13.0327;0.5309;0.2818
N3Cl3Ti5,14.1586;0.486;0.2362
N3Cl3Hg5,9.7138;0.6291;0.3957
N3Cl3Eu5,10.7966;0.6158;0.3793
N3Cl3Pr5,10.8298;0.538;0.2894
N3Cl3Mg5,12.2684;0.5403;0.2919
N3Cl3Sb5,13.6067;0.5845;0.3416
N3Cl3Er5,13.0125;0.5312;0.2822
N3Cl3Rh5,12.3051;0.5378;0.2892
N3Cl3Au5,9.5244;0.5976;0.3571
N3Cl3Zn5,9.8846;0.4604;0.212
N3Cl3Li5,10.2117;0.6639;0.4408
N3Cl3Si5,9.4938;0.524;0.2745
N3Cl3Ta5,12.9464;0.6652;0.4425
N3Cl3Na5,10.3179;0.5264;0.2771
N3Cl3H5,10.4505;0.6136;0.3765
N3Cl3Pt5,11.973;0.6239;0.3892
N3Cl3Ge5,11.1618;0.4198;0.1763
N3Cl3Te5,12.8446;0.6121;0.3746
N3Cl3Ir5,10.697;0.6398;0.4094
N3Cl3Yb5,11.4899;0.5136;0.2637
N3Cl3Lu5,12.5164;0.6311;0.3982
N3Cl3Ag5,11.0592;0.5623;0.3161
N3Cl3Cd5,12.5531;0.4804;0.2308
N3Cl3I5,10.7271;0.6765;0.4576
N3Cl3Dy5,12.3921;0.5229;0.2734
N3Cl3Sc5,13.7004;0.383;0.1467
N3Cl3Cr5,11.0248;0.5145;0.2647
N3Cl3Tc5,14.6319;0.573;0.3283
N3Cl3Po5,10.3091;0.5368;0.2881
N3Sm3Cl5,12.3859;0.5692;0.324
N3Tb3Cl5,13.3914;0.5851;0.3423
N3Ce3Cl5,12.2059;0.5206;0.271
N3B3Mg5,10.9236;1.0305;1.0619
N3Gd3Cl5,13.3284;0.5731;0.3285
N3Pd3Cl5,9.9908;0.4169;0.1738
N3Zr3Cl5,12.086;0.3647;0.133
N3Zr3Br5,11.4643;0.4943;0.2443
N3Ho3Cl5,13.4209;0.5406;0.2922
N3Ho3Br5,9.4275;0.6344;0.4024
N3Ti3Cl5,10.6639;0.4163;0.1733
N3Ti3Br5,10.8074;0.4394;0.193
N3Hg3Cl5,9.8936;0.5695;0.3244
N3Eu3Cl5,13.0839;0.5191;0.2695
N3Rb3O5,10.3101;0.8818;0.7775
N3Rb3S5,10.1094;0.6266;0.3927
N3Rb3F5,10.1175;0.6975;0.4865
N3Rb3Cl5,12.0532;0.5159;0.2661
N3Rb3P5,9.7678;0.6209;0.3855
N3Rb3Br5,9.9947;0.4577;0.2095
N3Pr3Cl5,12.4559;0.5053;0.2554
N3Mg3F5,10.4229;0.6461;0.4174
N3Mg3Cl5,10.9135;0.5774;0.3334
N3Mg3B5,11.3827;0.7785;0.6061
N3Mg3Li5,9.9659;0.7387;0.5456
N3Mg3H5,9.501;0.7353;0.5407
N3Mg3Br5,9.487;0.7019;0.4927
N3Sb3Cl5,10.3417;0.5536;0.3064
N3Er3S5,9.5213;0.5716;0.3267
N3Er3Cl5,13.7208;0.5448;0.2968
N3Er3Br5,9.3877;0.6509;0.4237
N3Rh3Cl5,10.0925;0.4799;0.2303
N3Rh3Br5,10.8583;0.5671;0.3216
N3Au3Cl5,11.4555;0.6492;0.4215
N3Li3Cl5,10.2608;0.5917;0.3501
N3Li3Mg5,9.8681;0.834;0.6956
N3Li3Te5,10.2198;0.5793;0.3356
N3Li3Br5,9.4541;0.6984;0.4878
N3Li3I5,10.9088;0.5159;0.2661
N3Si3Cl5,9.5636;0.4805;0.2308
N3Ta3Cl5,14.7067;0.5249;0.2755
N3Ta3Br5,9.8546;0.6964;0.4849
N3Na3Cl5,10.9387;0.5719;0.327
N3Na3Br5,10.4104;0.5838;0.3408
N3H3Cl5,9.5307;0.5364;0.2877
N3H3Mg5,9.3362;0.693;0.4803
N3Pt3Cl5,11.6182;0.5007;0.2507
N3Ge3Cl5,10.2628;0.4701;0.221
N3Te3Cl5,9.6126;0.5472;0.2994
N3Ir3Cl5,11.722;0.5281;0.2789
N3Yb3Cl5,12.7847;0.6084;0.3702
N3Lu3Cl5,13.3188;0.5955;0.3546
N3Lu3Br5,9.4906;0.6047;0.3657
N3Ag3Cl5,9.5872;0.5863;0.3437
N3Br3V5,9.7392;0.6417;0.4118
N3Br3Nb5,10.1312;0.5168;0.2671
N3Br3Zr5,10.0496;0.5313;0.2823
N3Br3Mn5,10.4475;0.5727;0.3279
N3Br3Ti5,11.8035;0.5596;0.3132
N3Br3Mg5,10.6422;0.4768;0.2274
N3Br3Li5,9.505;0.6129;0.3756
N3Br3Ge5,9.3848;0.6505;0.4231
N3Br3Sc5,10.8745;0.5569;0.3101
N3Br3Cr5,9.5035;0.524;0.2746
N3Br3Tc5,10.2779;0.6536;0.4272
N3Dy3Cl5,13.0328;0.6191;0.3832
N3Sc3Cl5,11.0103;0.398;0.1584
N3Sc3Br5,11.3694;0.543;0.2948
N3Cr3Br5,9.6213;0.5696;0.3244
N3Cr3I5,9.5516;0.5459;0.298
N3Cs3O5,10.4659;0.8185;0.6699
N3Cs3F5,10.8552;0.8595;0.7387
N3Cs3Cl5,12.0114;0.5312;0.2822
N3Tc3Cl5,9.9553;0.4138;0.1712
N3Tc3Br5,10.9116;0.6003;0.3604
N3Po3Cl5,11.2032;0.5334;0.2845
Be3Hf3Cl5,9.4138;0.738;0.5447
Be3B3Mg5,10.0817;0.8584;0.7368
Be3B3Si5,9.2652;0.8811;0.7763
Be3Ti3B5,10.27;0.9243;0.8543
Be3Mg3F5,10.0971;0.6215;0.3862
Be3Mg3N5,9.6375;0.7512;0.5643
Be3Mg3B5,9.4785;0.535;0.2862
Be3Li3Cl5,10.2952;0.609;0.3708
Be3Li3P5,9.3724;0.7839;0.6145
Nb3Cl3N5,9.6457;0.4447;0.1978
Nb3Sb3N5,9.5922;0.5359;0.2872
Nb3Te3N5,9.8832;0.5945;0.3534
Nb3I3N5,9.9475;0.6021;0.3625
Tl3Cl3N5,9.888;0.5205;0.2709
Y3Cl3N5,10.4667;0.4112;0.1691
Y3Pd3Ni5,10.4377;0.4447;0.1977
Y3Sb3N5,9.9776;0.528;0.2787
Y3Br3N5,9.7252;0.6501;0.4226
Hf3Cl3N5,14.3354;0.6127;0.3753
Hf3Se3N5,11.1781;0.6746;0.4551
Hf3Sb3N5,10.4762;0.6512;0.4241
Hf3Li3N5,9.4617;0.6682;0.4465
Hf3Li3Cl5,10.0597;0.6268;0.3929
Hf3H3Cl5,10.9873;0.6139;0.3769
Hf3Te3N5,10.2235;0.5666;0.3211
Hf3Br3N5,12.0738;0.6322;0.3996
Hf3I3N5,10.736;0.5363;0.2877
Cl3Sm3N5,11.3199;0.6008;0.361
Cl3Tb3N5,11.8337;0.5773;0.3333
Cl3Ce3N5,11.5275;0.6146;0.3777
Cl3B3Mg5,9.622;0.7488;0.5607
Cl3B3Li5,10.8899;0.7767;0.6033
Cl3Gd3N5,12.0689;0.5966;0.356
Cl3Zr3N5,10.6429;0.3837;0.1472
Cl3Ho3N5,11.5275;0.5413;0.293
Cl3Se3S5,9.4696;0.6719;0.4515
Cl3Hg3N5,9.9124;0.5688;0.3236
Cl3Eu3N5,11.3552;0.6158;0.3792
Cl3Rb3O5,10.7871;0.6203;0.3848
Cl3Rb3F5,10.7455;0.8332;0.6942
Cl3Rb3N5,12.0339;0.6548;0.4288
Cl3Pr3N5,11.422;0.517;0.2673
Cl3Mg3N5,10.3158;0.5134;0.2635
Cl3Mg3Be5,9.987;0.6698;0.4486
Cl3Mg3B5,11.994;0.7347;0.5398
Cl3Mg3Li5,9.5165;0.8851;0.7835
Cl3Mg3P5,9.7058;0.591;0.3492
Cl3Mg3H5,10.4263;0.7339;0.5387
Cl3Er3N5,11.6867;0.5064;0.2564
Cl3Au3N5,9.7133;0.4968;0.2468
Cl3Li3S5,9.3541;0.6964;0.4849
Cl3Li3N5,9.6705;0.568;0.3227
Cl3Li3B5,9.7209;0.707;0.4999
Cl3Li3P5,9.7731;0.6935;0.481
Cl3P3S5,9.8843;0.4862;0.2364
Cl3Ta3N5,11.5898;0.4847;0.235
Cl3Na3S5,9.5231;0.6825;0.4658
Cl3Na3N5,10.2927;0.5425;0.2943
Cl3Na3B5,9.3137;0.7494;0.5616
Cl3Na3P5,9.9445;0.6756;0.4564
Cl3H3Pb5,9.7669;0.5175;0.2678
Cl3H3N5,10.1373;0.551;0.3036
Cl3H3Hf5,9.7657;0.7033;0.4947
Cl3H3Mg5,10.1195;0.7181;0.5156
Cl3H3Sb5,10.3073;0.6082;0.3699
Cl3H3Pt5,9.7231;0.6846;0.4687
Cl3H3Te5,10.3038;0.578;0.334
Cl3H3Po5,9.6428;0.5883;0.3461
Cl3Pt3N5,10.142;0.5341;0.2853
Cl3Ir3N5,10.4;0.5437;0.2957
Cl3Yb3N5,10.9259;0.6172;0.3809
Cl3Lu3N5,11.3543;0.5337;0.2848
Cl3Br3S5,9.5528;0.6632;0.4398
Cl3Br3Li5,9.6201;0.6949;0.4829
Cl3Dy3N5,11.2302;0.6761;0.4571
Cl3Sc3N5,9.6478;0.4323;0.1869
Cl3Cs3O5,11.0539;0.6133;0.3762
Cl3Cs3F5,11.0426;0.7872;0.6197
Cl3Cs3N5,12.2665;0.5954;0.3545
Cl3Cs3H5,9.7694;0.6912;0.4777
Cl3Po3N5,10.3258;0.5462;0.2983
Cl3Po3H5,9.7679;0.6004;0.3604
Sm3Br3N5,10.0549;0.6902;0.4763
Tb3Br3N5,10.2127;0.6728;0.4527
Ce3Br3N5,9.828;0.6979;0.487
B3Mg3F5,9.8595;0.7317;0.5354
B3Mg3N5,10.3329;0.7267;0.5281
B3Li3Cl5,9.6048;0.5438;0.2957
B3Li3Mg5,9.3273;0.806;0.6496
B3Li3Si5,10.0845;1.1743;1.3789
B3Si3Be5,9.5636;0.6172;0.3809
B3Si3Li5,9.7255;0.812;0.6594
B3P3Li5,10.1655;0.6502;0.4227
B3H3Mg5,10.7189;1.0482;1.0988
Gd3Ge3N5,9.5792;0.5591;0.3125
Gd3Br3N5,10.2082;0.6691;0.4477
Pd3Yb3N5,9.6238;0.5226;0.2731
Pd3Ag3H5,10.7207;0.3921;0.1537
Zr3Sb3N5,10.0159;0.533;0.2841
Zr3Te3N5,9.5563;0.4905;0.2406
Zr3Br3N5,9.8831;0.5113;0.2614
Zr3I3N5,9.7189;0.5513;0.3039
Ho3Ge3N5,9.9301;0.627;0.3931
Ho3Br3N5,10.4118;0.6468;0.4184
Se3Eu3N5,9.4008;0.6194;0.3836
Se3Rb3O5,11.6471;1.0413;1.0843
Se3Rb3F5,9.4835;0.7412;0.5494
Se3Rb3N5,10.0163;0.6764;0.4575
Se3Er3N5,9.7343;0.6084;0.3702
Se3Lu3N5,9.6685;0.641;0.4109
Se3Cs3O5,10.3854;0.8802;0.7747
Se3Cs3F5,9.3046;0.7411;0.5493
Ti3Sb3N5,9.5786;0.4565;0.2084
Ti3Li3O5,10.2982;0.2089;0.0436
Ti3Li3Cl5,9.5926;0.5206;0.2711
Ti3Li3B5,9.3453;0.9442;0.8914
Ti3Po3N5,10.0647;0.6015;0.3618
Eu3H3Cl5,9.7847;0.6962;0.4847
Eu3Br3N5,10.0857;0.6635;0.4402
Rb3Sb3O5,9.4241;0.8967;0.8041
Rb3Zn3O5,9.8305;0.8315;0.6914
Rb3P3O5,11.4637;1.0024;1.0049
Rb3P3F5,9.5254;0.8525;0.7267
Rb3P3N5,9.5414;0.7117;0.5065
Rb3H3Cl5,10.4618;0.6167;0.3803
Rb3Cd3O5,9.3366;0.6739;0.4541
Rb3Br3O5,9.516;0.7706;0.5938
Rb3Br3F5,9.5932;0.8335;0.6946
Rb3Br3N5,10.8403;0.7081;0.5015
Rb3I3O5,9.4919;0.6546;0.4285
Rb3I3N5,9.5132;0.5648;0.3189
Pr3Br3N5,10.045;0.6925;0.4795
Mg3Li3O5,11.296;0.7707;0.594
Mg3Li3F5,10.5838;0.6343;0.4024
Mg3Li3N5,10.5505;0.7773;0.6043
Mg3Li3B5,12.0983;0.8386;0.7033
Mg3Si3Be5,9.5289;0.907;0.8226
Mg3Si3B5,16.6993;1.1181;1.2501
Mg3Si3H5,10.3038;0.7576;0.5739
Mg3P3Be5,9.76;0.8318;0.6919
Mg3P3B5,12.8808;1.0074;1.0149
Mg3Na3F5,9.3952;0.8771;0.7693
Mg3Na3N5,10.055;0.7623;0.581
Mg3Na3B5,11.5639;1.1134;1.2398
Mg3H3F5,9.5123;0.5992;0.3591
Mg3H3N5,9.9873;0.7432;0.5523
Mg3H3Cl5,9.8868;0.699;0.4886
Mg3H3B5,9.8159;0.8986;0.8074
Mg3H3Li5,9.737;0.7674;0.5889
Mg3Pt3N5,9.431;0.7249;0.5255
Sb3Sc3N5,9.4744;0.5414;0.2931
Er3Ge3N5,9.9247;0.6077;0.3693
Er3Br3N5,10.3637;0.6393;0.4087
Li3Si3B5,11.4401;1.0863;1.1801
Li3P3B5,10.3033;0.8771;0.7693
Li3Na3O5,9.7022;0.7776;0.6047
Li3H3Mg5,9.8468;0.8397;0.705
Li3Sc3B5,9.5655;0.7572;0.5734
Si3Na3B5,9.8325;1.24;1.5376
Si3H3Mg5,10.2623;0.7814;0.6106
P3Na3Cl5,9.4811;0.6606;0.4364
P3Na3B5,9.2007;0.9094;0.8269
P3H3Mg5,9.2868;0.8662;0.7504
P3Cs3O5,11.1662;1.0651;1.1344
P3Cs3F5,9.8769;0.8541;0.7296
Ta3H3Cl5,9.546;0.5392;0.2907
Ta3Br3N5,9.3009;0.725;0.5256
Na3H3Mg5,9.2999;0.9289;0.8629
H3Yb3Cl5,9.5167;0.6524;0.4256
H3Cs3O5,9.8798;0.9026;0.8147
H3Cs3F5,9.3582;0.8984;0.8071
H3Cs3Cl5,10.9333;0.5941;0.353
Ge3Yb3N5,9.7909;0.545;0.297
Ge3Dy3N5,9.5797;0.5943;0.3532
Lu3Br3N5,9.8354;0.5801;0.3366
Br3Dy3N5,9.9239;0.7338;0.5385
Br3Cs3N5,10.1921;0.497;0.2471

539 of 219450 appear to be promising

