hp_tune_blank_nc_normal:

{'ccp_alpha': 0.0, 'criterion': 'squared_error', 'max_depth': None, 'max_leaf_nodes': None, 'max_samples': None, 'min_impurity_decrease': 0.0, 'min_samples_leaf': 1, 'min_samples_split': 2, 'min_weight_fraction_leaf': 0.0, 'n_estimators': 200, 'n_jobs': None, 'oob_score': False, 'random_state': None, 'verbose': 0, 'warm_start': False, 'max_features': 'sqrt', 'bootstrap': False}

Ba3K3Fe4,9.905;0.759;0.576
Ba3K3As4,10.4339;0.7521;0.5657
Ba3K3Ca4,11.0335;0.7154;0.5118
Ba3K3La4,10.5441;0.7076;0.5006
Ba3K3Cu4,10.4463;0.7357;0.5413
Ba3K3O4,15.0052;0.8704;0.7577
Ba3K3Mo4,9.4172;0.7832;0.6135
Ba3K3Ru4,9.8137;0.7922;0.6276
Ba3K3Tm4,11.5016;0.7602;0.5778
Ba3K3Os4,10.5605;0.7709;0.5942
Ba3K3Sn4,10.9096;0.7202;0.5187
Ba3K3Nd4,12.6431;0.7569;0.5728
Ba3K3Bi4,14.5264;0.924;0.8537
Ba3K3Pb4,12.564;0.7899;0.624
Ba3K3S4,9.8894;0.7918;0.627
Ba3K3F4,11.4321;0.7373;0.5435
Ba3K3V4,10.9478;0.7618;0.5804
Ba3K3Sr4,12.1868;0.8222;0.676
Ba3K3Co4,9.7442;0.8045;0.6472
Ba3K3Re4,11.3902;0.7634;0.5828
Ba3K3W4,10.4957;0.7814;0.6105
Ba3K3N4,11.2141;0.6766;0.4578
Ba3K3Be4,11.4554;0.7662;0.5871
Ba3K3Nb4,9.4547;0.716;0.5126
Ba3K3Tl4,11.3204;0.771;0.5944
Ba3K3Y4,14.2995;0.924;0.8538
Ba3K3Hf4,11.6494;0.7248;0.5253
Ba3K3Cl4,11.7888;0.7181;0.5157
Ba3K3Sm4,11.4747;0.7521;0.5657
Ba3K3Ni4,9.4466;0.7634;0.5827
Ba3K3Tb4,11.1553;0.7727;0.5971
Ba3K3B4,11.1873;0.7043;0.4961
Ba3K3Gd4,11.3938;0.7541;0.5687
Ba3K3In4,11.2799;0.7844;0.6153
Ba3K3Pd4,10.7032;0.7587;0.5756
Ba3K3Zr4,11.4996;0.7519;0.5654
Ba3K3Mn4,11.2779;0.7481;0.5597
Ba3K3Ho4,11.3698;0.7552;0.5704
Ba3K3Se4,10.7132;0.8283;0.6861
Ba3K3Ti4,9.9886;0.7617;0.5802
Ba3K3Hg4,11.1166;0.7475;0.5588
Ba3K3Eu4,11.508;0.7511;0.5641
Ba3K3Rb4,11.9897;0.8037;0.646
Ba3K3Pr4,9.5908;0.7016;0.4922
Ba3K3Er4,11.3042;0.743;0.5521
Ba3K3Rh4,11.0409;0.7068;0.4995
Ba3K3Au4,10.2427;0.7898;0.6238
Ba3K3Zn4,10.925;0.7477;0.5591
Ba3K3Li4,9.4697;0.7034;0.4948
Ba3K3Np4,11.5197;0.7532;0.5673
Ba3K3Si4,10.1324;0.7576;0.5739
Ba3K3P4,10.1685;0.7401;0.5478
Ba3K3Ta4,10.457;0.7823;0.612
Ba3K3Na4,10.292;0.7809;0.6098
Ba3K3H4,11.475;0.7622;0.581
Ba3K3Pt4,10.6445;0.7352;0.5406
Ba3K3Ge4,10.3388;0.7419;0.5504
Ba3K3Pa4,11.5234;0.7541;0.5687
Ba3K3Ir4,9.3259;0.6893;0.4751
Ba3K3Yb4,11.4706;0.7458;0.5562
Ba3K3T4,11.5238;0.7534;0.5676
Ba3K3Th4,11.3166;0.7388;0.5458
Ba3K3Lu4,11.3345;0.7552;0.5703
Ba3K3Ag4,10.3875;0.7408;0.5487
Ba3K3Cd4,11.5016;0.7539;0.5684
Ba3K3Br4,11.4602;0.7338;0.5385
Ba3K3I4,11.5128;0.7616;0.58
Ba3K3Dy4,11.4099;0.775;0.6006
Ba3K3Sc4,11.4991;0.746;0.5565
Ba3K3Cr4,11.2944;0.6843;0.4682
Ba3K3D4,11.6031;0.7378;0.5443
Ba3K3Cs4,11.3822;0.7603;0.578
Ba3K3Tc4,11.7333;0.7556;0.5709
Ba3K3Pu4,11.5923;0.7931;0.6291
Ba3K3Am4,11.5233;0.7535;0.5678
Ba3K3Cm4,11.5233;0.7535;0.5678
Ba3K3Po4,11.5233;0.7535;0.5678
Ba3Fe3K4,10.1824;0.7827;0.6127
Ba3As3K4,10.4253;0.736;0.5416
Ba3Ca3K4,10.9373;0.7264;0.5277
Ba3La3K4,10.4253;0.7238;0.5238
Ba3Cu3K4,10.6751;0.7295;0.5322
Ba3O3K4,14.3638;0.7684;0.5904
Ba3Mo3K4,9.7231;0.7786;0.6062
Ba3Ru3K4,9.8339;0.7989;0.6383
Ba3Tm3K4,11.383;0.7637;0.5833
Ba3Os3K4,10.4634;0.7706;0.5938
Ba3Sn3K4,10.8798;0.7242;0.5245
Ba3Nd3K4,12.5286;0.7619;0.5805
Ba3Nd3Sr4,9.7352;1.0982;1.2061
Ba3Bi3K4,14.026;0.9289;0.8629
Ba3Pb3K4,12.2642;0.8128;0.6606
Ba3S3K4,10.3535;0.7821;0.6117
Ba3F3K4,11.2943;0.7385;0.5454
Ba3V3K4,10.8666;0.7622;0.581
Ba3Ga3K4,9.8129;0.7171;0.5143
Ba3Sr3K4,12.0966;0.8209;0.6738
Ba3Sr3Nd4,9.7967;1.0991;1.208
Ba3Co3K4,10.0909;0.8045;0.6473
Ba3Re3K4,11.2133;0.7614;0.5797
Ba3W3K4,10.4051;0.7811;0.6101
Ba3N3K4,11.3011;0.6527;0.426
Ba3N3Cl4,11.5351;0.5957;0.3549
Ba3N3C4,10.083;0.4709;0.2218
Ba3N3Li4,9.5516;0.5058;0.2558
Ba3Be3K4,11.3475;0.7693;0.5918
Ba3Nb3K4,9.4242;0.7239;0.524
Ba3Tl3K4,11.2361;0.776;0.6022
Ba3Y3K4,14.4426;0.9285;0.8621
Ba3Hf3K4,11.5948;0.7202;0.5187
Ba3Cl3K4,12.5079;0.7151;0.5114
Ba3Cl3N4,13.2346;0.5594;0.313
Ba3Sm3K4,11.3599;0.7573;0.5735
Ba3Ni3K4,9.5041;0.7863;0.6183
Ba3Tb3K4,11.045;0.776;0.6022
Ba3B3K4,11.1362;0.721;0.5199
Ba3Gd3K4,11.2802;0.7587;0.5756
Ba3In3K4,11.1737;0.7818;0.6111
Ba3Pd3K4,10.5833;0.7668;0.588
Ba3Zr3K4,11.484;0.755;0.57
Ba3Mn3K4,11.1727;0.7507;0.5635
Ba3Ho3K4,11.2589;0.76;0.5776
Ba3Se3K4,10.6904;0.8359;0.6987
Ba3Ti3K4,10.0798;0.7695;0.5921
Ba3Hg3K4,11.0325;0.7234;0.5234
Ba3Eu3K4,11.391;0.7556;0.571
Ba3Rb3K4,11.8873;0.8065;0.6504
Ba3Pr3K4,9.4947;0.7018;0.4925
Ba3Mg3K4,9.9192;0.9295;0.864
Ba3Mg3B4,11.6872;0.8897;0.7916
Ba3Mg3C4,9.2631;0.7398;0.5472
Ba3Er3K4,11.1914;0.7492;0.5613
Ba3Rh3K4,10.7154;0.7083;0.5017
Ba3Au3K4,10.3041;0.8019;0.6431
Ba3Zn3K4,10.8238;0.7553;0.5704
Ba3Li3K4,9.5937;0.7126;0.5077
Ba3Li3N4,9.6857;0.5031;0.2531
Ba3Np3K4,11.3994;0.7581;0.5747
Ba3Si3K4,10.5463;0.7167;0.5137
Ba3P3K4,10.136;0.7393;0.5465
Ba3Ta3K4,10.3685;0.7892;0.6228
Ba3Na3K4,11.0824;0.7516;0.5649
Ba3H3K4,11.3761;0.7637;0.5833
Ba3Pt3K4,10.8034;0.7179;0.5154
Ba3Ge3K4,10.1896;0.7517;0.5651
Ba3Pa3K4,11.4021;0.7584;0.5752
Ba3Te3K4,9.5138;0.7516;0.5649
Ba3Ir3K4,9.5629;0.694;0.4817
Ba3Yb3K4,11.3547;0.75;0.5626
Ba3T3K4,11.4029;0.7587;0.5756
Ba3Th3K4,11.2919;0.7534;0.5675
Ba3Lu3K4,11.2433;0.7566;0.5725
Ba3Ag3K4,10.3999;0.7368;0.5428
Ba3Cd3K4,11.387;0.7598;0.5773
Ba3Br3K4,11.3465;0.7422;0.5509
Ba3I3K4,11.3962;0.7682;0.5901
Ba3Dy3K4,11.2957;0.7773;0.6042
Ba3Sc3K4,11.3809;0.7524;0.5662
Ba3Cr3K4,11.4327;0.7214;0.5204
Ba3D3K4,11.6743;0.7461;0.5567
Ba3Cs3K4,11.267;0.7645;0.5845
Ba3Tc3K4,11.458;0.7615;0.5798
Ba3Pu3K4,11.4785;0.7968;0.6349
Ba3Am3K4,11.4021;0.7584;0.5752
Ba3Cm3K4,11.4021;0.7584;0.5752
Ba3Po3K4,11.4021;0.7584;0.5752
K3Fe3Ba4,10.2457;0.7887;0.6221
K3As3Ba4,10.5297;0.7334;0.5379
K3Ca3Ba4,11.0448;0.7156;0.5121
K3La3Ba4,10.5335;0.7158;0.5124
K3Cu3Ba4,10.7828;0.7212;0.5202
K3O3Ba4,14.3874;0.7613;0.5796
K3Mo3Ba4,9.7753;0.7814;0.6106
K3Ru3Ba4,9.9294;0.7912;0.626
K3Tm3Ba4,11.496;0.7567;0.5726
K3Os3Ba4,10.5681;0.7643;0.5841
K3Sn3Ba4,10.9805;0.7198;0.5181
K3Nd3Ba4,12.6432;0.7565;0.5723
K3Bi3Ba4,14.109;0.9177;0.8421
K3Pb3Ba4,12.3158;0.8215;0.6748
K3S3Ba4,10.408;0.7825;0.6122
K3F3Ba4,11.4033;0.736;0.5417
K3V3Ba4,10.9772;0.7625;0.5814
K3Ga3Ba4,9.8995;0.7122;0.5073
K3Sr3Ba4,12.1871;0.8169;0.6674
K3Co3Ba4,10.1883;0.8034;0.6455
K3Re3Ba4,11.3183;0.7557;0.571
K3W3Ba4,10.4912;0.7802;0.6087
K3N3Ba4,11.3664;0.6446;0.4155
K3N3Cl4,11.9524;0.4555;0.2075
K3Be3Ba4,11.4599;0.7604;0.5782
K3Nb3Ba4,9.478;0.7204;0.519
K3Tl3Ba4,11.3264;0.7702;0.5932
K3Y3Ba4,14.527;0.9193;0.845
K3Hf3Ba4,11.7051;0.7173;0.5146
K3Cl3Ba4,12.5744;0.7139;0.5097
K3Cl3N4,13.4744;0.468;0.2191
K3Sm3Ba4,11.4699;0.7486;0.5605
K3Ni3Ba4,9.5548;0.7833;0.6135
K3Tb3Ba4,11.149;0.7719;0.5958
K3B3Ba4,11.2394;0.7113;0.506
K3Gd3Ba4,11.3904;0.7517;0.565
K3In3Ba4,11.2795;0.7762;0.6024
K3Pd3Ba4,10.6863;0.7528;0.5666
K3Zr3Ba4,11.5744;0.7502;0.5628
K3Mn3Ba4,11.2768;0.7457;0.5561
K3Ho3Ba4,11.3648;0.7529;0.5669
K3Se3Ba4,10.7535;0.8365;0.6998
K3Ti3Ba4,10.1641;0.7721;0.5961
K3Hg3Ba4,11.1435;0.7219;0.5212
K3Eu3Ba4,11.5026;0.7481;0.5596
K3Rb3Ba4,11.9831;0.7983;0.6373
K3Pr3Ba4,9.5953;0.695;0.483
K3Mg3Ba4,9.9936;0.9155;0.8381
K3Mg3B4,10.1298;0.9728;0.9464
K3Er3Ba4,11.3001;0.7398;0.5474
K3Rh3Ba4,10.814;0.7057;0.498
K3Au3Ba4,10.3977;0.7913;0.6261
K3Zn3Ba4,10.9211;0.7524;0.5661
K3Li3Ba4,9.6705;0.7122;0.5073
K3Li3N4,9.5415;0.5704;0.3254
K3Np3Ba4,11.5149;0.7502;0.5628
K3Si3Ba4,10.6547;0.7146;0.5107
K3P3Ba4,10.2547;0.74;0.5476
K3Ta3Ba4,10.4563;0.7833;0.6135
K3Na3Ba4,11.1838;0.7521;0.5657
K3H3Ba4,11.4723;0.7609;0.5789
K3Pt3Ba4,10.9117;0.7096;0.5035
K3Ge3Ba4,10.2899;0.7422;0.5509
K3Pa3Ba4,11.5179;0.7504;0.5631
K3Te3Ba4,9.6139;0.7455;0.5558
K3Ir3Ba4,9.6521;0.6836;0.4674
K3Yb3Ba4,11.4657;0.7429;0.5519
K3T3Ba4,11.5184;0.7503;0.563
K3Th3Ba4,11.3999;0.7464;0.5571
K3Lu3Ba4,11.3483;0.7495;0.5617
K3Ag3Ba4,10.5041;0.7292;0.5318
K3Cd3Ba4,11.5003;0.7523;0.566
K3Br3Ba4,11.4576;0.7312;0.5347
K3I3Ba4,11.5089;0.7607;0.5787
K3Dy3Ba4,11.404;0.7722;0.5963
K3Sc3Ba4,11.4927;0.744;0.5536
K3Cr3Ba4,11.523;0.7119;0.5068
K3D3Ba4,11.78;0.7408;0.5488
K3Cs3Ba4,11.3774;0.7563;0.5719
K3Tc3Ba4,11.5708;0.7533;0.5675
K3Pu3Ba4,11.5868;0.7909;0.6256
K3Am3Ba4,11.5179;0.7504;0.5631
K3Cm3Ba4,11.5179;0.7504;0.5631
K3Po3Ba4,11.5179;0.7504;0.5631
Fe3N3Cl4,10.0556;0.5925;0.351
Fe3N3Li4,9.9542;0.4888;0.2389
Fe3Cl3N4,12.6181;0.5433;0.2952
Fe3B3Mg4,9.4147;0.8307;0.6901
Fe3Mg3B4,12.5221;0.9549;0.9118
Fe3Mg3C4,9.5083;0.6753;0.456
Fe3Mg3Li4,9.847;0.966;0.9331
Fe3Li3N4,10.0386;0.4811;0.2315
As3Ca3Li4,10.0996;0.3889;0.1512
As3N3Cl4,10.3099;0.5948;0.3538
As3N3C4,10.4062;0.4248;0.1805
As3N3Li4,10.0878;0.5277;0.2785
As3Cl3N4,12.9086;0.5655;0.3198
As3C3Mg4,9.5503;0.6094;0.3713
As3Mg3B4,12.0269;0.9493;0.9012
As3Mg3C4,9.8805;0.7148;0.5109
As3Mg3Li4,9.3583;0.9532;0.9086
As3Li3N4,10.2526;0.4903;0.2404
Ca3La3Li4,10.8248;0.2892;0.0836
Ca3Cu3Li4,10.3822;0.3168;0.1004
Ca3O3Li4,10.8809;0.2823;0.0797
Ca3Ru3Li4,9.705;0.3852;0.1484
Ca3Tm3Li4,11.4293;0.2758;0.0761
Ca3Os3Li4,9.9697;0.3581;0.1282
Ca3Sn3Li4,10.2217;0.3191;0.1018
Ca3Nd3Li4,11.2583;0.3006;0.0904
Ca3S3Li4,9.9713;0.3359;0.1128
Ca3F3Li4,10.5765;0.3345;0.1119
Ca3Sr3Li4,10.7514;0.2924;0.0855
Ca3Co3Mo4,10.0765;0.2975;0.0885
Ca3Re3Li4,10.0553;0.3539;0.1252
Ca3W3Li4,11.0889;0.2765;0.0765
Ca3N3Cl4,10.1995;0.5873;0.3449
Ca3N3C4,10.7054;0.4049;0.164
Ca3N3Li4,12.0213;0.4166;0.1736
Ca3Tl3Li4,11.3779;0.2904;0.0843
Ca3Y3Li4,9.6126;0.3923;0.1539
Ca3Hf3Li4,12.817;0.3326;0.1106
Ca3Cl3N4,12.9165;0.5436;0.2955
Ca3Cl3Li4,11.0421;0.2658;0.0707
Ca3Sm3Li4,11.3892;0.2761;0.0762
Ca3Tb3Li4,10.4334;0.301;0.0906
Ca3C3N4,9.9104;0.3442;0.1185
Ca3C3Pd4,9.9835;0.5674;0.3219
Ca3C3Mg4,10.1325;0.6281;0.3944
Ca3Gd3Li4,11.1647;0.2858;0.0817
Ca3In3Li4,10.825;0.3339;0.1115
Ca3Pd3Li4,10.1324;0.2889;0.0835
Ca3Zr3Li4,9.8947;0.2893;0.0837
Ca3Mn3Li4,10.6881;0.2843;0.0808
Ca3Ho3Li4,11.0814;0.3072;0.0944
Ca3Se3Li4,10.6793;0.2666;0.0711
Ca3Eu3Li4,11.4438;0.2702;0.073
Ca3Pr3Li4,10.8874;0.277;0.0768
Ca3Mg3B4,10.9509;0.9204;0.8472
Ca3Mg3C4,10.6994;0.707;0.4999
Ca3Mg3Li4,12.4377;0.8208;0.6738
Ca3Sb3Li4,10.0375;0.3633;0.132
Ca3Er3Li4,10.6463;0.2894;0.0838
Ca3Rh3Li4,10.3852;0.3637;0.1323
Ca3Li3La4,9.8389;0.3547;0.1258
Ca3Li3O4,10.6639;0.2608;0.068
Ca3Li3Tm4,10.3201;0.3646;0.1329
Ca3Li3Nd4,10.1954;0.3773;0.1424
Ca3Li3F4,9.7381;0.396;0.1568
Ca3Li3Sr4,9.7873;0.3789;0.1435
Ca3Li3W4,10.0249;0.371;0.1376
Ca3Li3N4,11.6407;0.472;0.2228
Ca3Li3Tl4,10.2953;0.3674;0.135
Ca3Li3Hf4,11.8873;0.4443;0.1974
Ca3Li3Sm4,10.2903;0.3654;0.1335
Ca3Li3Gd4,10.0963;0.3735;0.1395
Ca3Li3In4,9.8367;0.4002;0.1601
Ca3Li3Mn4,9.7021;0.3727;0.1389
Ca3Li3Ho4,10.032;0.3951;0.1561
Ca3Li3Eu4,10.34;0.3659;0.1339
Ca3Li3Pr4,9.8374;0.3357;0.1127
Ca3Li3Mg4,10.885;0.6639;0.4408
Ca3Li3Er4,9.6848;0.373;0.1392
Ca3Li3Np4,10.3523;0.3742;0.14
Ca3Li3Na4,10.1686;0.3453;0.1192
Ca3Li3Pa4,10.3527;0.3734;0.1394
Ca3Li3Yb4,10.2812;0.3815;0.1455
Ca3Li3T4,10.3514;0.3726;0.1388
Ca3Li3Th4,9.699;0.3852;0.1484
Ca3Li3Lu4,9.7538;0.3605;0.13
Ca3Li3Cd4,10.1533;0.3696;0.1366
Ca3Li3Br4,10.7436;0.4094;0.1676
Ca3Li3I4,11.3082;0.4789;0.2294
Ca3Li3Dy4,10.1356;0.3857;0.1488
Ca3Li3Sc4,10.1556;0.363;0.1318
Ca3Li3D4,9.8202;0.3191;0.1018
Ca3Li3Cs4,9.7545;0.4091;0.1674
Ca3Li3Tc4,10.3451;0.3226;0.1041
Ca3Li3Pu4,10.0896;0.4547;0.2068
Ca3Li3Am4,10.3525;0.3739;0.1398
Ca3Li3Cm4,10.3525;0.3739;0.1398
Ca3Li3Po4,10.3525;0.3739;0.1398
Ca3Np3Li4,11.4637;0.2714;0.0737
Ca3Si3Li4,10.103;0.3228;0.1042
Ca3P3Li4,10.2885;0.2949;0.0869
Ca3Ta3Li4,9.7627;0.3359;0.1128
Ca3Na3Li4,11.2511;0.279;0.0779
Ca3Pa3Li4,11.4637;0.2714;0.0737
Ca3Yb3Li4,11.3643;0.2894;0.0838
Ca3T3Li4,11.4624;0.2699;0.0729
Ca3Th3Li4,11.0208;0.3099;0.096
Ca3Lu3Li4,10.7132;0.2968;0.0881
Ca3Cd3Li4,11.2666;0.298;0.0888
Ca3Br3Li4,11.598;0.3157;0.0997
Ca3I3Li4,12.1198;0.382;0.1459
Ca3Dy3Li4,11.1964;0.289;0.0835
Ca3Sc3Li4,11.2097;0.2798;0.0783
Ca3Cr3Li4,9.6148;0.3874;0.1501
Ca3D3Li4,10.8878;0.2722;0.0741
Ca3Cs3Li4,10.7483;0.3141;0.0987
Ca3Tc3Li4,11.4367;0.2651;0.0703
Ca3Pu3Li4,10.9924;0.3409;0.1162
Ca3Am3Li4,11.4637;0.2714;0.0737
Ca3Cm3Li4,11.4637;0.2714;0.0737
Ca3Po3Li4,11.4637;0.2714;0.0737
La3N3C4,9.6722;0.434;0.1884
La3Cl3N4,11.721;0.5662;0.3206
La3C3Mg4,9.4832;0.5177;0.268
La3Mg3B4,9.9332;0.8485;0.7199
La3Mg3C4,9.9959;0.675;0.4557
La3Li3Ca4,9.8011;0.3489;0.1217
Cu3N3Cl4,10.1636;0.5965;0.3558
Cu3N3C4,10.4754;0.4036;0.1629
Cu3N3Li4,10.173;0.5015;0.2515
Cu3Cl3N4,12.7234;0.5692;0.324
Cu3C3N4,9.6823;0.3357;0.1127
Cu3Li3N4,10.3478;0.4577;0.2095
O3N3Cl4,10.3753;0.5326;0.2836
O3N3C4,10.3793;0.414;0.1714
O3N3Li4,10.8699;0.4256;0.1811
O3Cl3N4,13.1001;0.5641;0.3182
O3C3N4,9.689;0.3299;0.1089
O3C3Mg4,9.7902;0.606;0.3673
O3Mg3B4,12.0417;0.9225;0.851
O3Mg3C4,10.1323;0.7094;0.5032
O3Mg3Li4,10.2406;0.8642;0.7468
O3Li3Ca4,10.3175;0.2989;0.0894
O3Li3N4,11.1241;0.4132;0.1707
O3Li3Mg4,9.5725;0.7257;0.5266
Mo3Ru3P4,9.753;0.4283;0.1834
Mo3Co3Ni4,10.4314;0.4127;0.1703
Mo3Co3Tc4,10.3489;0.2763;0.0763
Mo3N3C4,10.8333;0.3485;0.1215
Mo3Nb3C4,10.1805;0.2043;0.0417
Mo3Y3Ni4,9.6033;0.4769;0.2275
Mo3Cl3N4,11.358;0.5767;0.3325
Mo3Ni3Co4,10.3774;0.4036;0.1629
Mo3Ni3P4,13.1289;0.3494;0.1221
Mo3Ni3Tc4,10.1392;0.4042;0.1634
Mo3Mg3B4,12.1886;0.9864;0.973
Mo3Mg3C4,11.3065;0.625;0.3906
Mo3P3Ru4,11.9011;0.3661;0.134
Mo3P3Ni4,13.3556;0.3998;0.1598
Mo3Br3S4,10.4929;0.3097;0.0959
Mo3Br3Ni4,9.5555;0.4563;0.2082
Mo3Pu3Co4,9.8231;0.3916;0.1534
Ru3Cl3N4,11.6546;0.6172;0.3809
Ru3Mg3B4,11.0965;0.9231;0.852
Ru3P3Mo4,10.5846;0.4214;0.1776
Tm3Co3Mo4,10.1068;0.3117;0.0972
Tm3N3Cl4,10.4842;0.5839;0.341
Tm3N3C4,10.6113;0.3766;0.1418
Tm3N3Li4,10.5008;0.4804;0.2307
Tm3Cl3N4,13.1148;0.5529;0.3057
Tm3C3N4,9.8327;0.2908;0.0846
Tm3C3Mg4,9.8334;0.5912;0.3495
Tm3Mg3B4,12.2116;0.9419;0.8871
Tm3Mg3C4,10.1206;0.6959;0.4842
Tm3Mg3Li4,9.6879;0.9765;0.9536
Tm3Li3Ca4,10.2888;0.3633;0.132
Tm3Li3N4,10.6915;0.438;0.1918
Os3N3Cl4,10.0008;0.6048;0.3658
Os3N3C4,10.1191;0.4246;0.1803
Os3N3Li4,9.9352;0.516;0.2662
Os3Cl3N4,12.5012;0.5742;0.3297
Os3Mg3B4,11.6765;1.0032;1.0064
Os3Mg3C4,9.6055;0.6687;0.4471
Os3Mg3Li4,9.2362;0.9521;0.9064
Os3Li3N4,10.1134;0.5024;0.2525
Sn3Al3Nb4,15.2684;0.2772;0.0768
Sn3N3Cl4,10.1352;0.5754;0.331
Sn3N3C4,10.4777;0.3914;0.1532
Sn3N3Li4,10.0918;0.4844;0.2346
Sn3Nb3Al4,15.5464;0.4045;0.1636
Sn3Cl3N4,12.6712;0.5596;0.3131
Sn3C3N4,9.6917;0.3338;0.1114
Sn3C3Mg4,9.4934;0.6402;0.4098
Sn3Mg3B4,11.6237;0.9773;0.9551
Sn3Mg3C4,9.8085;0.7744;0.5997
Sn3Mg3Li4,9.2035;1.0152;1.0306
Sn3Li3N4,10.2749;0.4597;0.2113
Nd3Sr3Ba4,9.7928;1.1113;1.2349
Nd3Co3Mo4,10.0789;0.3369;0.1135
Nd3N3Cl4,10.4771;0.5892;0.3472
Nd3N3C4,10.0058;0.4291;0.1841
Nd3N3Li4,10.4788;0.4785;0.2289
Nd3Cl3N4,13.1045;0.5574;0.3106
Nd3Mg3B4,12.1719;0.942;0.8874
Nd3Mg3C4,9.4792;0.682;0.4652
Nd3Mg3Li4,9.6786;0.9518;0.906
Nd3Li3Ca4,10.1632;0.3766;0.1418
Nd3Li3N4,10.6686;0.4354;0.1896
Bi3N3Cl4,10.0;0.556;0.3091
Bi3N3C4,9.9787;0.4222;0.1783
Bi3Cl3N4,12.5062;0.592;0.3504
Bi3Mg3B4,9.7258;0.8701;0.757
Pb3N3Cl4,10.1841;0.599;0.3588
Pb3N3C4,10.2966;0.4279;0.1831
Pb3N3Li4,10.6411;0.4627;0.2141
Pb3Cl3N4,12.7138;0.5252;0.2758
Pb3B3Mg4,9.8119;0.7473;0.5585
Pb3C3Mg4,10.0319;0.5785;0.3347
Pb3Mg3B4,12.2933;0.8953;0.8015
Pb3Mg3C4,10.3646;0.6537;0.4273
Pb3Mg3Li4,11.1515;0.7638;0.5834
Pb3Li3N4,10.5889;0.4772;0.2278
Pb3Li3Mg4,10.5286;0.683;0.4665
S3N3Cl4,10.3043;0.5748;0.3304
S3N3C4,10.6429;0.4287;0.1838
S3N3Li4,9.8032;0.5401;0.2918
S3Cl3N4,12.9069;0.5634;0.3174
S3C3N4,9.7054;0.3323;0.1105
S3C3Mg4,10.1757;0.5579;0.3112
S3Mg3B4,12.5197;0.9344;0.8731
S3Mg3C4,10.6873;0.6469;0.4185
S3Mg3Li4,9.2029;0.9347;0.8737
S3Li3N4,9.8399;0.5185;0.2689
S3Br3Mo4,9.8119;0.3221;0.1037
F3Co3Mo4,10.1409;0.3061;0.0937
F3N3Cl4,10.3337;0.5806;0.3371
F3N3C4,10.2058;0.4033;0.1626
F3N3Li4,10.185;0.4742;0.2248
F3Cl3N4,12.9903;0.558;0.3114
F3C3Mg4,9.6661;0.5777;0.3337
F3Mg3B4,10.9232;0.8445;0.7133
F3Mg3C4,9.8447;0.6647;0.4419
F3Mg3Li4,9.3908;0.8986;0.8075
F3Li3Ca4,9.6717;0.3949;0.1559
F3Li3N4,10.3679;0.4645;0.2157
V3N3Cl4,9.6351;0.5271;0.2779
V3Cl3N4,12.2064;0.5078;0.2579
V3C3Mg4,9.4656;0.6349;0.4031
V3Mg3B4,12.1932;0.9372;0.8784
V3Mg3C4,9.6673;0.7464;0.5571
Ga3Co3Pu4,9.8067;0.5271;0.2778
Ga3N3Cl4,9.6614;0.4783;0.2287
Ga3N3Li4,9.5413;0.5184;0.2688
Ga3Cl3N4,11.8124;0.5327;0.2838
Ga3Mg3B4,12.0864;1.0599;1.1233
Ga3Mg3Li4,9.561;1.0091;1.0183
Ga3Li3N4,9.7089;0.5118;0.262
Al3Nb3Sn4,15.9767;0.2913;0.0849
Al3Nb3Ge4,9.7757;0.4938;0.2438
Al3Cl3N4,9.7979;0.5861;0.3436
Al3Mg3B4,12.3357;0.9051;0.8192
Al3Ge3Nb4,10.1215;0.5111;0.2612
Sr3Co3Mo4,9.7527;0.3387;0.1147
Sr3N3Cl4,11.87;0.5938;0.3526
Sr3N3C4,10.8575;0.4222;0.1783
Sr3N3Li4,10.5427;0.5058;0.2558
Sr3Cl3N4,13.8993;0.5226;0.2732
Sr3C3N4,10.0469;0.3502;0.1227
Sr3C3Mg4,9.8055;0.5631;0.3171
Sr3Mg3B4,12.2592;0.9437;0.8906
Sr3Mg3C4,10.1492;0.6743;0.4546
Sr3Mg3Li4,9.6406;0.9748;0.9502
Sr3Li3Ca4,9.7689;0.3768;0.142
Sr3Li3N4,10.7321;0.4776;0.2281
Co3Be3Mo4,9.9973;0.3455;0.1193
Co3Cl3N4,11.6663;0.5636;0.3176
Co3Sm3Mo4,10.1065;0.3359;0.1128
Co3Ni3Mo4,10.9884;0.3794;0.144
Co3B3Mg4,9.2537;0.8721;0.7606
Co3C3Mg4,9.521;0.5744;0.33
Co3Gd3Mo4,9.9824;0.3302;0.109
Co3Ho3Mo4,10.0624;0.3125;0.0977
Co3Se3Mo4,9.772;0.3338;0.1114
Co3Ti3Mo4,9.9183;0.2937;0.0862
Co3Hg3Mo4,10.1608;0.3185;0.1015
Co3Pr3Mo4,9.7955;0.3242;0.1051
Co3Mg3Mo4,9.3302;0.7382;0.5449
Co3Mg3B4,11.9607;0.9757;0.952
Co3Mg3C4,9.8407;0.6512;0.424
Co3Mg3Li4,9.7454;0.9474;0.8976
Co3Er3Mo4,9.7941;0.3494;0.1221
Co3Li3Mg4,9.1703;0.8749;0.7655
Co3Np3Mo4,10.0993;0.3291;0.1083
Co3Ta3Mo4,9.7607;0.3549;0.126
Co3H3Mo4,9.8239;0.3336;0.1113
Co3Pa3Mo4,10.1701;0.318;0.1011
Co3Yb3Mo4,9.7388;0.2704;0.0731
Co3T3Mo4,10.1701;0.318;0.1011
Co3Th3Mo4,10.023;0.3072;0.0944
Co3Lu3Mo4,9.7753;0.3298;0.1088
Co3Br3Mo4,10.3884;0.2703;0.073
Co3I3Mo4,10.0807;0.353;0.1246
Co3Dy3Mo4,9.8302;0.3381;0.1143
Co3Sc3Mo4,10.0467;0.3299;0.1088
Co3D3Mo4,10.0168;0.31;0.0961
Co3Tc3Mo4,10.1764;0.3235;0.1047
Co3Pu3Mo4,10.6696;0.3597;0.1294
Co3Pu3Ga4,10.3234;0.4981;0.2481
Co3Am3Mo4,10.1701;0.318;0.1011
Co3Cm3Mo4,10.1701;0.318;0.1011
Co3Po3Mo4,10.1701;0.318;0.1011
Re3N3Cl4,10.3809;0.5638;0.3179
Re3N3C4,10.5302;0.3909;0.1528
Re3N3Li4,10.2971;0.5332;0.2843
Re3Cl3N4,13.0188;0.5462;0.2983
Re3B3Mg4,9.5764;0.8029;0.6446
Re3C3N4,9.6868;0.3295;0.1086
Re3C3Mg4,9.7242;0.5598;0.3134
Re3Mg3B4,13.0619;0.8928;0.7972
Re3Mg3C4,10.1309;0.6667;0.4445
Re3Mg3Li4,9.7675;0.9712;0.9432
Re3Li3N4,10.4935;0.4719;0.2227
W3N3Cl4,9.5959;0.5902;0.3483
W3N3C4,9.8404;0.4359;0.19
W3Cl3N4,12.0932;0.5516;0.3043
W3C3Mg4,10.0997;0.5724;0.3276
W3Mg3B4,12.5208;0.9202;0.8468
W3Mg3C4,10.8049;0.6767;0.4579
W3Mg3Li4,9.4909;0.9298;0.8645
W3Li3Ca4,9.985;0.3763;0.1416
W3Li3N4,9.6118;0.4089;0.1672
N3Be3Cl4,10.4385;0.6057;0.3669
N3Be3C4,10.6235;0.3775;0.1425
N3Nb3Cl4,10.552;0.5822;0.339
N3Nb3C4,12.498;0.3431;0.1177
N3Nb3Ti4,11.5013;0.4903;0.2404
N3Nb3Li4,9.8426;0.585;0.3422
N3Tl3Cl4,10.4942;0.5816;0.3382
N3Tl3C4,10.5834;0.4497;0.2022
N3Tl3Li4,10.5083;0.4804;0.2308
N3Y3Cl4,9.4139;0.6154;0.3787
N3Y3Li4,9.9329;0.4553;0.2073
N3Hf3Cl4,17.1491;0.5114;0.2616
N3Hf3C4,10.849;0.4457;0.1987
N3Hf3Li4,16.1531;0.5288;0.2796
N3Hf3Br4,10.4107;0.5418;0.2936
N3Hf3I4,9.5675;0.574;0.3295
N3Cl3Ba4,14.5735;0.4797;0.2301
N3Cl3K4,14.3753;0.399;0.1592
N3Cl3Fe4,14.0601;0.5074;0.2575
N3Cl3As4,14.5377;0.4714;0.2223
N3Cl3Ca4,14.4503;0.4587;0.2104
N3Cl3La4,13.3097;0.45;0.2025
N3Cl3Cu4,14.1025;0.4793;0.2298
N3Cl3O4,14.0603;0.4111;0.169
N3Cl3Mo4,12.6656;0.4689;0.2199
N3Cl3Ru4,12.9752;0.552;0.3047
N3Cl3Tm4,14.7898;0.4381;0.1919
N3Cl3Os4,14.0832;0.4567;0.2085
N3Cl3Sn4,14.1328;0.4226;0.1786
N3Cl3Nd4,14.7759;0.4473;0.2001
N3Cl3Bi4,14.0963;0.459;0.2106
N3Cl3Pb4,14.3108;0.4406;0.1941
N3Cl3S4,14.4777;0.4375;0.1914
N3Cl3F4,14.6077;0.4294;0.1844
N3Cl3V4,13.4227;0.434;0.1884
N3Cl3Ga4,12.6099;0.4745;0.2252
N3Cl3Al4,10.5265;0.5883;0.3461
N3Cl3Sr4,15.5404;0.3619;0.131
N3Cl3Co4,12.7686;0.5124;0.2626
N3Cl3Re4,14.3761;0.4125;0.1702
N3Cl3W4,13.2985;0.5202;0.2706
N3Cl3Be4,14.7129;0.4642;0.2154
N3Cl3Nb4,14.6647;0.3894;0.1517
N3Cl3Tl4,14.7963;0.4345;0.1888
N3Cl3Y4,13.0941;0.5658;0.3201
N3Cl3Hf4,21.4502;0.2228;0.0496
N3Cl3Sm4,14.7905;0.4379;0.1918
N3Cl3Ni4,14.0302;0.5063;0.2564
N3Cl3Tb4,14.2284;0.4958;0.2458
N3Cl3Ce4,11.5288;0.6166;0.3803
N3Cl3B4,12.737;0.5057;0.2558
N3Cl3C4,12.9104;0.4679;0.219
N3Cl3Gd4,14.7442;0.4414;0.1948
N3Cl3In4,13.2046;0.4792;0.2297
N3Cl3Pd4,13.8696;0.4898;0.2399
N3Cl3Zr4,14.3229;0.1231;0.0151
N3Cl3Mn4,14.6801;0.4698;0.2207
N3Cl3Ho4,14.7707;0.4366;0.1907
N3Cl3Se4,13.7205;0.4605;0.212
N3Cl3Ti4,9.4927;0.6349;0.4031
N3Cl3Hg4,14.7927;0.4376;0.1915
N3Cl3Eu4,14.7895;0.4367;0.1907
N3Cl3Rb4,15.4439;0.347;0.1204
N3Cl3Pr4,14.3044;0.4962;0.2463
N3Cl3Mg4,13.2965;0.9209;0.848
N3Cl3Sb4,14.1689;0.4742;0.2248
N3Cl3Er4,14.7416;0.4307;0.1855
N3Cl3Rh4,13.659;0.4038;0.1631
N3Cl3Au4,13.5884;0.5602;0.3138
N3Cl3Zn4,14.4488;0.4105;0.1685
N3Cl3Li4,14.3848;0.3654;0.1335
N3Cl3Np4,14.7898;0.4382;0.192
N3Cl3Si4,13.6884;0.5737;0.3291
N3Cl3P4,14.7579;0.4507;0.2031
N3Cl3Ta4,14.5533;0.4788;0.2292
N3Cl3Na4,15.3601;0.2385;0.0569
N3Cl3H4,14.7098;0.4876;0.2377
N3Cl3Pt4,13.8622;0.4475;0.2003
N3Cl3Ge4,13.0989;0.5302;0.2811
N3Cl3Pa4,14.7899;0.438;0.1918
N3Cl3Te4,12.6011;0.4716;0.2224
N3Cl3Ir4,11.7455;0.4932;0.2433
N3Cl3Yb4,14.7848;0.4433;0.1965
N3Cl3T4,14.7904;0.4376;0.1915
N3Cl3U4,11.3253;0.6505;0.4232
N3Cl3Th4,14.3529;0.4749;0.2256
N3Cl3Lu4,14.6947;0.4372;0.1911
N3Cl3Ag4,11.4336;0.5897;0.3478
N3Cl3Cd4,14.7808;0.435;0.1893
N3Cl3Br4,14.7846;0.4525;0.2048
N3Cl3I4,14.9366;0.4652;0.2164
N3Cl3Dy4,14.767;0.4394;0.1931
N3Cl3Sc4,13.8909;0.5375;0.2889
N3Cl3Cr4,13.5453;0.5069;0.257
N3Cl3D4,14.7618;0.4307;0.1855
N3Cl3Cs4,15.6791;0.4259;0.1814
N3Cl3Tc4,14.8096;0.4197;0.1762
N3Cl3Pu4,14.7502;0.4337;0.1881
N3Cl3Am4,14.7899;0.438;0.1919
N3Cl3Cm4,14.7899;0.438;0.1918
N3Cl3Po4,14.7899;0.438;0.1918
N3Sm3Cl4,10.485;0.5833;0.3402
N3Sm3C4,10.5818;0.3954;0.1564
N3Sm3Li4,10.4953;0.4863;0.2365
N3Ni3Cl4,10.1159;0.5585;0.3119
N3Ni3C4,10.173;0.3909;0.1528
N3Ni3Li4,10.1651;0.5082;0.2583
N3Tb3Cl4,10.0372;0.6087;0.3705
N3Tb3Li4,9.9124;0.4755;0.2261
N3C3Ba4,9.8628;0.4167;0.1736
N3C3As4,10.1328;0.3901;0.1521
N3C3Ca4,10.3457;0.4013;0.161
N3C3La4,9.807;0.398;0.1584
N3C3Cu4,9.9667;0.4045;0.1636
N3C3O4,9.6134;0.4005;0.1604
N3C3Tm4,10.3402;0.333;0.1109
N3C3Os4,9.8316;0.375;0.1406
N3C3Sn4,10.0917;0.3619;0.131
N3C3Nd4,9.7377;0.3806;0.1448
N3C3Bi4,9.789;0.3683;0.1357
N3C3Pb4,10.0133;0.3937;0.155
N3C3S4,10.2455;0.3676;0.1351
N3C3F4,9.9646;0.368;0.1354
N3C3Sr4,10.5727;0.4028;0.1622
N3C3Re4,10.0292;0.3579;0.1281
N3C3Be4,10.3202;0.3493;0.122
N3C3Nb4,12.7554;0.3217;0.1035
N3C3Tl4,10.2492;0.4038;0.1631
N3C3Y4,9.7566;0.3757;0.1411
N3C3Hf4,9.9692;0.4616;0.2131
N3C3Cl4,10.6584;0.3729;0.1391
N3C3Sm4,10.3148;0.3562;0.1269
N3C3Ni4,9.7389;0.3706;0.1373
N3C3Gd4,9.7598;0.3692;0.1363
N3C3Pd4,11.4865;0.4974;0.2474
N3C3Zr4,9.9469;0.4041;0.1633
N3C3Mn4,9.7507;0.3766;0.1418
N3C3Ho4,10.1258;0.3862;0.1491
N3C3Se4,10.0577;0.3492;0.1219
N3C3Ti4,9.9172;0.3895;0.1517
N3C3Hg4,10.5242;0.3939;0.1551
N3C3Eu4,10.3957;0.3511;0.1233
N3C3Mg4,11.9322;0.5912;0.3495
N3C3Sb4,9.9144;0.3774;0.1425
N3C3Er4,10.1349;0.3504;0.1228
N3C3Au4,9.6049;0.415;0.1722
N3C3Zn4,9.9947;0.3685;0.1358
N3C3Li4,12.482;0.4569;0.2088
N3C3Np4,10.3972;0.3497;0.1223
N3C3Si4,10.0836;0.3712;0.1378
N3C3P4,10.318;0.3563;0.127
N3C3Ta4,10.67;0.2043;0.0418
N3C3Na4,13.0231;0.4397;0.1933
N3C3H4,11.495;0.5774;0.3333
N3C3Pa4,10.3981;0.3496;0.1222
N3C3Yb4,10.2008;0.3706;0.1374
N3C3T4,10.3982;0.3494;0.1221
N3C3Lu4,9.6372;0.3976;0.1581
N3C3Cd4,10.3806;0.3397;0.1154
N3C3Br4,11.5249;0.2877;0.0828
N3C3I4,11.1664;0.4191;0.1757
N3C3Dy4,10.0987;0.3485;0.1214
N3C3D4,10.4049;0.357;0.1274
N3C3Cs4,12.9533;0.7193;0.5174
N3C3Tc4,10.501;0.3449;0.1189
N3C3Pu4,10.3973;0.3315;0.1099
N3C3Am4,10.3979;0.3496;0.1222
N3C3Cm4,10.3979;0.3494;0.1221
N3C3Po4,10.3979;0.3494;0.1221
N3Gd3Cl4,10.4477;0.5877;0.3453
N3Gd3C4,10.0631;0.3864;0.1493
N3Gd3Li4,10.4527;0.4835;0.2338
N3Pd3Cl4,9.8484;0.5788;0.335
N3Pd3C4,10.8742;0.4173;0.1741
N3Pd3Li4,10.0719;0.4781;0.2286
N3Zr3Nb4,9.8045;0.439;0.1927
N3Zr3Cl4,14.114;0.0929;0.0086
N3Zr3C4,10.4282;0.4083;0.1667
N3Zr3Li4,11.1254;0.3867;0.1495
N3Zr3Br4,9.9074;0.4536;0.2058
N3Mn3Cl4,10.4008;0.5908;0.349
N3Mn3C4,9.9837;0.4215;0.1777
N3Mn3Li4,10.3467;0.4903;0.2403
N3Ho3Cl4,10.4732;0.5849;0.3421
N3Ho3C4,10.4251;0.4074;0.166
N3Ho3Li4,10.4585;0.4856;0.2358
N3Se3Cl4,9.9274;0.5559;0.309
N3Se3C4,10.37;0.4025;0.162
N3Se3Li4,9.8457;0.4559;0.2079
N3Ti3Nb4,12.8017;0.4078;0.1663
N3Ti3Cl4,9.5109;0.6376;0.4066
N3Ti3C4,10.7276;0.4255;0.1811
N3Ti3Rb4,10.0521;0.5518;0.3045
N3Ti3Li4,10.6731;0.5514;0.304
N3Ti3Br4,10.1769;0.5279;0.2786
N3Hg3Cl4,10.4871;0.5833;0.3402
N3Hg3C4,10.8342;0.4325;0.187
N3Eu3Cl4,10.4839;0.5818;0.3385
N3Eu3C4,10.6968;0.3815;0.1455
N3Eu3Li4,10.502;0.4801;0.2305
N3Rb3Cl4,12.2311;0.523;0.2735
N3Rb3Li4,10.6498;0.5078;0.2578
N3Rb3Br4,12.1427;0.4396;0.1932
N3Rb3Cs4,9.3494;0.7027;0.4938
N3Pr3Cl4,10.0923;0.5686;0.3233
N3Pr3C4,9.8152;0.4083;0.1667
N3Pr3Li4,10.0596;0.4969;0.2469
N3Mg3Cl4,12.0588;0.9759;0.9525
N3Mg3B4,11.8279;0.9005;0.8108
N3Mg3C4,12.4283;0.6762;0.4572
N3Mg3Zr4,9.4151;0.8735;0.7631
N3Mg3Ti4,9.937;0.8856;0.7842
N3Mg3Li4,13.1301;0.8656;0.7493
N3Mg3Na4,10.1259;0.9067;0.8221
N3Sb3Cl4,10.0383;0.5811;0.3377
N3Sb3C4,10.1898;0.3993;0.1594
N3Sb3Li4,9.9117;0.5428;0.2946
N3Er3Cl4,10.4519;0.5749;0.3305
N3Er3C4,10.4318;0.3602;0.1298
N3Er3Li4,10.3748;0.4759;0.2265
N3Rh3Cl4,9.6928;0.5781;0.3342
N3Rh3Li4,9.5703;0.5462;0.2983
N3Au3Cl4,9.6939;0.5672;0.3217
N3Au3C4,9.9507;0.4347;0.1889
N3Zn3Cl4,10.7718;0.5485;0.3009
N3Zn3C4,10.3115;0.3944;0.1556
N3Li3Ba4,9.9727;0.4893;0.2394
N3Li3K4,9.6864;0.565;0.3192
N3Li3Fe4,10.2543;0.4542;0.2063
N3Li3As4,10.5997;0.477;0.2275
N3Li3Ca4,11.9322;0.4153;0.1725
N3Li3La4,10.2264;0.4436;0.1968
N3Li3Cu4,10.3335;0.4816;0.232
N3Li3O4,11.3442;0.3839;0.1474
N3Li3Tm4,11.0399;0.4088;0.1671
N3Li3Os4,10.4289;0.473;0.2238
N3Li3Sn4,10.4974;0.4245;0.1802
N3Li3Nd4,11.0189;0.4138;0.1712
N3Li3Bi4,9.6092;0.5204;0.2708
N3Li3Pb4,11.0427;0.4117;0.1695
N3Li3S4,10.1012;0.4805;0.2309
N3Li3F4,10.6856;0.4386;0.1924
N3Li3Sr4,11.0707;0.4523;0.2046
N3Li3Re4,10.8831;0.412;0.1697
N3Li3W4,9.6714;0.3895;0.1517
N3Li3Be4,9.8372;0.4681;0.2191
N3Li3Nb4,10.6374;0.4963;0.2463
N3Li3Tl4,11.0475;0.4096;0.1677
N3Li3Y4,10.3422;0.423;0.1789
N3Li3Hf4,16.3452;0.5417;0.2934
N3Li3Cl4,12.8455;0.4594;0.2111
N3Li3Sm4,11.0344;0.4154;0.1726
N3Li3Ni4,10.4392;0.4476;0.2004
N3Li3Tb4,10.4346;0.4135;0.171
N3Li3C4,12.9308;0.4519;0.2042
N3Li3Gd4,10.9897;0.4129;0.1705
N3Li3In4,9.7291;0.4318;0.1865
N3Li3Pd4,10.6221;0.4102;0.1683
N3Li3Zr4,11.5849;0.3753;0.1409
N3Li3Mn4,10.8807;0.4221;0.1781
N3Li3Ho4,10.9925;0.4163;0.1733
N3Li3Se4,10.2916;0.4294;0.1844
N3Li3Ti4,11.0321;0.4932;0.2432
N3Li3Hg4,10.0197;0.4955;0.2456
N3Li3Eu4,11.0402;0.4089;0.1672
N3Li3Rb4,11.1193;0.4829;0.2332
N3Li3Pr4,10.5907;0.4403;0.1938
N3Li3Mg4,12.6576;0.7954;0.6327
N3Li3Sb4,10.4345;0.4469;0.1997
N3Li3Er4,10.9028;0.4071;0.1657
N3Li3Rh4,10.0473;0.4726;0.2234
N3Li3Au4,9.7967;0.4797;0.2301
N3Li3Np4,11.0396;0.4089;0.1672
N3Li3Si4,10.2825;0.451;0.2034
N3Li3P4,10.862;0.4493;0.2018
N3Li3Ta4,10.2061;0.4872;0.2374
N3Li3Na4,11.9742;0.4707;0.2216
N3Li3H4,9.4805;0.5268;0.2775
N3Li3Pt4,9.6075;0.5089;0.2589
N3Li3Ge4,9.584;0.5208;0.2712
N3Li3Pa4,11.0396;0.4088;0.1671
N3Li3Yb4,11.0268;0.4154;0.1726
N3Li3T4,11.0397;0.4087;0.1671
N3Li3Th4,10.5842;0.4816;0.2319
N3Li3Lu4,10.9075;0.4049;0.164
N3Li3Ag4,9.808;0.4857;0.2359
N3Li3Cd4,11.0237;0.4099;0.168
N3Li3Br4,13.7708;0.3811;0.1452
N3Li3I4,14.9112;0.4765;0.2271
N3Li3Dy4,10.9935;0.4335;0.1879
N3Li3Sc4,10.1725;0.4339;0.1883
N3Li3Cr4,9.8072;0.479;0.2295
N3Li3D4,10.9913;0.3981;0.1585
N3Li3Cs4,12.2448;0.6196;0.3839
N3Li3Tc4,11.0938;0.42;0.1764
N3Li3Pu4,10.9995;0.4433;0.1965
N3Li3Am4,11.0396;0.4088;0.1671
N3Li3Cm4,11.0396;0.4088;0.1671
N3Li3Po4,11.0396;0.4088;0.1671
N3Np3Cl4,10.4842;0.5839;0.341
N3Np3C4,10.6982;0.3819;0.1459
N3Np3Li4,10.5013;0.4807;0.2311
N3Si3Cl4,10.4004;0.5882;0.346
N3Si3C4,10.6432;0.408;0.1664
N3Si3Li4,10.5279;0.5135;0.2637
N3P3Cl4,10.4649;0.5785;0.3346
N3P3C4,10.6108;0.3901;0.1521
N3P3Li4,10.3945;0.4879;0.238
N3Ta3Cl4,10.5124;0.5614;0.3151
N3Ta3C4,10.689;0.258;0.0666
N3Ta3Li4,10.0444;0.4987;0.2487
N3Na3Nb4,9.9861;0.4565;0.2084
N3Na3Cl4,12.761;0.4534;0.2056
N3Na3C4,13.3293;0.4572;0.209
N3Na3Li4,11.4443;0.5091;0.2592
N3Na3Br4,9.4959;0.5632;0.3172
N3H3Cl4,10.4935;0.5705;0.3255
N3H3C4,11.8635;0.5986;0.3583
N3Pt3Cl4,10.2076;0.5576;0.3109
N3Pt3C4,10.0933;0.4177;0.1745
N3Pa3Cl4,10.4843;0.584;0.341
N3Pa3C4,10.6988;0.3813;0.1454
N3Pa3Li4,10.5013;0.4807;0.2311
N3Yb3Cl4,10.4808;0.5865;0.344
N3Yb3C4,10.4775;0.3785;0.1433
N3Yb3Li4,10.4867;0.4829;0.2332
N3T3Cl4,10.4847;0.5844;0.3415
N3T3C4,10.699;0.3814;0.1454
N3T3Li4,10.5014;0.4806;0.231
N3Th3Cl4,10.1822;0.5723;0.3275
N3Th3C4,10.3476;0.4326;0.1871
N3Th3Li4,10.1288;0.5084;0.2585
N3Lu3Cl4,10.4219;0.5776;0.3336
N3Lu3C4,9.8604;0.455;0.207
N3Lu3Li4,10.3832;0.4731;0.2238
N3Ag3C4,9.6778;0.3911;0.1529
N3Cd3Cl4,10.4828;0.584;0.3411
N3Cd3C4,10.686;0.3807;0.1449
N3Cd3Li4,10.4876;0.4812;0.2316
N3Br3Nb4,10.3064;0.429;0.184
N3Br3Hf4,10.1826;0.5568;0.31
N3Br3Cl4,11.4839;0.571;0.3261
N3Br3C4,11.7158;0.3276;0.1073
N3Br3Zr4,9.7694;0.4484;0.201
N3Br3Ti4,9.6196;0.5069;0.257
N3Br3Rb4,12.1708;0.4349;0.1892
N3Br3Li4,13.3402;0.4144;0.1717
N3Br3Na4,9.509;0.559;0.3125
N3Br3Cs4,9.5097;0.6451;0.4162
N3I3Nb4,9.5529;0.452;0.2043
N3I3Cl4,10.7066;0.6062;0.3675
N3I3C4,11.4711;0.4225;0.1785
N3I3Li4,14.2965;0.5444;0.2964
N3Dy3Cl4,10.4634;0.585;0.3422
N3Dy3C4,10.4011;0.3773;0.1423
N3Dy3Li4,10.4579;0.5;0.25
N3Sc3Cl4,9.7707;0.6103;0.3724
N3Sc3C4,9.707;0.4888;0.2389
N3Sc3Li4,9.6359;0.4836;0.2339
N3Cr3Cl4,9.5578;0.5459;0.298
N3D3Cl4,10.504;0.593;0.3516
N3D3C4,10.7358;0.3712;0.1378
N3D3Li4,10.5205;0.4561;0.208
N3Cs3Nb4,10.2497;0.5024;0.2524
N3Cs3Cl4,11.5584;0.5647;0.3189
N3Cs3C4,13.5701;0.6933;0.4806
N3Cs3Rb4,9.3498;0.7032;0.4945
N3Cs3Li4,11.729;0.6618;0.4379
N3Cs3Br4,9.4981;0.6454;0.4166
N3Tc3Cl4,10.4915;0.585;0.3422
N3Tc3C4,10.7691;0.3668;0.1346
N3Tc3Li4,10.5085;0.4833;0.2336
N3Pu3Cl4,10.4795;0.5902;0.3483
N3Pu3C4,10.6854;0.3674;0.135
N3Pu3Li4,10.4709;0.505;0.255
N3Am3Cl4,10.4843;0.5839;0.341
N3Am3C4,10.699;0.3814;0.1455
N3Am3Li4,10.5013;0.4807;0.2311
N3Cm3Cl4,10.4843;0.584;0.341
N3Cm3C4,10.6988;0.3813;0.1454
N3Cm3Li4,10.5013;0.4807;0.2311
N3Po3Cl4,10.4843;0.584;0.341
N3Po3C4,10.6988;0.3813;0.1454
N3Po3Li4,10.5013;0.4807;0.2311
Be3Cl3N4,13.0478;0.5721;0.3273
Be3C3N4,9.8252;0.3041;0.0925
Be3C3Mg4,9.6069;0.5371;0.2885
Be3Mg3B4,9.7081;0.7567;0.5726
Be3Mg3C4,10.0431;0.6483;0.4203
Nb3Cl3N4,13.4157;0.4777;0.2282
Nb3Ni3C4,9.7581;0.4353;0.1895
Nb3C3N4,11.213;0.2873;0.0825
Nb3C3Mg4,10.3255;0.5872;0.3448
Nb3Ti3N4,12.4844;0.4542;0.2063
Nb3Mg3B4,11.8736;0.9769;0.9542
Nb3Mg3C4,10.8849;0.6685;0.4469
Nb3Li3N4,10.2619;0.5785;0.3347
Nb3Ge3Al4,10.4066;0.5418;0.2935
Nb3Cs3N4,9.4754;0.6069;0.3684
Tl3Cl3N4,13.1241;0.5524;0.3051
Tl3C3N4,9.7452;0.3591;0.129
Tl3Mg3B4,10.0958;0.8708;0.7582
Tl3Mg3C4,9.4517;0.6839;0.4677
Tl3Li3Ca4,10.3092;0.3659;0.1339
Tl3Li3N4,10.6999;0.4376;0.1915
Y3Cl3N4,11.6342;0.6437;0.4143
Y3C3Pd4,9.5339;0.5763;0.3322
Y3C3Th4,10.0601;0.4675;0.2185
Y3Pd3Ni4,13.6898;0.34;0.1156
Y3Mg3B4,10.8143;1.0562;1.1155
Y3Li3N4,10.0977;0.4426;0.1959
Y3Th3C4,11.6936;0.4001;0.1601
Hf3Cl3V4,9.612;0.5271;0.2779
Hf3Cl3N4,21.2124;0.3714;0.1379
Hf3Cl3Li4,10.4981;0.6931;0.4804
Hf3Cl3Ta4,10.0449;0.5076;0.2576
Hf3Cl3D4,9.536;0.5367;0.288
Hf3Cl3Tc4,9.8925;0.522;0.2725
Hf3B3Mg4,9.4682;0.8603;0.7401
Hf3C3N4,10.2109;0.4509;0.2033
Hf3Mg3B4,12.9031;0.9439;0.8909
Hf3Mg3C4,9.596;0.7116;0.5064
Hf3Mg3Li4,11.4337;1.0572;1.1177
Hf3Li3Ca4,12.0396;0.4454;0.1984
Hf3Li3O4,10.4796;0.4578;0.2096
Hf3Li3N4,16.4156;0.4957;0.2457
Hf3Li3Cl4,10.054;0.6293;0.396
Hf3Li3Mg4,10.8022;0.9253;0.8561
Hf3Li3I4,10.1518;0.6588;0.434
Hf3Br3N4,10.1946;0.524;0.2745
Hf3I3Li4,9.4957;0.6296;0.3964
Cl3Sm3N4,13.1156;0.5534;0.3062
Cl3Ni3N4,12.6685;0.5727;0.328
Cl3Tb3N4,12.5478;0.5875;0.3451
Cl3Ce3N4,10.4521;0.6557;0.4299
Cl3B3N4,11.665;0.5623;0.3162
Cl3B3Mg4,11.2484;0.8295;0.6881
Cl3C3N4,11.8083;0.4865;0.2366
Cl3C3Mg4,9.9801;0.6198;0.3841
Cl3Gd3N4,13.0771;0.5557;0.3088
Cl3In3N4,11.9661;0.512;0.2621
Cl3Pd3N4,12.3405;0.6223;0.3872
Cl3Zr3N4,13.6777;0.1664;0.0277
Cl3Mn3N4,13.0294;0.5905;0.3487
Cl3Ho3N4,13.1024;0.5538;0.3067
Cl3Se3N4,12.0799;0.5564;0.3096
Cl3Ti3N4,12.6017;0.518;0.2683
Cl3Hg3N4,13.1178;0.5532;0.306
Cl3Eu3N4,13.1139;0.5518;0.3045
Cl3Rb3N4,14.16;0.4745;0.2251
Cl3Pr3N4,12.6411;0.5897;0.3478
Cl3Mg3N4,13.414;0.8;0.6401
Cl3Mg3Hf4,9.6852;0.783;0.613
Cl3Mg3B4,14.1159;1.0044;1.0088
Cl3Mg3C4,10.3081;0.7053;0.4975
Cl3Mg3Zr4,9.5171;1.076;1.1577
Cl3Mg3Ti4,9.4477;0.9938;0.9877
Cl3Mg3Li4,11.5954;0.9195;0.8454
Cl3Mg3Na4,9.9864;0.9046;0.8183
Cl3Sb3N4,12.5699;0.5682;0.3229
Cl3Er3N4,13.0813;0.5467;0.2988
Cl3Rh3N4,12.1505;0.5126;0.2627
Cl3Au3N4,12.1601;0.5971;0.3566
Cl3Zn3N4,13.0532;0.5365;0.2878
Cl3Li3Ca4,10.4395;0.3661;0.134
Cl3Li3N4,14.1756;0.3359;0.1128
Cl3Li3Hf4,11.0321;0.6425;0.4128
Cl3Li3Mg4,11.0365;0.8041;0.6466
Cl3Np3N4,13.115;0.5534;0.3063
Cl3Si3N4,12.9864;0.5447;0.2967
Cl3P3N4,13.095;0.554;0.3069
Cl3P3Hf4,9.4839;0.5647;0.3188
Cl3Ta3N4,13.2573;0.5685;0.3232
Cl3Ta3Hf4,10.0685;0.5507;0.3033
Cl3Na3N4,14.4078;0.4009;0.1607
Cl3H3N4,13.1453;0.5538;0.3067
Cl3H3Hf4,9.5204;0.5401;0.2917
Cl3Pt3N4,12.8677;0.5296;0.2805
Cl3Ge3N4,11.5742;0.6269;0.393
Cl3Pa3N4,13.1151;0.5533;0.3061
Cl3Te3N4,11.1246;0.5836;0.3406
Cl3Ir3N4,10.7754;0.5646;0.3187
Cl3Yb3N4,13.1116;0.5561;0.3093
Cl3T3N4,13.1155;0.5528;0.3056
Cl3U3N4,10.0841;0.7029;0.4941
Cl3Th3N4,12.7709;0.5577;0.3111
Cl3Lu3N4,13.0392;0.5459;0.2981
Cl3Ag3N4,10.2471;0.6357;0.4041
Cl3Cd3N4,13.1094;0.5548;0.3078
Cl3Br3N4,13.434;0.5164;0.2667
Cl3I3N4,13.313;0.5422;0.294
Cl3Dy3N4,13.0973;0.5502;0.3027
Cl3Sc3N4,12.2589;0.5591;0.3126
Cl3Cr3N4,12.0383;0.5829;0.3398
Cl3D3N4,13.1256;0.5564;0.3096
Cl3D3Hf4,10.1523;0.578;0.3341
Cl3Cs3N4,14.0969;0.5506;0.3031
Cl3Tc3N4,13.1203;0.5508;0.3034
Cl3Pu3N4,13.0974;0.557;0.3102
Cl3Pu3Hf4,9.457;0.6026;0.3631
Cl3Am3N4,13.1151;0.5533;0.3061
Cl3Cm3N4,13.1151;0.5533;0.3061
Cl3Po3N4,13.1151;0.5533;0.3061
Sm3C3N4,9.8069;0.3148;0.0991
Sm3C3Mg4,9.7137;0.5887;0.3465
Sm3Mg3B4,12.0994;0.9445;0.8921
Sm3Mg3C4,10.0009;0.6963;0.4848
Sm3Mg3Li4,9.6774;0.9786;0.9576
Sm3Li3Ca4,10.2612;0.3653;0.1334
Sm3Li3N4,10.6858;0.4429;0.1962
Ni3C3Nb4,10.3725;0.4392;0.1929
Ni3C3Mg4,9.5185;0.4996;0.2496
Ni3Mg3B4,10.6018;0.8828;0.7792
Ni3Mg3C4,9.7704;0.5713;0.3264
Ni3Mg3Li4,9.5612;0.8778;0.7706
Ni3Li3N4,10.2747;0.4769;0.2274
Ni3P3Mo4,13.7821;0.3359;0.1128
Ni3Br3Mo4,10.0844;0.4026;0.1621
Tb3Mg3B4,11.5306;0.9532;0.9086
Tb3Mg3Li4,9.5077;0.9662;0.9335
Tb3Li3N4,10.0673;0.4478;0.2005
Ce3Mg3B4,10.1076;0.9238;0.8534
B3C3Pd4,11.265;0.5659;0.3203
B3C3Mg4,14.7373;0.6325;0.4001
B3Zr3Mg4,11.3375;0.9544;0.9109
B3Mn3Mg4,12.7908;1.1414;1.3029
B3Ti3Mg4,12.2016;1.0336;1.0684
B3Mg3Ba4,9.3865;0.8253;0.6811
B3Mg3Fe4,9.6514;0.9048;0.8186
B3Mg3As4,9.3604;0.8855;0.7841
B3Mg3O4,9.2915;0.8603;0.7401
B3Mg3Mo4,9.9156;0.8329;0.6938
B3Mg3Tm4,9.4466;0.9123;0.8323
B3Mg3Os4,9.1333;0.8951;0.8012
B3Mg3Sn4,9.1805;0.8655;0.7491
B3Mg3Nd4,9.4216;0.903;0.8155
B3Mg3Pb4,10.4697;0.8789;0.7724
B3Mg3S4,9.8585;0.8915;0.7948
B3Mg3V4,9.4201;0.9051;0.8191
B3Mg3Ga4,9.184;0.8989;0.8081
B3Mg3Sr4,9.6593;0.8902;0.7925
B3Mg3Co4,9.317;0.9599;0.9213
B3Mg3Re4,10.4901;0.8879;0.7884
B3Mg3W4,9.8136;0.8638;0.7462
B3Mg3N4,9.6529;0.807;0.6513
B3Mg3Nb4,9.3538;0.8836;0.7808
B3Mg3Hf4,10.0946;0.9052;0.8193
B3Mg3Cl4,10.8795;0.9025;0.8145
B3Mg3Sm4,9.3712;0.9066;0.8218
B3Mg3C4,14.9022;0.6449;0.4159
B3Mg3Gd4,9.2166;0.8992;0.8085
B3Mg3Pd4,9.3011;0.833;0.6939
B3Mg3Zr4,12.4585;1.0195;1.0394
B3Mg3Mn4,11.1645;1.0271;1.0549
B3Mg3Ho4,9.2353;0.9059;0.8207
B3Mg3Se4,9.55;0.8786;0.772
B3Mg3Ti4,13.0972;1.0944;1.1978
B3Mg3Eu4,9.5314;0.8953;0.8015
B3Mg3Rb4,9.5107;0.8794;0.7733
B3Mg3Pr4,9.186;0.8986;0.8075
B3Mg3Er4,9.1984;0.8855;0.784
B3Mg3Li4,13.3217;1.015;1.0302
B3Mg3Np4,9.5451;0.9002;0.8104
B3Mg3P4,9.5119;0.9087;0.8258
B3Mg3Ta4,9.4839;0.8905;0.793
B3Mg3Na4,12.5803;0.9654;0.9319
B3Mg3H4,9.97;0.8714;0.7593
B3Mg3Pa4,9.5544;0.8988;0.8079
B3Mg3Yb4,9.3262;0.9037;0.8167
B3Mg3T4,9.5663;0.8991;0.8085
B3Mg3Th4,9.3217;0.9333;0.871
B3Mg3Lu4,9.5128;0.8796;0.7737
B3Mg3Br4,9.8584;0.9009;0.8117
B3Mg3I4,9.6706;0.909;0.8263
B3Mg3Dy4,9.3014;0.8982;0.8068
B3Mg3Sc4,10.1751;0.8739;0.7637
B3Mg3D4,10.4062;0.882;0.7779
B3Mg3Cs4,9.499;0.8779;0.7708
B3Mg3Tc4,10.594;0.8715;0.7595
B3Mg3Pu4,10.1135;0.8504;0.7231
B3Mg3Am4,9.556;0.8992;0.8086
B3Mg3Cm4,9.5561;0.8991;0.8083
B3Mg3Po4,9.5561;0.8991;0.8083
B3Li3Mg4,13.2988;0.9174;0.8417
B3Na3Mg4,11.6052;1.0017;1.0034
B3H3Mg4,9.2513;0.8102;0.6565
B3Br3Mg4,9.1956;0.8236;0.6784
B3Sc3Mg4,9.8494;0.8933;0.798
B3D3Mg4,10.0255;0.7846;0.6156
B3Pu3Mg4,9.4441;0.8178;0.6688
C3In3Mg4,9.7342;0.5609;0.3146
C3Pd3N4,10.1586;0.3795;0.144
C3Pd3B4,11.8412;0.5578;0.3112
C3Pd3Mg4,10.4462;0.5419;0.2937
C3Zr3N4,9.6667;0.3517;0.1237
C3Zr3Mg4,9.8701;0.6329;0.4005
C3Mn3Mg4,10.0106;0.7121;0.5071
C3Ho3Mg4,9.5274;0.5889;0.3468
C3Se3Mg4,9.8422;0.581;0.3376
C3Ti3N4,9.7792;0.415;0.1722
C3Ti3Mg4,11.0678;0.7547;0.5696
C3Hg3N4,10.0191;0.3535;0.1249
C3Hg3Mg4,9.7272;0.6238;0.3892
C3Eu3N4,9.8884;0.3113;0.0969
C3Eu3Mg4,9.8477;0.5752;0.3308
C3Mg3Fe4,9.3896;0.6794;0.4616
C3Mg3As4,9.8707;0.6932;0.4805
C3Mg3Ca4,10.5144;0.6712;0.4506
C3Mg3La4,9.3944;0.6681;0.4464
C3Mg3O4,10.073;0.7026;0.4937
C3Mg3Mo4,9.815;0.6894;0.4753
C3Mg3Tm4,10.1391;0.6791;0.4612
C3Mg3Os4,9.5645;0.6601;0.4357
C3Mg3Sn4,9.7113;0.7772;0.604
C3Mg3Nd4,9.4828;0.6453;0.4165
C3Mg3Pb4,10.4006;0.6514;0.4244
C3Mg3S4,10.5078;0.6241;0.3896
C3Mg3F4,9.8884;0.6553;0.4294
C3Mg3Sr4,10.1174;0.658;0.433
C3Mg3Co4,9.5961;0.6469;0.4185
C3Mg3Re4,10.0723;0.6564;0.4309
C3Mg3W4,10.442;0.6595;0.4349
C3Mg3N4,11.9114;0.6803;0.4628
C3Mg3Be4,9.9911;0.643;0.4134
C3Mg3Nb4,10.7764;0.6736;0.4537
C3Mg3Y4,9.7096;0.6638;0.4407
C3Mg3Cl4,9.7178;0.6849;0.4691
C3Mg3Sm4,10.0152;0.6776;0.4592
C3Mg3Ni4,10.1073;0.5327;0.2837
C3Mg3B4,18.6327;0.5033;0.2534
C3Mg3Gd4,9.6808;0.6202;0.3847
C3Mg3In4,9.973;0.6673;0.4453
C3Mg3Pd4,11.5411;0.6981;0.4874
C3Mg3Zr4,10.1083;0.8165;0.6667
C3Mg3Mn4,9.9169;0.7317;0.5355
C3Mg3Ho4,9.8308;0.6869;0.4719
C3Mg3Se4,10.1538;0.6682;0.4466
C3Mg3Ti4,11.3101;0.8121;0.6595
C3Mg3Eu4,10.1547;0.6644;0.4415
C3Mg3Pr4,9.6214;0.6538;0.4275
C3Mg3Sb4,9.6984;0.642;0.4122
C3Mg3Er4,9.9068;0.6328;0.4004
C3Mg3Li4,13.6087;0.9373;0.8785
C3Mg3Np4,10.1549;0.6652;0.4425
C3Mg3P4,10.0311;0.6675;0.4455
C3Mg3Ta4,10.408;0.6879;0.4732
C3Mg3Na4,11.4762;0.6514;0.4244
C3Mg3H4,10.4116;0.6495;0.4218
C3Mg3Pa4,10.1567;0.6652;0.4425
C3Mg3Yb4,9.8582;0.6667;0.4445
C3Mg3T4,10.1572;0.6654;0.4428
C3Mg3Th4,9.8244;0.6783;0.4601
C3Mg3Lu4,9.6809;0.6492;0.4215
C3Mg3Br4,10.559;0.6506;0.4233
C3Mg3I4,10.5186;0.6625;0.4389
C3Mg3Dy4,9.891;0.6725;0.4523
C3Mg3Sc4,9.4067;0.6466;0.4181
C3Mg3D4,10.2605;0.6804;0.4629
C3Mg3Tc4,10.3472;0.6614;0.4374
C3Mg3Pu4,10.2243;0.6528;0.4261
C3Mg3Am4,10.1565;0.6654;0.4428
C3Mg3Cm4,10.1565;0.6654;0.4428
C3Mg3Po4,10.1565;0.6654;0.4428
C3Er3Mg4,9.5992;0.553;0.3058
C3Li3N4,12.3415;0.4395;0.1931
C3Li3Pd4,9.5537;0.5808;0.3374
C3Li3Mg4,13.8293;0.8777;0.7704
C3Np3N4,9.8897;0.3107;0.0965
C3Np3Mg4,9.8505;0.5762;0.332
C3Si3N4,9.9158;0.3397;0.1154
C3P3N4,9.8132;0.3161;0.0999
C3P3Mg4,9.7294;0.582;0.3387
C3Ta3N4,10.6389;0.1457;0.0212
C3Ta3Mg4,10.0942;0.5999;0.3598
C3Na3N4,12.6762;0.4204;0.1767
C3Na3Mg4,11.0612;0.5391;0.2907
C3H3N4,11.2094;0.5627;0.3166
C3H3Mg4,10.1018;0.5735;0.3289
C3Pa3N4,9.8903;0.3105;0.0964
C3Pa3Mg4,9.8514;0.5762;0.3321
C3Yb3N4,9.6976;0.3363;0.1131
C3Yb3Mg4,9.5666;0.5845;0.3417
C3T3N4,9.8905;0.3106;0.0965
C3T3Mg4,9.8518;0.5758;0.3315
C3Th3Y4,10.3602;0.4648;0.216
C3Th3Pd4,10.7859;0.6426;0.4129
C3Th3Mg4,10.129;0.6141;0.3772
C3Cd3N4,9.8746;0.3056;0.0934
C3Cd3Mg4,9.8049;0.5879;0.3456
C3Br3N4,10.9031;0.2771;0.0768
C3Br3Pd4,9.5015;0.5935;0.3523
C3Br3Mg4,10.1555;0.5632;0.3171
C3I3N4,10.6476;0.3967;0.1574
C3I3Pd4,9.4703;0.5529;0.3057
C3I3Mg4,10.2294;0.5737;0.3291
C3Dy3Mg4,9.5902;0.5682;0.3228
C3Sc3Mg4,10.1717;0.6427;0.413
C3D3N4,9.9509;0.3055;0.0933
C3D3Pd4,9.529;0.577;0.3329
C3D3Mg4,10.043;0.5684;0.3231
C3Cs3N4,12.4916;0.6906;0.4769
C3Tc3N4,9.9586;0.309;0.0955
C3Tc3Mg4,9.9635;0.5716;0.3267
C3Pu3N4,9.8843;0.3012;0.0907
C3Pu3Mg4,9.9028;0.5661;0.3205
C3Am3N4,9.8903;0.3106;0.0965
C3Am3Mg4,9.8514;0.5762;0.3321
C3Cm3N4,9.8903;0.3105;0.0964
C3Cm3Mg4,9.8514;0.5762;0.3321
C3Po3N4,9.8903;0.3105;0.0964
C3Po3Mg4,9.8514;0.5762;0.3321
Gd3Mg3B4,11.8699;0.9286;0.8623
Gd3Mg3C4,9.7;0.6571;0.4318
Gd3Mg3Li4,9.6292;0.9726;0.946
Gd3Li3Ca4,10.0732;0.3723;0.1386
Gd3Li3N4,10.6463;0.4411;0.1946
In3Mg3B4,11.5646;0.9242;0.8542
In3Mg3C4,9.9757;0.6574;0.4322
In3Mg3Li4,9.6139;0.9537;0.9095
In3Li3Ca4,9.8305;0.3808;0.145
In3Li3N4,9.5575;0.4784;0.2288
Pd3Mg3B4,12.1907;0.8474;0.7181
Pd3Mg3C4,10.7286;0.6316;0.3989
Pd3Mg3Li4,9.2983;0.8854;0.784
Pd3Li3N4,10.1438;0.4457;0.1986
Zr3Mg3N4,9.2903;0.8032;0.6452
Zr3Mg3Cl4,9.2567;1.0967;1.2028
Zr3Mg3B4,14.7401;1.0357;1.0726
Zr3Mg3C4,10.2966;0.8234;0.678
Zr3Mg3Ti4,9.2838;0.968;0.9369
Zr3Mg3Li4,11.1258;1.0742;1.1539
Zr3Li3N4,11.5111;0.3718;0.1382
Zr3Li3Mg4,10.4163;0.9048;0.8186
Mn3Mg3B4,13.6717;1.0498;1.102
Mn3Mg3C4,9.8486;0.7341;0.5389
Mn3Mg3Li4,10.6001;1.0616;1.1269
Mn3Li3Ca4,9.685;0.381;0.1452
Mn3Li3N4,10.546;0.4602;0.2118
Mn3Li3Mg4,11.1127;1.1646;1.3562
Ho3Mg3B4,12.0018;0.9559;0.9137
Ho3Mg3C4,9.8351;0.7024;0.4934
Ho3Mg3Li4,9.6239;0.9915;0.983
Ho3Li3Ca4,10.0054;0.4;0.16
Ho3Li3N4,10.6489;0.4491;0.2017
Se3Mg3B4,12.3197;0.939;0.8817
Se3Mg3C4,10.197;0.6859;0.4705
Se3Mg3Li4,9.2554;0.9768;0.954
Se3Li3N4,9.9046;0.457;0.2088
Ti3Mg3Re4,9.0094;1.0082;1.0164
Ti3Mg3N4,9.7483;0.8493;0.7213
Ti3Mg3Cl4,8.988;1.1135;1.2398
Ti3Mg3B4,15.2254;1.1243;1.2641
Ti3Mg3C4,11.4939;0.8175;0.6682
Ti3Mg3Zr4,9.188;0.9733;0.9474
Ti3Mg3Li4,10.859;0.9477;0.8982
Ti3Mg3Na4,9.0941;0.9815;0.9633
Ti3Li3N4,11.1507;0.4683;0.2193
Ti3Li3Mg4,10.813;0.8839;0.7812
Hg3Mg3B4,10.09;0.8565;0.7337
Hg3Mg3C4,10.0853;0.6926;0.4796
Hg3Li3N4,9.6831;0.5208;0.2713
Eu3Mg3B4,12.3036;0.9497;0.9019
Eu3Mg3C4,10.202;0.6792;0.4613
Eu3Mg3Li4,9.6887;0.9792;0.9589
Eu3Li3Ca4,10.3082;0.369;0.1362
Eu3Li3N4,10.6915;0.4375;0.1914
Rb3Mg3B4,12.1221;0.8955;0.8019
Rb3Mg3Li4,9.2168;0.9163;0.8395
Rb3Li3N4,10.754;0.4806;0.2309
Rb3Br3N4,11.3528;0.4921;0.2422
Pr3Mg3B4,11.9866;0.9344;0.8732
Pr3Mg3C4,9.6189;0.6504;0.423
Pr3Mg3Li4,9.5601;0.9984;0.9967
Pr3Li3Ca4,9.8299;0.3313;0.1098
Pr3Li3N4,10.2077;0.4684;0.2194
Mg3Sb3B4,11.6671;0.9904;0.9809
Mg3Sb3C4,9.7267;0.6544;0.4282
Mg3Sb3Li4,9.2419;1.011;1.022
Mg3Er3B4,12.0581;0.9309;0.8667
Mg3Er3C4,9.9625;0.6452;0.4163
Mg3Er3Li4,9.5862;0.9813;0.9629
Mg3Rh3B4,10.0661;1.023;1.0465
Mg3Zn3B4,9.0666;1.0965;1.2023
Mg3Li3Fe4,9.981;0.9608;0.9231
Mg3Li3As4,9.5888;0.9554;0.9127
Mg3Li3Ca4,11.9252;0.8446;0.7134
Mg3Li3O4,11.1748;0.8573;0.735
Mg3Li3Ru4,9.118;0.9725;0.9458
Mg3Li3Tm4,9.9527;0.9774;0.9553
Mg3Li3Os4,9.4668;0.9516;0.9056
Mg3Li3Sn4,9.3529;0.9743;0.9493
Mg3Li3Nd4,9.939;0.9569;0.9156
Mg3Li3Pb4,11.4154;0.7502;0.5628
Mg3Li3S4,9.3499;0.9117;0.8311
Mg3Li3F4,9.6488;0.8913;0.7944
Mg3Li3V4,9.2533;0.9227;0.8514
Mg3Li3Ga4,9.2309;1.0552;1.1134
Mg3Li3Sr4,9.8917;0.9925;0.985
Mg3Li3Co4,9.6157;0.9365;0.877
Mg3Li3Re4,10.0677;0.9659;0.933
Mg3Li3W4,9.7429;0.9334;0.8713
Mg3Li3N4,13.1754;0.8149;0.6641
Mg3Li3Y4,9.0679;1.0017;1.0034
Mg3Li3Hf4,11.6838;1.0659;1.1362
Mg3Li3Cl4,11.1714;0.8865;0.7858
Mg3Li3Sm4,9.9363;0.9815;0.9633
Mg3Li3Ni4,9.7325;0.8772;0.7694
Mg3Li3Tb4,9.7572;0.9634;0.9281
Mg3Li3B4,15.428;1.0201;1.0406
Mg3Li3C4,13.7643;0.9247;0.8551
Mg3Li3Gd4,9.8894;0.9751;0.9509
Mg3Li3In4,9.8777;0.9643;0.9299
Mg3Li3Pd4,9.769;0.8481;0.7193
Mg3Li3Zr4,11.3511;1.0498;1.1021
Mg3Li3Mn4,10.8397;1.0626;1.1292
Mg3Li3Ho4,9.8793;0.9959;0.9919
Mg3Li3Se4,9.4615;0.9857;0.9716
Mg3Li3Ti4,11.2022;0.9391;0.8818
Mg3Li3Eu4,9.9568;0.982;0.9643
Mg3Li3Rb4,9.4126;0.9;0.81
Mg3Li3Pr4,9.8113;0.997;0.9939
Mg3Li3Sb4,9.5034;1.008;1.0161
Mg3Li3Er4,9.8386;0.9898;0.9797
Mg3Li3Np4,9.9575;0.9791;0.9587
Mg3Li3P4,9.8886;0.9517;0.9057
Mg3Li3Ta4,9.3257;0.9885;0.977
Mg3Li3Na4,11.318;0.9791;0.9587
Mg3Li3Pa4,9.9591;0.9787;0.9579
Mg3Li3Ir4,9.3975;0.8102;0.6565
Mg3Li3Yb4,9.9416;0.9773;0.9552
Mg3Li3T4,9.9596;0.9787;0.9579
Mg3Li3Th4,9.8007;0.9699;0.9407
Mg3Li3Lu4,9.8453;0.962;0.9254
Mg3Li3Br4,10.8785;0.906;0.8208
Mg3Li3I4,10.9256;0.8973;0.8051
Mg3Li3Dy4,9.9079;0.9807;0.9618
Mg3Li3Sc4,10.2613;1.0043;1.0086
Mg3Li3D4,10.0606;0.9708;0.9425
Mg3Li3Cs4,9.7999;0.9886;0.9773
Mg3Li3Tc4,10.0938;0.9734;0.9476
Mg3Li3Pu4,10.0664;0.949;0.9005
Mg3Li3Am4,9.9592;0.9786;0.9577
Mg3Li3Cm4,9.9592;0.9786;0.9577
Mg3Li3Po4,9.9592;0.9786;0.9577
Mg3Np3B4,12.333;0.9451;0.8932
Mg3Np3C4,10.2015;0.6801;0.4625
Mg3Np3Li4,9.6917;0.9779;0.9562
Mg3P3B4,12.3543;0.9396;0.8829
Mg3P3C4,10.0669;0.6854;0.4697
Mg3P3Li4,9.6988;0.9416;0.8866
Mg3Ta3B4,12.1779;0.9434;0.8899
Mg3Ta3C4,10.5343;0.7095;0.5033
Mg3Ta3Li4,9.1298;0.9716;0.944
Mg3Na3Pb4,9.6135;0.7047;0.4966
Mg3Na3N4,9.8884;0.8643;0.747
Mg3Na3Cl4,9.0965;0.9508;0.904
Mg3Na3B4,14.9241;0.998;0.9959
Mg3Na3C4,11.5666;0.6679;0.4461
Mg3Na3Ti4,9.2238;0.9944;0.9888
Mg3Na3Li4,11.0582;0.9895;0.9792
Mg3H3B4,12.642;0.9035;0.8163
Mg3H3C4,10.512;0.6727;0.4525
Mg3Pt3B4,11.4782;0.9518;0.9059
Mg3Pt3C4,9.4225;0.6536;0.4272
Mg3Ge3B4,11.2185;1.0113;1.0227
Mg3Pa3B4,12.3399;0.9446;0.8922
Mg3Pa3C4,10.2035;0.6805;0.4631
Mg3Pa3Li4,9.6925;0.9772;0.955
Mg3Te3B4,10.5487;0.9466;0.896
Mg3Ir3Li4,9.2353;0.8363;0.6994
Mg3Yb3B4,12.0141;0.9579;0.9175
Mg3Yb3C4,9.8517;0.6976;0.4866
Mg3Yb3Li4,9.6779;0.9757;0.9519
Mg3T3B4,12.3478;0.9438;0.8907
Mg3T3C4,10.2038;0.6806;0.4632
Mg3T3Li4,9.6927;0.9774;0.9553
Mg3U3B4,9.5471;0.9902;0.9805
Mg3Th3B4,12.2505;0.9844;0.9691
Mg3Th3C4,10.628;0.6851;0.4694
Mg3Th3Li4,9.631;0.9785;0.9575
Mg3Lu3B4,12.3252;0.9224;0.8508
Mg3Lu3C4,9.5935;0.6654;0.4427
Mg3Lu3Li4,9.599;0.9501;0.9027
Mg3Ag3B4,10.4177;0.9657;0.9326
Mg3Ag3C4,9.3388;0.7437;0.5531
Mg3Cd3B4,12.2499;0.951;0.9043
Mg3Cd3C4,10.163;0.7028;0.494
Mg3Cd3Li4,9.6591;0.9801;0.9606
Mg3Br3B4,12.5693;0.9385;0.8808
Mg3Br3C4,10.4607;0.6623;0.4386
Mg3Br3Li4,10.643;0.9135;0.8345
Mg3I3B4,12.3944;0.9676;0.9362
Mg3I3C4,10.6015;0.6792;0.4613
Mg3I3Li4,10.6087;0.8818;0.7775
Mg3Dy3B4,12.0163;0.9434;0.89
Mg3Dy3C4,9.933;0.6885;0.474
Mg3Dy3Li4,9.6483;0.9833;0.9669
Mg3Sc3B4,12.4934;0.9216;0.8494
Mg3Sc3C4,10.2974;0.6921;0.479
Mg3Sc3Li4,9.9913;1.0046;1.0092
Mg3D3B4,13.4142;0.8909;0.7937
Mg3D3C4,10.3682;0.697;0.4858
Mg3D3Li4,9.9371;0.9722;0.9452
Mg3Cs3B4,12.2392;0.9245;0.8547
Mg3Cs3Li4,9.558;1.0072;1.0145
Mg3Tc3B4,12.5346;0.9293;0.8636
Mg3Tc3C4,10.3146;0.6774;0.4589
Mg3Tc3Li4,9.7128;0.9717;0.9441
Mg3Pu3B4,12.8138;0.8955;0.8018
Mg3Pu3C4,10.2505;0.6788;0.4608
Mg3Pu3Li4,9.7988;0.9413;0.886
Mg3Am3B4,12.3397;0.9446;0.8923
Mg3Am3C4,10.2035;0.6805;0.4631
Mg3Am3Li4,9.6925;0.9772;0.955
Mg3Cm3B4,12.3399;0.9446;0.8922
Mg3Cm3C4,10.2035;0.6805;0.4631
Mg3Cm3Li4,9.6925;0.9772;0.955
Mg3Po3B4,12.3399;0.9446;0.8922
Mg3Po3C4,10.2035;0.6805;0.4631
Mg3Po3Li4,9.6925;0.9772;0.955
Sb3Li3N4,10.0947;0.4957;0.2457
Er3Li3Ca4,9.6556;0.3715;0.138
Er3Li3N4,10.5688;0.4389;0.1926
Rh3Li3N4,9.7833;0.4696;0.2205
Au3Li3N4,9.6042;0.5051;0.2551
Li3Np3Ca4,10.3208;0.3758;0.1412
Li3Np3N4,10.6912;0.438;0.1919
Li3Si3N4,10.7165;0.4975;0.2475
Li3P3N4,10.5249;0.489;0.2392
Li3Ta3N4,10.2922;0.4464;0.1993
Li3Na3Ca4,10.141;0.3472;0.1205
Li3Na3N4,11.6791;0.5098;0.2599
Li3Na3Mg4,10.3499;0.9188;0.8442
Li3Pt3N4,9.7343;0.4755;0.2261
Li3Pa3Ca4,10.3211;0.3754;0.1409
Li3Pa3N4,10.6912;0.438;0.1918
Li3Yb3Ca4,10.2498;0.3818;0.1458
Li3Yb3N4,10.6778;0.4459;0.1988
Li3T3Ca4,10.3198;0.3741;0.1399
Li3T3N4,10.6914;0.4379;0.1917
Li3Th3Ca4,9.9675;0.3792;0.1438
Li3Th3N4,10.2919;0.4839;0.2342
Li3Lu3Ca4,9.7468;0.3594;0.1292
Li3Lu3N4,10.5704;0.4372;0.1911
Li3Ag3N4,9.6799;0.5291;0.2799
Li3Cd3Ca4,10.1591;0.3709;0.1375
Li3Cd3N4,10.679;0.4343;0.1887
Li3Br3Ca4,10.7347;0.4135;0.1709
Li3Br3N4,13.3482;0.3999;0.1599
Li3Br3Mg4,9.9945;0.7552;0.5704
Li3I3Ca4,11.2902;0.479;0.2295
Li3I3O4,9.5425;0.4601;0.2117
Li3I3N4,14.4243;0.5014;0.2514
Li3I3Hf4,9.95;0.6426;0.4129
Li3I3Mg4,9.9989;0.805;0.648
Li3Dy3Ca4,10.1036;0.3907;0.1526
Li3Dy3N4,10.6527;0.4609;0.2124
Li3Sc3Ca4,10.1291;0.3613;0.1305
Li3Sc3N4,9.7653;0.4627;0.2141
Li3Sc3Mg4,9.4271;0.9173;0.8414
Li3Cr3N4,9.5256;0.5193;0.2696
Li3D3Ca4,10.1279;0.3395;0.1152
Li3D3N4,10.7109;0.4294;0.1843
Li3D3Mg4,9.3033;0.8329;0.6936
Li3Cs3Ca4,9.7323;0.4134;0.1709
Li3Cs3N4,11.8617;0.6303;0.3973
Li3Tc3Ca4,10.3455;0.3723;0.1386
Li3Tc3N4,10.7021;0.4379;0.1917
Li3Pu3Ca4,10.0637;0.4577;0.2095
Li3Pu3N4,10.655;0.4586;0.2103
Li3Am3Ca4,10.3211;0.3754;0.1409
Li3Am3N4,10.6912;0.438;0.1918
Li3Cm3Ca4,10.3211;0.3754;0.1409
Li3Cm3N4,10.6912;0.438;0.1918
Li3Po3Ca4,10.3211;0.3754;0.1409
Li3Po3N4,10.6912;0.438;0.1918

1557 of 317985 appear to be promising

hp_tune_min_nc_normal:

{'ccp_alpha': 0.0, 'criterion': 'squared_error', 'max_depth': None, 'max_leaf_nodes': None, 'max_samples': None, 'min_impurity_decrease': 0.0, 'min_samples_leaf': 1, 'min_samples_split': 2, 'min_weight_fraction_leaf': 0.0, 'n_estimators': 200, 'n_jobs': None, 'oob_score': False, 'random_state': None, 'verbose': 0, 'warm_start': False, 'max_features': 'sqrt', 'bootstrap': False}

Ba3O3F4,13.2673;1.289;1.6614
Ba3O3N4,9.544;0.7407;0.5486
Ba3S3N4,9.499;0.5256;0.2763
Ba3F3O4,17.3009;1.4949;2.2348
Ba3N3O4,9.4036;0.9179;0.8425
Ba3N3S4,9.9533;0.5444;0.2964
Ba3N3F4,9.7994;1.004;1.0081
Ba3N3Cl4,13.5458;0.5176;0.2679
Ba3Cl3N4,13.3676;0.5675;0.3221
Ba3Cl3H4,9.4829;0.7709;0.5942
Ba3Se3O4,9.3638;0.8887;0.7898
Ba3P3O4,9.4212;0.9332;0.8708
Ba3H3O4,9.1186;1.1575;1.3397
Ba3H3Cl4,9.5313;0.7309;0.5342
Ba3Br3N4,10.4217;0.6428;0.4133
K3O3Se4,9.7671;0.8017;0.6428
K3O3P4,9.7914;0.6776;0.4592
K3O3Br4,9.6824;0.7028;0.4939
K3Bi3O4,9.8793;0.9348;0.8738
K3Bi3F4,9.5672;0.7843;0.6151
K3S3O4,9.8204;0.6891;0.4748
K3N3S4,9.8962;0.5381;0.2895
K3N3Cl4,12.4657;0.468;0.219
K3N3P4,9.6301;0.5481;0.3004
K3N3Br4,10.9299;0.5262;0.2769
K3N3I4,9.3592;0.6505;0.4232
K3Cl3O4,9.6166;0.6447;0.4156
K3Cl3N4,12.0053;0.4623;0.2137
K3Se3O4,10.7609;0.7627;0.5817
K3Se3N4,10.3896;0.456;0.2079
K3Mg3H4,10.1081;0.7941;0.6306
K3P3O4,10.7847;0.7063;0.4989
K3Te3O4,9.8347;0.7697;0.5925
K3Br3O4,10.4966;0.7175;0.5148
K3Br3N4,11.677;0.4248;0.1805
K3I3O4,10.5094;0.7882;0.6213
K3I3N4,10.1633;0.5472;0.2994
As3Sr3N4,9.5824;0.5298;0.2807
As3Y3N4,9.4752;0.6351;0.4034
As3Sm3N4,9.8785;0.5209;0.2713
As3Zr3N4,9.629;0.4708;0.2217
Ca3N3Cl4,12.2472;0.4104;0.1684
Ca3N3Br4,11.4409;0.4272;0.1825
Ca3N3I4,9.7245;0.5195;0.2699
Ca3Cl3N4,11.3981;0.4115;0.1693
Ca3Se3N4,9.6984;0.5415;0.2932
Ca3Mg3H4,10.1838;0.7993;0.6389
Ca3Br3N4,10.8286;0.4979;0.2479
Ca3I3N4,10.9795;0.5237;0.2742
La3N3Cl4,12.3092;0.4237;0.1796
La3Cl3N4,13.0521;0.4316;0.1863
La3Br3N4,10.1569;0.5308;0.2818
Cu3Pd3H4,13.9228;0.3712;0.1378
Cu3Rh3H4,10.1852;0.5018;0.2518
Cu3Ag3H4,10.1257;0.5872;0.3448
O3Al3Li4,9.5842;0.5531;0.306
O3N3Ba4,10.1229;0.6788;0.4608
O3N3K4,9.5246;0.5429;0.2947
O3N3Sr4,9.553;0.5462;0.2983
O3N3Hf4,9.5501;0.5748;0.3304
O3N3Eu4,9.7287;0.6441;0.4148
O3N3Mg4,10.6402;0.6527;0.4261
O3N3Yb4,9.7599;0.5518;0.3045
O3Be3Mg4,10.9921;0.7945;0.6312
O3B3Mg4,12.4356;0.7244;0.5247
O3B3Na4,9.4963;0.674;0.4543
O3C3Mg4,11.6131;0.6997;0.4895
O3Rb3F4,9.4348;0.7404;0.5483
O3Rb3N4,9.956;0.5561;0.3093
O3Rb3P4,9.3221;0.678;0.4597
O3Mg3F4,10.1654;0.7367;0.5427
O3Mg3N4,9.729;0.6799;0.4623
O3Mg3Be4,10.383;0.7595;0.5769
O3Mg3B4,12.4442;0.9123;0.8322
O3Mg3C4,12.5844;0.847;0.7174
O3Mg3Li4,12.8889;0.9149;0.837
O3Mg3H4,11.222;0.9957;0.9913
O3Li3Mg4,12.5656;0.9344;0.8732
O3Si3Li4,10.2326;0.4846;0.2349
O3H3Mg4,11.4307;0.8043;0.6469
O3Cs3F4,9.5969;0.8482;0.7195
O3Cs3N4,11.0378;0.5936;0.3524
Mo3N3Cl4,9.5658;0.4468;0.1996
Tm3N3S4,10.0526;0.5755;0.3312
Tm3N3Cl4,12.3498;0.6481;0.42
Tm3Cl3N4,12.8408;0.6517;0.4247
Tm3Br3N4,9.9139;0.6048;0.3657
Os3N3Cl4,9.9773;0.5978;0.3574
Os3Cl3N4,10.2125;0.6174;0.3812
Sn3Al3Nb4,10.9106;0.5195;0.2699
Sn3Zr3N4,10.3321;0.5432;0.295
Sn3Ti3N4,10.5658;0.4702;0.2211
Sn3Mg3N4,9.4767;0.678;0.4597
Sn3Sc3N4,9.9258;0.5222;0.2727
Nd3N3S4,9.5331;0.4741;0.2247
Nd3N3Cl4,12.1565;0.5603;0.3139
Nd3Cl3N4,13.185;0.4689;0.2198
Nd3Si3N4,9.4742;0.5508;0.3034
Nd3Br3N4,10.5639;0.5645;0.3186
Bi3N3Li4,10.9466;0.6408;0.4106
Bi3Mg3N4,9.3796;0.6336;0.4015
Bi3Li3N4,11.531;0.6055;0.3667
Bi3Na3N4,10.1657;0.5197;0.2701
Pb3N3Cl4,10.7037;0.6593;0.4346
Pb3Cl3N4,10.492;0.7022;0.4931
Pb3Li3N4,10.2533;0.6822;0.4654
S3Sr3N4,9.6639;0.5844;0.3415
S3N3Nb4,11.67;0.3993;0.1595
S3N3Hf4,10.4099;0.6569;0.4315
S3N3Zr4,10.876;0.4561;0.208
S3N3Mg4,9.6387;0.5833;0.3402
S3N3Er4,9.5537;0.5895;0.3475
S3N3Li4,10.036;0.6678;0.446
S3N3Yb4,9.5179;0.6153;0.3787
S3B3Li4,9.8881;0.7946;0.6313
S3Ho3N4,9.6294;0.4553;0.2073
S3Rb3O4,9.777;0.6941;0.4817
S3Rb3N4,10.3047;0.5869;0.3444
S3Mg3B4,9.4795;0.767;0.5883
S3Mg3H4,10.3823;0.7911;0.6258
S3H3Mg4,9.9127;0.7054;0.4976
S3Yb3N4,9.8688;0.5599;0.3135
S3Th3N4,9.4325;0.6448;0.4158
F3Al3Li4,9.5849;0.5781;0.3342
F3N3Ba4,10.8298;0.6177;0.3816
F3N3K4,9.7003;0.5226;0.2731
F3N3Sr4,10.173;0.5586;0.3121
F3N3Rb4,10.6893;0.5406;0.2922
F3N3Mg4,9.6837;0.6412;0.4111
F3Be3Mg4,11.2202;0.7071;0.5
F3B3Mg4,12.0105;0.68;0.4624
F3C3Mg4,10.5165;0.6699;0.4487
F3Rb3O4,9.6282;0.8076;0.6522
F3Mg3O4,9.6242;0.7147;0.5109
F3Mg3N4,9.3983;0.629;0.3956
F3Mg3Be4,10.8347;0.6637;0.4405
F3Mg3B4,12.6704;0.8371;0.7007
F3Mg3C4,11.497;0.8255;0.6815
F3Mg3Li4,13.1202;0.8531;0.7278
F3Mg3H4,11.209;0.9334;0.8711
F3Li3Mg4,13.3871;0.9937;0.9874
F3H3Mg4,11.0026;0.7034;0.4948
F3Cs3O4,10.1661;0.8797;0.774
F3Cs3N4,9.7482;0.501;0.251
V3N3I4,10.0085;0.4932;0.2433
Ga3Sr3N4,9.8327;0.5989;0.3586
Ga3Nb3N4,9.8865;0.4006;0.1605
Ga3Y3N4,9.4833;0.5708;0.3258
Ga3Hf3N4,10.5081;0.6741;0.4544
Ga3Gd3N4,9.5685;0.5294;0.2803
Ga3Zr3N4,10.2311;0.4687;0.2196
Ga3Eu3N4,9.7592;0.5812;0.3378
Ga3Yb3N4,9.4801;0.5474;0.2996
Al3Nb3Sn4,10.3986;0.6222;0.3871
Al3Mg3N4,9.3834;0.7374;0.5438
Al3Mg3B4,12.181;1.0039;1.0077
Al3Mg3C4,9.627;0.7702;0.5933
Al3Mg3H4,11.8073;0.8018;0.6429
Al3Li3B4,9.3116;0.8317;0.6917
Al3H3Mg4,11.9101;0.7461;0.5567
Sr3N3S4,10.6902;0.5602;0.3138
Sr3N3Cl4,13.3877;0.3849;0.1482
Sr3N3Br4,11.7914;0.4187;0.1753
Sr3Cl3N4,12.8835;0.4024;0.1619
Sr3Se3N4,10.3695;0.5543;0.3073
Sr3Br3N4,12.0643;0.5385;0.29
Sr3I3N4,10.6912;0.484;0.2342
Re3N3Cl4,10.305;0.638;0.4071
Re3Cl3N4,10.4261;0.662;0.4383
W3N3Cl4,10.2361;0.6039;0.3646
W3Cl3N4,10.0117;0.6581;0.4331
N3Be3Mg4,10.9235;0.6576;0.4325
N3Nb3Cl4,10.4255;0.4477;0.2004
N3Nb3C4,9.9989;0.4803;0.2307
N3Tl3Cl4,10.1816;0.6204;0.3848
N3Y3Cl4,10.5143;0.4872;0.2374
N3Hf3S4,10.7217;0.6794;0.4616
N3Hf3Cl4,14.9905;0.5804;0.3369
N3Hf3P4,10.2357;0.8143;0.663
N3Cl3Ba4,11.2601;0.6359;0.4043
N3Cl3K4,10.4853;0.5083;0.2584
N3Cl3Ca4,11.9842;0.4616;0.2131
N3Cl3La4,12.4377;0.4819;0.2322
N3Cl3Mo4,11.337;0.6105;0.3727
N3Cl3Ru4,10.0123;0.6039;0.3647
N3Cl3Tm4,15.3005;0.4472;0.2
N3Cl3Os4,10.4707;0.6186;0.3827
N3Cl3Sn4,9.4517;0.7119;0.5068
N3Cl3Nd4,12.7748;0.5261;0.2768
N3Cl3Pb4,10.7317;0.6238;0.3891
N3Cl3V4,11.0189;0.4571;0.209
N3Cl3Sr4,12.5694;0.5144;0.2647
N3Cl3Re4,11.2076;0.6574;0.4322
N3Cl3W4,10.7566;0.7298;0.5327
N3Cl3Nb4,15.0574;0.4834;0.2337
N3Cl3Tl4,10.8526;0.6478;0.4196
N3Cl3Y4,13.0151;0.493;0.2431
N3Cl3Hf4,18.8985;0.4562;0.2082
N3Cl3Sm4,12.3555;0.5767;0.3326
N3Cl3Tb4,13.9468;0.5513;0.304
N3Cl3Ce4,11.9804;0.5768;0.3327
N3Cl3Gd4,13.8873;0.5493;0.3017
N3Cl3In4,9.3509;0.6806;0.4633
N3Cl3Pd4,10.8984;0.6175;0.3813
N3Cl3Zr4,15.2052;0.2837;0.0805
N3Cl3Mn4,10.0386;0.4695;0.2204
N3Cl3Ho4,14.7696;0.4477;0.2004
N3Cl3Ti4,12.355;0.4322;0.1868
N3Cl3Hg4,9.4886;0.6687;0.4471
N3Cl3Eu4,13.0568;0.5679;0.3225
N3Cl3Rb4,10.9622;0.5803;0.3368
N3Cl3Pr4,12.6902;0.5503;0.3029
N3Cl3Mg4,12.5274;0.6481;0.42
N3Cl3Sb4,10.616;0.6413;0.4113
N3Cl3Er4,15.2095;0.4187;0.1753
N3Cl3Rh4,10.0819;0.5534;0.3063
N3Cl3Li4,11.8901;0.5892;0.3472
N3Cl3Ta4,14.7452;0.7065;0.4991
N3Cl3Na4,11.9802;0.4718;0.2226
N3Cl3Pt4,10.7634;0.5965;0.3558
N3Cl3Pa4,9.6739;0.6279;0.3942
N3Cl3Te4,10.1567;0.5449;0.2969
N3Cl3Ir4,9.9602;0.6662;0.4438
N3Cl3Yb4,14.8992;0.4474;0.2002
N3Cl3Th4,10.6114;0.7054;0.4976
N3Cl3Lu4,14.6222;0.4922;0.2422
N3Cl3Cd4,10.8441;0.6151;0.3784
N3Cl3I4,9.5216;0.6079;0.3696
N3Cl3Dy4,14.635;0.4693;0.2202
N3Cl3Sc4,13.0371;0.4458;0.1987
N3Cl3Cr4,10.5862;0.5244;0.275
N3Cl3Cs4,10.6079;0.636;0.4045
N3Cl3Tc4,11.1925;0.5946;0.3536
N3Cl3Am4,9.9665;0.5836;0.3406
N3Cl3Po4,10.4551;0.6308;0.398
N3Sm3Cl4,11.8177;0.57;0.3249
N3Tb3S4,9.672;0.5966;0.356
N3Tb3Cl4,12.5135;0.6356;0.4039
N3Ce3Cl4,11.3857;0.526;0.2766
N3B3Mg4,13.1115;0.7005;0.4907
N3C3Nb4,11.8919;0.433;0.1875
N3C3Mg4,11.3493;0.7555;0.5707
N3Gd3S4,9.872;0.5246;0.2752
N3Gd3Cl4,12.7091;0.5804;0.3369
N3Zr3Cl4,11.0958;0.3385;0.1146
N3Zr3Br4,9.9716;0.5545;0.3075
N3Ho3S4,10.0017;0.5794;0.3357
N3Ho3Cl4,12.7153;0.6499;0.4224
N3Se3Nb4,9.8227;0.3902;0.1522
N3Se3Li4,9.3933;0.6829;0.4663
N3Eu3S4,10.2922;0.4452;0.1982
N3Eu3Cl4,13.2255;0.5355;0.2868
N3Rb3S4,9.8735;0.5592;0.3127
N3Rb3Cl4,12.6501;0.4412;0.1947
N3Rb3Br4,10.0914;0.609;0.3709
N3Pr3Cl4,12.0564;0.545;0.297
N3Mg3O4,9.7321;0.7078;0.501
N3Mg3F4,9.4364;0.7342;0.539
N3Mg3Be4,11.0766;0.5864;0.3439
N3Mg3Cl4,11.1862;0.5086;0.2587
N3Mg3B4,12.4449;0.8244;0.6796
N3Mg3C4,11.7785;0.703;0.4942
N3Mg3Li4,12.1404;0.8453;0.7146
N3Mg3H4,10.6274;0.8419;0.7087
N3Mg3Br4,9.402;0.6173;0.3811
N3Mg3I4,9.8777;0.5487;0.3011
N3Er3S4,10.0182;0.5773;0.3333
N3Er3Cl4,12.3694;0.6758;0.4566
N3Li3Sn4,10.5853;0.5264;0.2771
N3Li3Bi4,10.8749;0.651;0.4238
N3Li3Pb4,9.9499;0.6083;0.37
N3Li3Cl4,10.8007;0.5076;0.2576
N3Li3In4,9.737;0.6428;0.4132
N3Li3Mg4,12.5651;0.8502;0.7229
N3Li3Sb4,10.5079;0.5584;0.3118
N3Li3Te4,11.0136;0.5467;0.2989
N3Li3Br4,10.3571;0.4404;0.194
N3Li3I4,12.8293;0.4793;0.2297
N3Li3Po4,9.5836;0.6077;0.3693
N3Np3Cl4,11.4489;0.6115;0.374
N3P3Nb4,10.3856;0.4197;0.1762
N3P3Hf4,9.6504;0.6106;0.3728
N3P3Li4,9.6503;0.73;0.5329
N3Ta3Cl4,11.4971;0.6431;0.4136
N3Na3Cl4,12.1563;0.5445;0.2964
N3Na3Se4,9.4569;0.6317;0.399
N3Na3Br4,11.3287;0.3881;0.1506
N3Na3I4,11.561;0.5624;0.3163
N3H3Mg4,10.9324;0.6954;0.4836
N3Pt3Cl4,10.2207;0.5876;0.3453
N3Pa3Cl4,12.0862;0.6517;0.4247
N3Ir3Cl4,9.9738;0.5854;0.3427
N3Yb3S4,11.3227;0.5392;0.2907
N3Yb3Cl4,13.4312;0.5896;0.3476
N3Yb3P4,9.4367;0.5903;0.3484
N3U3Cl4,11.0613;0.5938;0.3526
N3Th3S4,10.1824;0.6192;0.3834
N3Th3Cl4,13.7272;0.5564;0.3096
N3Lu3Cl4,11.3386;0.6109;0.3732
N3Br3Ca4,11.1452;0.4067;0.1654
N3Br3Nb4,11.7031;0.4371;0.1911
N3Br3Hf4,10.1397;0.5637;0.3177
N3Br3Zr4,12.8177;0.4833;0.2336
N3Br3Ti4,10.6925;0.5155;0.2657
N3Br3Mg4,10.7035;0.5476;0.2999
N3Br3Li4,10.4255;0.4845;0.2347
N3Br3Na4,10.3411;0.5105;0.2606
N3Br3Sc4,11.6913;0.4387;0.1925
N3I3V4,10.8113;0.4882;0.2383
N3I3Ti4,11.2099;0.5543;0.3072
N3I3Mg4,10.2307;0.4706;0.2214
N3I3Li4,11.493;0.4629;0.2143
N3I3Cr4,9.9792;0.5695;0.3243
N3Dy3S4,9.8236;0.5842;0.3413
N3Dy3Cl4,12.6618;0.6419;0.4121
N3Sc3Cl4,10.5081;0.4361;0.1902
N3Sc3I4,9.8827;0.493;0.2431
N3Cr3I4,9.8957;0.4874;0.2376
N3Cs3O4,10.0008;0.6658;0.4433
N3Cs3F4,9.9493;0.6162;0.3797
N3Cs3Cl4,12.091;0.5231;0.2737
N3Pu3Cl4,10.7006;0.5382;0.2897
N3Am3Cl4,11.5139;0.6022;0.3626
N3Po3Cl4,10.2257;0.5505;0.303
Be3Cl3Li4,9.7024;0.6812;0.464
Be3B3Mg4,10.8737;0.784;0.6147
Be3C3Mg4,14.2029;0.8867;0.7863
Be3Mg3O4,10.6777;0.6446;0.4155
Be3Mg3F4,11.4613;0.6246;0.3902
Be3Mg3N4,10.6635;0.5672;0.3217
Be3Mg3B4,10.2992;0.6302;0.3972
Be3Mg3C4,14.0838;0.6721;0.4518
Be3Mg3H4,9.8329;0.81;0.6561
Be3Li3S4,9.8827;0.8087;0.654
Be3Li3Cl4,9.9991;0.7074;0.5004
Be3Li3P4,9.4706;0.7284;0.5306
Be3H3Mg4,9.9943;0.8347;0.6967
Nb3Cl3N4,10.1557;0.4132;0.1707
Nb3C3N4,10.8198;0.4313;0.186
Nb3I3N4,10.3958;0.554;0.307
Tl3Cl3N4,10.4304;0.6809;0.4636
Tl3Li3N4,10.3617;0.6661;0.4436
Y3Cl3N4,10.2978;0.4564;0.2083
Y3Br3N4,10.1099;0.5302;0.2811
Y3I3N4,10.0411;0.5353;0.2865
Hf3Cl3N4,13.9018;0.7311;0.5346
Hf3Se3N4,10.2486;0.6292;0.396
Hf3Li3N4,10.5185;0.6614;0.4374
Hf3P3N4,9.4787;0.7172;0.5144
Hf3Br3N4,10.9976;0.649;0.4212
Hf3I3N4,9.8358;0.5651;0.3193
Cl3Sm3N4,11.8337;0.4963;0.2463
Cl3Tb3N4,12.4837;0.6174;0.3812
Cl3Ce3N4,12.6954;0.4555;0.2075
Cl3B3Mg4,9.5704;0.6472;0.4188
Cl3B3Li4,10.2561;0.6305;0.3976
Cl3C3Mg4,9.3242;0.6927;0.4798
Cl3C3Li4,9.4554;0.585;0.3422
Cl3Gd3N4,12.712;0.5566;0.3098
Cl3Zr3N4,9.9455;0.4084;0.1668
Cl3Ho3N4,12.8294;0.6055;0.3666
Cl3Ti3N4,9.5093;0.5572;0.3105
Cl3Eu3N4,12.6029;0.5549;0.3079
Cl3Rb3O4,9.5598;0.6642;0.4412
Cl3Rb3N4,12.564;0.431;0.1858
Cl3Pr3N4,13.2388;0.4738;0.2244
Cl3Mg3N4,10.6496;0.5688;0.3235
Cl3Mg3B4,9.9346;0.7189;0.5168
Cl3Mg3H4,11.421;0.7529;0.5669
Cl3Er3N4,12.7578;0.6508;0.4236
Cl3Li3N4,10.5188;0.5166;0.2669
Cl3Li3Be4,9.5815;0.6662;0.4438
Cl3Li3B4,9.4529;0.7518;0.5652
Cl3Np3N4,10.6213;0.7297;0.5324
Cl3P3S4,9.6579;0.3429;0.1176
Cl3Ta3N4,11.031;0.6973;0.4862
Cl3Na3N4,11.6642;0.5129;0.263
Cl3H3Hf4,9.4197;0.7498;0.5622
Cl3H3Mg4,10.7859;0.7148;0.511
Cl3Pt3N4,9.8177;0.6262;0.3921
Cl3Pa3N4,12.6721;0.5976;0.3572
Cl3Ir3N4,9.6415;0.6592;0.4345
Cl3Yb3N4,12.9494;0.6399;0.4095
Cl3U3N4,11.1116;0.5907;0.3489
Cl3Th3N4,13.4787;0.5195;0.2699
Cl3Lu3N4,11.7702;0.6375;0.4063
Cl3Dy3N4,12.682;0.6202;0.3846
Cl3Sc3N4,10.2455;0.5041;0.2541
Cl3Cs3N4,12.0547;0.5655;0.3198
Cl3Pu3N4,10.2075;0.5937;0.3525
Cl3Am3N4,11.2556;0.6593;0.4347
Cl3Po3N4,10.4289;0.5928;0.3514
Sm3Br3N4,9.6544;0.4991;0.2491
Tb3Br3N4,9.8888;0.5821;0.3388
Ce3Br3N4,9.8603;0.4983;0.2483
B3C3Mg4,16.1459;0.7155;0.5119
B3Mg3O4,10.8721;0.7991;0.6385
B3Mg3F4,11.0584;0.6315;0.3988
B3Mg3N4,11.6124;0.8414;0.7079
B3Mg3C4,14.1112;0.7353;0.5407
B3Mg3Li4,10.6777;0.7882;0.6213
B3Mg3H4,11.0354;0.9592;0.92
B3Li3Mg4,10.6191;0.8325;0.6931
B3Si3Li4,9.3872;0.6836;0.4673
B3P3Li4,10.3315;0.7405;0.5483
B3H3Mg4,12.216;0.8304;0.6895
C3Mg3O4,11.6044;0.68;0.4624
C3Mg3F4,10.0267;0.7764;0.6028
C3Mg3N4,11.7334;0.5859;0.3433
C3Mg3Be4,14.728;0.8693;0.7557
C3Mg3B4,15.4845;0.7524;0.5661
C3Mg3Li4,11.6991;0.9475;0.8979
C3Mg3H4,11.3393;0.7437;0.5531
C3Li3Mg4,12.0587;1.0265;1.0537
C3P3Li4,9.7442;0.6697;0.4485
C3H3Mg4,11.423;0.6493;0.4215
Gd3Br3N4,10.1109;0.5221;0.2726
In3Zr3N4,9.9102;0.5977;0.3573
In3Ti3N4,10.0494;0.4616;0.213
In3Sc3N4,9.7404;0.5654;0.3197
Pd3Ti3N4,9.6048;0.4943;0.2443
Pd3Mg3N4,10.2665;0.7326;0.5367
Pd3Ag3H4,10.1822;0.563;0.317
Zr3Sb3N4,9.7942;0.5237;0.2742
Zr3Te3N4,9.6681;0.4963;0.2463
Zr3Br3N4,9.8409;0.4736;0.2243
Zr3I3N4,10.548;0.4727;0.2235
Ho3Br3N4,10.0994;0.5674;0.3219
Se3Rb3O4,11.0559;0.7122;0.5073
Se3Rb3N4,9.4784;0.5361;0.2874
Se3Yb3N4,9.9366;0.5092;0.2593
Ti3Mg3H4,9.8509;0.9053;0.8197
Ti3Sb3N4,9.7908;0.4981;0.2481
Ti3Cd3N4,9.6894;0.438;0.1919
Hg3Li3N4,9.8115;0.5604;0.3141
Eu3Si3N4,9.6294;0.5853;0.3426
Eu3Br3N4,10.0635;0.4978;0.2478
Rb3P3O4,10.5472;0.7447;0.5545
Rb3P3N4,10.0223;0.5417;0.2934
Rb3Br3O4,10.4672;0.7336;0.5381
Rb3Br3N4,10.8481;0.5403;0.2919
Pr3Br3N4,10.4265;0.5282;0.279
Mg3Sb3N4,9.5533;0.6141;0.3771
Mg3Rh3N4,10.0328;0.6696;0.4483
Mg3Li3O4,12.8899;0.7507;0.5636
Mg3Li3F4,14.9745;0.7089;0.5026
Mg3Li3N4,12.7741;0.804;0.6464
Mg3Li3B4,11.734;0.9378;0.8794
Mg3Li3C4,13.4968;0.9097;0.8276
Mg3Li3H4,10.1916;0.8638;0.7461
Mg3Si3N4,9.3751;0.6647;0.4419
Mg3Si3B4,11.9217;0.8171;0.6676
Mg3Si3H4,11.8787;0.7835;0.6139
Mg3P3B4,10.4404;0.8238;0.6787
Mg3P3H4,10.4042;0.8529;0.7274
Mg3Na3H4,12.4147;0.9776;0.9556
Mg3H3O4,11.1493;0.9747;0.95
Mg3H3S4,9.4233;0.7029;0.494
Mg3H3F4,10.5093;0.8056;0.649
Mg3H3Al4,10.7574;0.755;0.57
Mg3H3N4,10.7007;0.7231;0.5229
Mg3H3Be4,10.148;0.8406;0.7065
Mg3H3Cl4,10.3423;0.7029;0.4941
Mg3H3B4,11.995;0.9849;0.97
Mg3H3C4,12.1384;0.7681;0.59
Mg3H3Li4,11.2558;0.8418;0.7085
Mg3H3Si4,10.8597;0.6287;0.3952
Mg3H3P4,9.4845;0.6628;0.4393
Mg3H3Na4,10.7019;0.8588;0.7375
Mg3Pt3N4,9.7127;0.6451;0.4161
Mg3Te3N4,9.6684;0.6025;0.3631
Mg3I3N4,10.554;0.6201;0.3845
Sb3Sc3N4,9.8163;0.6044;0.3653
Er3Br3N4,9.9626;0.5744;0.3299
Li3Si3B4,9.9118;0.8487;0.7202
Li3P3B4,10.1365;0.9222;0.8504
Li3Na3O4,9.4518;0.6435;0.4141
Li3Na3F4,10.3973;0.7504;0.563
Li3H3Mg4,11.4007;0.7747;0.6002
Li3Te3N4,9.5183;0.5474;0.2996
Li3Br3N4,9.7195;0.5187;0.269
Li3I3N4,10.6261;0.5555;0.3086
Li3Po3N4,10.4128;0.6103;0.3725
Si3H3Mg4,11.0011;0.7385;0.5454
Si3Yb3N4,9.8709;0.5436;0.2955
P3H3Mg4,10.8543;0.6592;0.4345
P3Yb3N4,9.7546;0.5854;0.3427
Na3H3Mg4,11.1947;0.8625;0.7439
Na3Br3N4,10.2224;0.5347;0.2859
Na3I3N4,11.146;0.4767;0.2273
Yb3Br3N4,10.017;0.5374;0.2888
Br3Dy3N4,10.1272;0.577;0.3329
Br3Cs3N4,9.5289;0.475;0.2256
I3Sc3N4,10.7154;0.4879;0.2381

494 of 285852 appear to be promising

hp_tune_sug_nc_normal:

{'ccp_alpha': 0.0, 'criterion': 'squared_error', 'max_depth': None, 'max_leaf_nodes': None, 'max_samples': None, 'min_impurity_decrease': 0.0, 'min_samples_leaf': 1, 'min_samples_split': 2, 'min_weight_fraction_leaf': 0.0, 'n_estimators': 200, 'n_jobs': None, 'oob_score': False, 'random_state': None, 'verbose': 0, 'warm_start': False, 'max_features': 'sqrt', 'bootstrap': False}

Ba3O3F4,17.0544;1.2192;1.4865
Ba3O3N4,14.1803;1.247;1.555
Ba3O3P4,10.5779;0.8696;0.7563
Ba3O3H4,10.9957;1.0809;1.1684
Ba3S3O4,9.8778;0.8959;0.8026
Ba3S3N4,9.916;0.8282;0.6859
Ba3F3O4,21.4596;1.3642;1.8611
Ba3F3N4,12.5401;0.9979;0.9958
Ba3F3P4,10.0634;0.984;0.9683
Ba3N3O4,14.7295;1.2977;1.6841
Ba3N3F4,13.2456;0.9636;0.9285
Ba3N3Cl4,12.3921;0.749;0.561
Ba3N3P4,9.8186;0.9593;0.9202
Ba3Cl3O4,9.7411;0.8432;0.711
Ba3Cl3N4,12.7216;0.9082;0.8249
Ba3Cl3H4,11.0306;0.874;0.7639
Ba3P3O4,12.4172;0.8638;0.7462
Ba3P3F4,9.2834;1.0059;1.0119
Ba3P3N4,10.0332;0.7713;0.5948
Ba3H3O4,13.5689;1.2421;1.5427
Ba3H3F4,10.4577;1.0372;1.0758
Ba3H3Cl4,10.0451;0.8015;0.6423
Ba3Br3O4,9.6337;0.8673;0.7522
Ba3Br3N4,10.956;0.8051;0.6481
K3O3S4,10.6183;0.869;0.7552
K3O3F4,12.8212;1.0355;1.0722
K3O3N4,11.8079;0.9459;0.8948
K3O3Cl4,10.9665;0.9206;0.8475
K3O3Se4,10.3194;0.8086;0.6538
K3O3P4,11.2047;0.9196;0.8457
K3O3Br4,10.792;0.8011;0.6417
K3O3I4,9.6759;0.8856;0.7842
K3Bi3O4,10.2014;0.6975;0.4865
K3Bi3F4,9.6127;0.6887;0.4743
K3S3O4,11.5255;0.9766;0.9537
K3S3F4,9.4466;0.9177;0.8422
K3S3N4,9.8704;0.7739;0.599
K3F3O4,13.1419;1.0485;1.0994
K3F3S4,9.5727;0.8766;0.7685
K3F3N4,9.772;0.8919;0.7955
K3F3Cl4,10.4304;0.8726;0.7614
K3F3P4,10.5707;0.9415;0.8865
K3F3Br4,9.3327;0.8443;0.7129
K3N3O4,11.7298;1.0255;1.0517
K3N3S4,10.1791;0.7167;0.5137
K3N3F4,10.1989;0.8446;0.7134
K3N3Cl4,12.3309;0.6624;0.4387
K3N3P4,10.4496;0.7797;0.608
K3N3Br4,10.5478;0.7047;0.4966
K3N3I4,9.604;0.6791;0.4612
K3Cl3O4,11.5853;0.9748;0.9502
K3Cl3F4,10.2023;0.8426;0.71
K3Cl3N4,12.3677;0.6891;0.4748
K3Cl3H4,9.7579;0.7302;0.5332
K3Se3O4,11.3351;0.8916;0.7949
K3Se3N4,9.9162;0.7033;0.4946
K3Mg3H4,9.502;0.9571;0.9161
K3P3O4,12.5433;1.0042;1.0085
K3P3F4,10.6017;1.0256;1.0519
K3P3N4,10.3959;0.8116;0.6587
K3H3O4,9.5106;0.7436;0.553
K3H3Cl4,9.8564;0.7543;0.5689
K3Te3O4,10.2027;0.782;0.6115
K3Br3O4,11.633;0.8772;0.7694
K3Br3F4,10.2144;0.886;0.785
K3Br3N4,11.5135;0.7729;0.5973
K3I3O4,10.9758;0.8677;0.753
K3I3F4,9.2038;0.8176;0.6685
K3I3N4,9.8187;0.6698;0.4487
As3Tm3N4,9.6076;0.5322;0.2832
As3Y3N4,10.0626;0.4905;0.2406
As3Sm3N4,9.8233;0.4514;0.2038
As3Tb3N4,9.6551;0.4979;0.2479
As3Gd3N4,9.9275;0.5203;0.2707
As3Ho3N4,9.5872;0.5341;0.2852
As3Er3N4,9.6728;0.549;0.3014
As3Dy3N4,9.6195;0.5215;0.272
Ca3N3Cl4,11.0067;0.493;0.2431
Ca3N3Br4,10.3567;0.5641;0.3182
Ca3Cl3N4,10.1962;0.494;0.244
Ca3Br3N4,10.0162;0.5002;0.2502
Ca3I3N4,9.9723;0.4846;0.2348
La3N3Cl4,9.7999;0.5125;0.2627
La3Cl3N4,10.2129;0.5689;0.3236
La3Br3N4,9.3497;0.6649;0.4421
Cu3Pd3H4,12.3497;0.4242;0.1799
O3Bi3K4,9.3373;0.8167;0.667
O3F3K4,11.186;0.9506;0.9037
O3F3Rb4,10.2301;0.9468;0.8964
O3Al3Li4,10.1899;0.775;0.6006
O3N3K4,10.7927;0.8301;0.6891
O3N3Hf4,10.138;0.6159;0.3793
O3N3Eu4,9.3103;0.7172;0.5144
O3N3Rb4,9.8688;0.7719;0.5958
O3N3Mg4,10.1636;0.6319;0.3993
O3Be3Mg4,9.3421;0.8003;0.6405
O3Cl3K4,9.9957;0.8116;0.6587
O3B3Mg4,11.177;0.691;0.4775
O3B3Na4,9.5281;0.7086;0.5021
O3Rb3S4,9.5888;0.7946;0.6314
O3Rb3F4,12.75;1.0217;1.0438
O3Rb3N4,11.1444;0.8893;0.7909
O3Rb3Cl4,9.9472;0.8604;0.7403
O3Rb3P4,10.0682;0.9352;0.8746
O3Mg3F4,9.4169;0.7469;0.5578
O3Mg3N4,9.585;0.6157;0.3791
O3Mg3B4,10.6684;0.7788;0.6065
O3Mg3Li4,11.2112;0.7077;0.5009
O3Mg3H4,10.1279;0.7382;0.5449
O3Li3Mg4,11.0018;0.7903;0.6245
O3Si3Li4,9.7974;0.6001;0.3601
O3H3K4,9.2659;0.7594;0.5766
O3H3Mg4,10.6287;0.8712;0.759
O3Cs3F4,11.6482;0.996;0.992
O3Cs3N4,11.1829;0.8044;0.6471
O3Cs3H4,9.7694;0.8277;0.6852
Tm3Cl3N4,9.8633;0.6988;0.4883
Sn3Zr3N4,9.6412;0.4191;0.1756
Sn3Ti3N4,9.7365;0.454;0.2061
Nd3N3Cl4,9.5339;0.5839;0.3409
Nd3Cl3N4,10.6827;0.621;0.3856
Nd3Br3N4,9.4987;0.7312;0.5346
Bi3N3Li4,10.0221;0.6481;0.42
Bi3Li3N4,10.6486;0.6273;0.3936
S3N3Nb4,10.8054;0.4411;0.1945
S3N3Hf4,9.5656;0.5461;0.2983
S3N3Zr4,9.605;0.5156;0.2659
S3N3Mg4,9.4939;0.7374;0.5437
S3N3Er4,9.5597;0.5902;0.3484
S3Be3Li4,9.6685;0.9426;0.8885
S3B3Li4,11.38;0.8032;0.6451
S3Rb3O4,10.8698;0.9912;0.9826
S3Rb3F4,10.1979;0.9303;0.8655
S3Rb3N4,9.7633;0.8426;0.71
S3Li3B4,10.3772;0.9607;0.923
S3Cs3O4,9.3404;0.7475;0.5587
S3Cs3F4,9.1471;0.9173;0.8414
F3N3Ba4,9.9648;0.8269;0.6837
F3N3K4,11.0799;0.785;0.6163
F3N3Rb4,10.5456;0.7087;0.5022
F3N3Mg4,9.8124;0.6123;0.3749
F3Be3Mg4,9.4143;0.7186;0.5164
F3Cl3K4,10.2918;0.86;0.7397
F3B3Mg4,10.8786;0.7014;0.492
F3Rb3O4,13.3349;1.0491;1.1006
F3Rb3S4,9.5039;0.8512;0.7246
F3Rb3N4,10.4767;0.8413;0.7078
F3Rb3Cl4,9.6291;0.864;0.7464
F3Rb3P4,10.2564;0.8914;0.7946
F3Mg3N4,9.9755;0.5963;0.3555
F3Mg3B4,11.429;0.6419;0.412
F3Mg3Li4,11.6994;0.7367;0.5427
F3Mg3H4,10.4543;0.7623;0.5811
F3Li3Mg4,11.8999;0.798;0.6367
F3H3K4,9.4977;0.8111;0.6579
F3H3Mg4,10.5181;0.7987;0.6379
F3Cs3O4,12.3319;1.0063;1.0126
F3Cs3N4,10.226;0.7686;0.5907
F3Cs3H4,9.9678;0.8589;0.7377
V3N3I4,10.0138;0.5823;0.339
Al3N3Li4,9.7498;0.7789;0.6067
Al3B3Li4,10.2501;0.7264;0.5276
Al3Mg3B4,11.9138;0.8153;0.6648
Al3Mg3H4,9.6114;0.7645;0.5844
Al3Li3N4,9.3202;0.7123;0.5074
Al3Li3B4,10.9401;0.7442;0.5538
Al3H3Mg4,10.0757;0.7309;0.5341
Sr3N3O4,9.3983;0.9728;0.9462
Sr3N3S4,9.6305;0.5508;0.3033
Sr3N3Cl4,11.6952;0.5094;0.2595
Sr3N3Br4,10.2914;0.6721;0.4517
Sr3Cl3N4,11.0933;0.5247;0.2753
Sr3Br3N4,10.8763;0.6183;0.3823
Sr3I3N4,10.0975;0.5966;0.3559
N3Be3Mg4,9.6985;0.6563;0.4308
N3Nb3I4,9.4172;0.6543;0.4281
N3Hf3S4,10.4701;0.6582;0.4333
N3Hf3Cl4,12.9128;0.6954;0.4836
N3Hf3P4,11.1311;0.8975;0.8056
N3Hf3Br4,9.6939;0.6958;0.4841
N3Cl3Ba4,10.5831;0.6558;0.4301
N3Cl3K4,10.6156;0.6255;0.3912
N3Cl3Ca4,11.7556;0.5144;0.2646
N3Cl3La4,11.2503;0.6156;0.3789
N3Cl3Mo4,10.4314;0.5223;0.2728
N3Cl3Tm4,14.5454;0.5496;0.3021
N3Cl3Nd4,12.31;0.5878;0.3455
N3Cl3V4,11.2984;0.5204;0.2709
N3Cl3Sr4,11.5924;0.6153;0.3786
N3Cl3Re4,9.8255;0.5905;0.3487
N3Cl3W4,10.0083;0.5147;0.265
N3Cl3Nb4,14.7407;0.4449;0.1979
N3Cl3Y4,13.0552;0.4377;0.1916
N3Cl3Hf4,19.4792;0.4543;0.2064
N3Cl3Sm4,11.4973;0.5936;0.3524
N3Cl3Tb4,13.3752;0.5784;0.3346
N3Cl3Ce4,11.1842;0.6597;0.4352
N3Cl3Gd4,13.2875;0.5882;0.3459
N3Cl3Zr4,14.3786;0.3364;0.1132
N3Cl3Ho4,14.5339;0.5798;0.3362
N3Cl3Ti4,10.6934;0.5164;0.2667
N3Cl3Eu4,11.8143;0.6906;0.477
N3Cl3Rb4,10.2906;0.6322;0.3996
N3Cl3Pr4,12.3033;0.5788;0.335
N3Cl3Mg4,12.1351;0.6165;0.38
N3Cl3Er4,14.9023;0.5311;0.282
N3Cl3Li4,10.6884;0.5166;0.2669
N3Cl3Ta4,14.0904;0.625;0.3907
N3Cl3Na4,10.831;0.6201;0.3846
N3Cl3H4,9.4267;0.6361;0.4047
N3Cl3Yb4,13.2081;0.5504;0.303
N3Cl3Lu4,13.8832;0.5345;0.2857
N3Cl3Dy4,13.9167;0.5585;0.3119
N3Cl3Sc4,12.826;0.436;0.1901
N3Cl3Cs4,9.7644;0.6444;0.4152
N3Cl3Tc4,9.725;0.5699;0.3247
N3Tb3Cl4,9.786;0.5956;0.3548
N3B3Mg4,11.7692;0.8824;0.7787
N3Gd3Cl4,9.8349;0.5984;0.3581
N3Ho3Cl4,9.819;0.6423;0.4126
N3Eu3Cl4,10.4939;0.5663;0.3207
N3Rb3O4,11.1023;0.9353;0.8747
N3Rb3S4,9.493;0.7809;0.6098
N3Rb3F4,11.2141;0.8631;0.745
N3Rb3Cl4,11.9258;0.5853;0.3426
N3Rb3Br4,9.305;0.7047;0.4966
N3Mg3O4,9.5264;0.6577;0.4325
N3Mg3F4,10.0455;0.5679;0.3225
N3Mg3Be4,9.6568;0.6669;0.4448
N3Mg3B4,11.6644;0.7425;0.5513
N3Mg3Li4,11.4605;0.6779;0.4595
N3Mg3H4,10.3789;0.6286;0.3951
N3Mg3Te4,9.703;0.7637;0.5833
N3Mg3I4,9.785;0.6425;0.4129
N3Er3Cl4,9.5597;0.6263;0.3922
N3Li3Sn4,9.5507;0.656;0.4303
N3Li3Bi4,10.1482;0.5941;0.3529
N3Li3Mg4,11.607;0.6725;0.4523
N3Li3Sb4,10.7955;0.5846;0.3418
N3Li3Si4,9.9197;0.6314;0.3987
N3Li3Te4,11.1459;0.605;0.3661
N3Li3I4,11.7395;0.5087;0.2588
N3Si3Li4,9.7037;0.6168;0.3805
N3P3Hf4,9.6328;0.6709;0.4501
N3Ta3Cl4,11.1048;0.7039;0.4954
N3Na3Cl4,10.6561;0.6077;0.3693
N3Na3Br4,9.8712;0.6043;0.3652
N3Na3I4,9.7992;0.6342;0.4023
N3H3Mg4,10.2988;0.6698;0.4486
N3Yb3Cl4,9.9726;0.5976;0.3571
N3Br3Ca4,10.0089;0.369;0.1361
N3Br3V4,9.8168;0.4915;0.2416
N3Br3Nb4,12.1996;0.5878;0.3455
N3Br3Y4,10.0293;0.5687;0.3234
N3Br3Hf4,11.8526;0.6737;0.4539
N3Br3Zr4,12.7303;0.5003;0.2503
N3Br3Ti4,10.1645;0.5568;0.31
N3Br3Mg4,10.7124;0.6807;0.4633
N3Br3Ta4,9.5095;0.6343;0.4023
N3Br3Sc4,11.9281;0.4643;0.2156
N3I3V4,11.2909;0.6572;0.4319
N3I3Nb4,9.9422;0.6682;0.4465
N3I3Ti4,11.11;0.528;0.2788
N3I3Mg4,10.3142;0.7096;0.5035
N3I3Li4,10.5714;0.5112;0.2613
N3I3Cr4,9.6158;0.6561;0.4305
N3Dy3Cl4,9.5336;0.5998;0.3598
N3Sc3I4,9.7096;0.6189;0.3831
N3Cr3I4,9.8529;0.5641;0.3182
N3Cs3O4,10.9567;0.8254;0.6813
N3Cs3F4,10.8507;0.7868;0.6191
N3Cs3Cl4,11.0559;0.555;0.308
Be3Cl3Li4,9.7256;0.6544;0.4282
Be3B3Mg4,10.7057;0.6033;0.364
Be3B3Si4,9.7008;0.6938;0.4814
Be3Mg3F4,9.7611;0.8616;0.7423
Be3Li3S4,9.6969;0.5365;0.2878
Be3Li3Cl4,10.1396;0.581;0.3375
Be3P3Li4,9.415;0.8653;0.7487
Nb3I3N4,10.2608;0.518;0.2683
Y3I3N4,9.5468;0.6708;0.4499
Hf3Cl3N4,11.9701;0.6401;0.4097
Hf3Se3N4,10.4863;0.785;0.6163
Hf3Li3N4,9.4465;0.6676;0.4457
Hf3P3N4,9.7691;0.6275;0.3938
Hf3Br3N4,10.6994;0.682;0.4651
Hf3I3N4,10.7457;0.7595;0.5769
Cl3Tb3N4,10.0646;0.6306;0.3976
Cl3Ce3N4,10.1395;0.5474;0.2996
Cl3B3Mg4,9.5325;0.8684;0.7542
Cl3B3Li4,10.6728;0.6866;0.4715
Cl3Gd3N4,10.0881;0.6273;0.3935
Cl3Ho3N4,10.2562;0.6244;0.3899
Cl3Eu3N4,9.8235;0.6277;0.394
Cl3Rb3O4,10.9725;0.9974;0.9949
Cl3Rb3F4,10.3437;0.8245;0.6797
Cl3Rb3N4,11.8929;0.6249;0.3905
Cl3Rb3H4,10.0446;0.7714;0.5951
Cl3Pr3N4,10.3053;0.5042;0.2542
Cl3Mg3N4,9.7592;0.6463;0.4177
Cl3Mg3B4,10.1627;0.6995;0.4893
Cl3Mg3H4,10.4433;0.6537;0.4273
Cl3Er3N4,10.4027;0.686;0.4706
Cl3Li3Be4,9.5069;0.5686;0.3233
Cl3Li3B4,10.3512;0.6818;0.4648
Cl3Na3N4,10.3858;0.6758;0.4567
Cl3H3K4,9.6711;0.6834;0.467
Cl3H3Hf4,9.589;0.8144;0.6633
Cl3H3Mg4,9.8208;0.7055;0.4977
Cl3Yb3N4,9.3361;0.7025;0.4935
Cl3Dy3N4,10.0927;0.6537;0.4274
Cl3Cs3O4,9.342;0.6622;0.4385
Cl3Cs3F4,9.5514;0.7289;0.5313
Cl3Cs3N4,11.1584;0.54;0.2916
Cl3Cs3H4,9.4039;0.7261;0.5272
B3Mg3O4,9.9485;0.8451;0.7143
B3Mg3F4,10.1783;0.7078;0.501
B3Mg3N4,11.3024;0.7125;0.5076
B3Mg3Li4,11.5883;0.7812;0.6103
B3Mg3H4,10.586;0.841;0.7073
B3Li3Al4,10.2166;0.7464;0.5571
B3Li3Mg4,11.8482;0.7931;0.629
B3Li3Si4,12.8923;0.8788;0.7722
B3Li3P4,9.3914;0.7176;0.5149
B3Si3Li4,12.5084;0.8436;0.7117
B3P3Li4,11.6953;0.7926;0.6283
B3H3Mg4,11.4361;0.8734;0.7628
Pd3Mg3N4,9.4415;0.5941;0.3529
Se3Rb3O4,10.7527;0.7153;0.5116
Se3Rb3F4,9.3811;0.9088;0.8258
Rb3P3O4,11.7099;1.0903;1.1887
Rb3P3F4,11.1472;0.9993;0.9987
Rb3P3N4,9.8663;0.8635;0.7456
Rb3H3O4,10.2821;0.883;0.7796
Rb3H3F4,9.5944;0.8637;0.746
Rb3H3Cl4,9.5901;0.7455;0.5557
Rb3Br3O4,10.8776;0.7285;0.5306
Rb3Br3F4,9.5786;0.8564;0.7335
Rb3Br3N4,10.4135;0.6429;0.4133
Pr3Br3N4,9.3708;0.6885;0.4741
Mg3Sb3N4,9.5359;0.6085;0.3702
Mg3Li3O4,11.3251;0.8027;0.6444
Mg3Li3F4,12.7374;0.8374;0.7012
Mg3Li3N4,12.1554;0.7879;0.6208
Mg3Li3B4,12.8862;0.8977;0.8059
Mg3Li3H4,9.9452;0.8564;0.7334
Mg3Si3B4,11.8776;1.0043;1.0086
Mg3Si3H4,10.3815;0.6896;0.4755
Mg3P3B4,9.2763;0.8051;0.6482
Mg3Na3H4,10.6128;0.7847;0.6157
Mg3H3O4,10.0389;0.7384;0.5452
Mg3H3F4,10.2265;0.7;0.4899
Mg3H3N4,10.5945;0.7322;0.5361
Mg3H3B4,11.4855;0.8427;0.7102
Mg3H3Li4,10.6949;0.6867;0.4716
Mg3H3Si4,9.7865;0.771;0.5944
Mg3H3Na4,10.0332;0.7414;0.5496
Mg3Pt3N4,9.6518;0.5557;0.3089
Mg3Te3N4,9.4823;0.6362;0.4048
Mg3I3N4,10.0866;0.6205;0.385
Sb3Sc3N4,9.5865;0.5476;0.2999
Li3Si3B4,13.7693;0.8155;0.665
Li3P3B4,11.664;0.8806;0.7755
Li3Na3F4,9.2183;0.7936;0.6298
Li3H3Mg4,10.8006;0.7037;0.4951
Li3Po3N4,9.4686;0.717;0.5141
Si3H3Mg4,9.7404;0.766;0.5867
P3H3Mg4,9.7124;0.7322;0.5362
P3Cs3O4,9.9387;0.8701;0.757
P3Cs3F4,10.049;0.93;0.8648
Na3H3Mg4,10.403;0.7382;0.545
Na3Br3N4,9.3428;0.6581;0.4332
H3Cs3O4,10.4458;0.8627;0.7443
H3Cs3F4,9.9476;0.8503;0.723
I3Sc3N4,9.6122;0.5337;0.2848

375 of 219450 appear to be promising

