hp_tune_blank_nc_normal:

{'ccp_alpha': 0.0, 'criterion': 'squared_error', 'max_depth': None, 'max_leaf_nodes': None, 'max_samples': None, 'min_impurity_decrease': 0.0, 'min_samples_leaf': 1, 'min_samples_split': 2, 'min_weight_fraction_leaf': 0.0, 'n_estimators': 200, 'n_jobs': None, 'oob_score': False, 'random_state': None, 'verbose': 0, 'warm_start': False, 'max_features': 'sqrt', 'bootstrap': False}

Ba3K4Fe4,10.8495;1.0244;1.0493
Ba3K4As4,12.0244;1.0657;1.1357
Ba3K4Ca4,12.0544;1.1061;1.2234
Ba3K4La4,13.2802;1.1844;1.4029
Ba3K4Cu4,11.5614;1.0631;1.1302
Ba3K4O4,17.2592;1.1285;1.2735
Ba3K4Mo4,10.6973;0.9874;0.975
Ba3K4Ru4,11.0336;1.0129;1.0259
Ba3K4Tm4,12.5384;1.0405;1.0827
Ba3K4Os4,11.9093;1.0987;1.2072
Ba3K4Sn4,11.8106;1.0224;1.0453
Ba3K4Nd4,13.7532;1.2269;1.5054
Ba3K4Bi4,13.2868;0.8516;0.7252
Ba3K4Pb4,13.7724;0.9742;0.9492
Ba3K4S4,10.7782;1.0236;1.0477
Ba3K4F4,12.2815;1.0326;1.0663
Ba3K4V4,11.9022;1.0093;1.0187
Ba3K4Ga4,10.892;0.9746;0.9499
Ba3K4Al4,9.4979;0.9597;0.921
Ba3K4Sr4,12.9337;1.0111;1.0224
Ba3K4Co4,11.3054;1.0005;1.001
Ba3K4Re4,11.8656;1.0569;1.1171
Ba3K4W4,11.4873;1.0216;1.0436
Ba3K4N4,12.5601;0.8543;0.7299
Ba3K4Be4,12.41;1.0222;1.045
Ba3K4Nb4,10.3507;0.9233;0.8525
Ba3K4Tl4,11.8099;1.0502;1.103
Ba3K4Y4,14.4477;1.0915;1.1914
Ba3K4Hf4,12.6225;1.0038;1.0075
Ba3K4Cl4,14.1035;0.9254;0.8563
Ba3K4Sm4,12.5212;1.0428;1.0874
Ba3K4Ni4,10.4129;0.9689;0.9388
Ba3K4Tb4,12.3598;1.0461;1.0942
Ba3K4Ce4,9.7938;0.9929;0.9859
Ba3K4B4,12.2089;1.0032;1.0065
Ba3K4Gd4,12.491;1.0521;1.1068
Ba3K4In4,12.266;1.1061;1.2235
Ba3K4Pd4,10.8973;1.1435;1.3075
Ba3K4Zr4,12.6175;0.9847;0.9697
Ba3K4Mn4,12.4912;1.0497;1.1018
Ba3K4Ho4,12.2927;1.0724;1.15
Ba3K4Se4,11.803;1.1774;1.3862
Ba3K4Ti4,10.2476;0.9209;0.848
Ba3K4Hg4,11.4343;0.999;0.9979
Ba3K4Eu4,12.5451;1.0375;1.0764
Ba3K4Rb4,13.4494;1.0385;1.0785
Ba3K4Pr4,10.4757;0.9218;0.8498
Ba3K4Mg4,10.0035;0.806;0.6496
Ba3K4Sb4,9.5493;0.8812;0.7765
Ba3K4Er4,12.3626;1.0814;1.1695
Ba3K4Rh4,11.9359;0.9862;0.9725
Ba3K4Au4,11.69;1.0931;1.1949
Ba3K4Zn4,12.118;1.0554;1.1139
Ba3K4Li4,10.8508;0.9412;0.8859
Ba3K4Np4,12.548;1.0409;1.0834
Ba3K4Si4,10.8647;0.99;0.9802
Ba3K4P4,11.2463;1.0744;1.1543
Ba3K4Ta4,11.5443;1.1604;1.3465
Ba3K4Na4,11.6971;1.0452;1.0925
Ba3K4H4,13.0704;0.9921;0.9843
Ba3K4Pt4,11.1447;0.9621;0.9256
Ba3K4Ge4,11.6134;0.9159;0.8389
Ba3K4Pa4,12.5466;1.0399;1.0814
Ba3K4Te4,10.7987;0.9763;0.9532
Ba3K4Ir4,10.5555;0.9397;0.8831
Ba3K4Yb4,12.5184;1.0399;1.0813
Ba3K4T4,12.5472;1.0402;1.082
Ba3K4U4,10.2452;0.9908;0.9816
Ba3K4Th4,12.429;1.0563;1.1158
Ba3K4Lu4,12.4449;1.0783;1.1628
Ba3K4Ag4,11.7512;1.078;1.1621
Ba3K4Cd4,12.5355;1.0431;1.0881
Ba3K4Br4,12.736;1.0633;1.1305
Ba3K4I4,12.5849;1.047;1.0963
Ba3K4Dy4,12.4443;1.0517;1.1061
Ba3K4Sc4,12.5529;1.0541;1.1112
Ba3K4Cr4,12.489;1.0625;1.1289
Ba3K4D4,12.6636;1.0594;1.1224
Ba3K4Cs4,13.2959;1.019;1.0383
Ba3K4Tc4,12.7375;1.0412;1.0841
Ba3K4Pu4,12.54;1.0361;1.0735
Ba3K4Am4,12.5466;1.0399;1.0814
Ba3K4Cm4,12.5466;1.0399;1.0814
Ba3K4Po4,12.5466;1.0399;1.0814
Ba3La4Cl4,10.0425;0.9328;0.8701
Ba3Nd4Sr4,10.9522;1.1877;1.4106
Ba3Nd4Cl4,11.4838;1.0513;1.1053
Ba3Sr4Cl4,10.2416;0.7716;0.5953
Ba3N4Nb4,9.8021;0.456;0.2079
Ba3N4Cl4,14.1984;0.5065;0.2565
Ba3N4C4,9.6104;0.4111;0.169
Ba3Hf4Cl4,10.3293;0.6263;0.3923
Ba3C4Mg4,10.4994;0.781;0.61
K3Ba4Fe4,11.0034;1.0142;1.0286
K3Ba4As4,12.3264;1.0198;1.0399
K3Ba4Ca4,12.3589;1.0695;1.1439
K3Ba4La4,13.5607;1.1586;1.3424
K3Ba4Cu4,11.7679;1.0262;1.0531
K3Ba4O4,17.4332;1.1034;1.2176
K3Ba4Mo4,10.7989;0.9695;0.9399
K3Ba4Ru4,11.3104;0.9895;0.9791
K3Ba4Tm4,12.8647;0.9998;0.9997
K3Ba4Os4,12.1803;1.0668;1.138
K3Ba4Sn4,12.0864;0.9842;0.9687
K3Ba4Nd4,14.0577;1.204;1.4496
K3Ba4Bi4,13.5257;0.8493;0.7213
K3Ba4Pb4,13.9317;0.9756;0.9518
K3Ba4S4,10.9247;1.0092;1.0185
K3Ba4F4,12.5978;0.9948;0.9896
K3Ba4V4,12.1437;0.9717;0.9441
K3Ba4Ga4,11.1258;0.9473;0.8974
K3Ba4Al4,9.7012;0.9205;0.8473
K3Ba4Sr4,13.2015;0.9941;0.9883
K3Ba4Co4,11.5317;0.9669;0.9348
K3Ba4Re4,12.0444;1.0302;1.0613
K3Ba4W4,11.7526;0.9983;0.9966
K3Ba4N4,12.7178;0.8337;0.6951
K3Ba4Be4,12.7312;0.9897;0.9794
K3Ba4Nb4,10.4588;0.9076;0.8237
K3Ba4Tl4,12.1;1.0293;1.0595
K3Ba4Y4,14.6415;1.0727;1.1507
K3Ba4Hf4,12.9261;0.9675;0.936
K3Ba4Cl4,14.314;0.8949;0.8008
K3Ba4Sm4,12.8237;1.0073;1.0148
K3Ba4Ni4,10.5547;0.9521;0.9065
K3Ba4Tb4,12.6424;1.0128;1.0258
K3Ba4Ce4,9.9792;0.9769;0.9543
K3Ba4B4,12.4879;0.9678;0.9367
K3Ba4Gd4,12.7912;1.0156;1.0314
K3Ba4In4,12.5543;1.0721;1.1494
K3Ba4Pd4,11.1455;1.1198;1.2539
K3Ba4Zr4,12.8462;0.9589;0.9195
K3Ba4Mn4,12.7888;1.0151;1.0305
K3Ba4Ho4,12.5965;1.0294;1.0596
K3Ba4Se4,12.0335;1.1536;1.3308
K3Ba4Ti4,10.4796;0.8994;0.8088
K3Ba4Hg4,11.8755;0.9596;0.9208
K3Ba4Eu4,12.8815;1.0029;1.0058
K3Ba4Rb4,13.7216;1.011;1.0221
K3Ba4Pr4,10.7359;0.9118;0.8314
K3Ba4Mg4,10.2018;0.806;0.6497
K3Ba4Sb4,9.7463;0.8705;0.7578
K3Ba4Er4,12.6234;1.0499;1.1022
K3Ba4Rh4,12.242;0.9378;0.8795
K3Ba4Au4,11.9191;1.0679;1.1403
K3Ba4Zn4,12.3534;1.0253;1.0512
K3Ba4Li4,11.0453;0.9114;0.8306
K3Ba4Np4,12.8883;1.0042;1.0085
K3Ba4Si4,11.1229;0.9724;0.9455
K3Ba4P4,11.5403;1.0496;1.1017
K3Ba4Ta4,11.7723;1.1321;1.2816
K3Ba4Na4,11.94;1.023;1.0465
K3Ba4H4,13.319;0.9707;0.9423
K3Ba4Pt4,11.3889;0.9402;0.884
K3Ba4Ge4,11.9726;0.8969;0.8044
K3Ba4Pa4,12.8899;1.0028;1.0056
K3Ba4Te4,11.045;0.9455;0.8939
K3Ba4Ir4,10.7877;0.93;0.865
K3Ba4Yb4,12.8366;0.9982;0.9965
K3Ba4T4,12.8908;1.0024;1.0048
K3Ba4U4,10.4379;0.981;0.9623
K3Ba4Th4,12.7265;1.0234;1.0473
K3Ba4Lu4,12.7292;1.0383;1.078
K3Ba4Ag4,11.976;1.0515;1.1055
K3Ba4Cd4,12.8669;1.0056;1.0112
K3Ba4Br4,13.0276;1.0299;1.0608
K3Ba4I4,12.9104;1.0084;1.0168
K3Ba4Dy4,12.7276;1.0208;1.0421
K3Ba4Sc4,12.8703;1.0192;1.0387
K3Ba4Cr4,12.7576;1.0163;1.0328
K3Ba4D4,12.9923;1.0203;1.0409
K3Ba4Cs4,13.5932;0.9869;0.9739
K3Ba4Tc4,13.0574;0.9949;0.9898
K3Ba4Pu4,12.8515;1.0061;1.0123
K3Ba4Am4,12.8899;1.0028;1.0056
K3Ba4Cm4,12.8899;1.0028;1.0056
K3Ba4Po4,12.8899;1.0028;1.0056
K3N4Nb4,9.7122;0.5596;0.3132
K3N4Cl4,13.5402;0.3261;0.1063
K3N4C4,9.8607;0.431;0.1858
K3N4Li4,10.0805;0.5603;0.314
Fe3Ba4K4,10.9752;1.0225;1.0455
Fe3N4Nb4,10.7828;0.3871;0.1498
Fe3N4Cl4,14.1117;0.4077;0.1663
Fe3N4C4,9.709;0.3928;0.1543
Fe3N4Li4,9.9501;0.5818;0.3385
Fe3C4Mg4,11.3932;0.7275;0.5292
As3Ba4K4,11.9574;1.0621;1.1281
As3Pb4Cl4,10.2848;0.3878;0.1504
As3N4Nb4,10.9565;0.4002;0.1601
As3N4Cl4,14.1706;0.3809;0.1451
As3N4C4,9.9402;0.3954;0.1563
As3N4Li4,9.8503;0.5995;0.3593
As3Hf4Cl4,10.0134;0.565;0.3192
As3C4Mg4,11.2137;0.8297;0.6883
Ca3Ba4K4,12.0527;1.0959;1.201
Ca3La4Li4,9.7969;0.3836;0.1472
Ca3Tm4Li4,10.3051;0.3739;0.1398
Ca3Nd4Li4,9.8243;0.4123;0.17
Ca3Sr4Li4,9.732;0.4087;0.167
Ca3W4Li4,10.0469;0.3959;0.1567
Ca3N4Nb4,10.6085;0.4233;0.1792
Ca3N4Cl4,14.0008;0.3835;0.1471
Ca3N4C4,10.0096;0.3814;0.1455
Ca3N4Li4,11.3867;0.5102;0.2603
Ca3Tl4Li4,10.2478;0.3655;0.1336
Ca3Hf4Cl4,10.1879;0.5798;0.3362
Ca3Hf4Li4,11.4855;0.4627;0.2141
Ca3Cl4Li4,11.8835;0.3935;0.1548
Ca3Sm4Li4,10.2713;0.3815;0.1456
Ca3Tb4Li4,9.7747;0.4043;0.1635
Ca3C4Mg4,11.5633;0.8438;0.712
Ca3Gd4Li4,10.176;0.3864;0.1493
Ca3Mn4Li4,10.103;0.3849;0.1482
Ca3Ho4Li4,10.177;0.3592;0.129
Ca3Eu4Li4,10.3329;0.3755;0.141
Ca3Pr4Li4,9.7217;0.415;0.1723
Ca3Mg4Li4,9.9548;0.8764;0.7681
Ca3Li4Np4,10.35;0.3658;0.1338
Ca3Li4Na4,10.1446;0.3755;0.141
Ca3Li4Pa4,10.3529;0.3683;0.1356
Ca3Li4Yb4,10.2378;0.3464;0.12
Ca3Li4T4,10.3535;0.369;0.1362
Ca3Li4Cd4,10.2363;0.3438;0.1182
Ca3Li4Br4,10.5964;0.5187;0.269
Ca3Li4I4,11.0196;0.4249;0.1805
Ca3Li4Dy4,9.9053;0.4161;0.1731
Ca3Li4Sc4,10.2094;0.4044;0.1636
Ca3Li4D4,10.3897;0.3577;0.1279
Ca3Li4Cs4,9.8419;0.3547;0.1258
Ca3Li4Tc4,10.3823;0.35;0.1225
Ca3Li4Pu4,10.0893;0.3945;0.1556
Ca3Li4Am4,10.3529;0.3683;0.1356
Ca3Li4Cm4,10.3529;0.3683;0.1356
Ca3Li4Po4,10.3529;0.3683;0.1356
La3Ba4K4,13.286;1.1732;1.3764
La3Ba4Cl4,10.0891;0.9321;0.8688
La3Ca4Li4,10.0352;0.3409;0.1162
La3N4Nb4,10.4231;0.4371;0.1911
La3N4Cl4,13.6214;0.4811;0.2314
La3N4C4,9.7165;0.4007;0.1606
La3N4Li4,9.6963;0.5806;0.3371
La3Hf4Cl4,9.9987;0.5902;0.3484
La3C4Mg4,10.7587;0.8105;0.6569
Cu3Ba4K4,11.662;1.0417;1.0852
Cu3N4Nb4,10.9759;0.4113;0.1692
Cu3N4Cl4,13.9538;0.3922;0.1538
Cu3N4C4,9.9085;0.3964;0.1571
Cu3N4Li4,9.5491;0.6135;0.3763
Cu3Hf4Cl4,9.6306;0.6278;0.3942
Cu3C4Mg4,10.5558;0.8412;0.7076
O3Ba4K4,16.3076;1.0425;1.0868
O3N4Nb4,11.4042;0.3722;0.1386
O3N4Cl4,14.3421;0.3514;0.1235
O3N4C4,9.8429;0.4177;0.1744
O3N4Li4,10.349;0.618;0.382
O3Hf4Cl4,10.0606;0.5486;0.301
O3C4Mg4,11.3675;0.8215;0.6748
Mo3Ba4K4,11.1837;1.0178;1.036
Mo3N4Nb4,10.1644;0.4292;0.1842
Mo3N4Cl4,13.3045;0.4134;0.1709
Mo3Hf4Cl4,9.7737;0.5443;0.2962
Mo3Cl4Ni4,9.9482;0.5138;0.2639
Mo3Cl4Tc4,10.4198;0.4029;0.1623
Mo3C4Mg4,11.7385;0.7689;0.5912
Ru3Ba4K4,11.1126;1.0187;1.0378
Ru3N4Nb4,9.6424;0.4968;0.2468
Ru3N4Cl4,13.2401;0.5044;0.2544
Ru3Hf4Cl4,10.2479;0.5664;0.3208
Ru3Hf4P4,10.538;0.198;0.0392
Ru3C4Mg4,10.081;0.8167;0.667
Tm3Ba4K4,12.5445;1.0396;1.0808
Tm3Ca4Li4,10.5986;0.3595;0.1292
Tm3N4Nb4,11.2094;0.412;0.1697
Tm3N4Cl4,14.3712;0.3731;0.1392
Tm3N4C4,10.1558;0.3993;0.1594
Tm3N4Li4,10.0968;0.5975;0.357
Tm3Hf4Cl4,9.9199;0.5811;0.3377
Tm3C4Mg4,11.5739;0.8496;0.7218
Os3Ba4K4,11.9237;1.0931;1.1949
Os3N4Nb4,10.355;0.4279;0.1831
Os3N4Cl4,13.7983;0.3837;0.1472
Os3N4C4,9.6682;0.4229;0.1788
Os3N4Li4,9.676;0.611;0.3733
Os3Hf4Cl4,9.5214;0.5821;0.3389
Os3C4Mg4,10.9475;0.7747;0.6002
Sn3Ba4K4,12.0137;1.039;1.0795
Sn3Al4Nb4,15.7882;0.2618;0.0685
Sn3N4Nb4,10.7567;0.4174;0.1742
Sn3N4Cl4,13.9815;0.376;0.1414
Sn3N4C4,10.0155;0.4208;0.177
Sn3N4Li4,9.8209;0.6278;0.3941
Sn3Hf4Cl4,10.3381;0.549;0.3014
Sn3C4Mg4,10.876;0.8804;0.7752
Nd3Ba4K4,13.7668;1.2183;1.4844
Nd3Ba4Sr4,11.021;1.188;1.4113
Nd3Ba4Cl4,11.5475;1.0495;1.1015
Nd3Ca4Li4,10.0924;0.4079;0.1664
Nd3N4Nb4,11.1547;0.4151;0.1723
Nd3N4Cl4,14.3376;0.3663;0.1342
Nd3N4Li4,10.0387;0.604;0.3648
Nd3Hf4Cl4,9.9509;0.5736;0.329
Nd3C4Mg4,10.6179;0.8028;0.6445
Bi3Ba4K4,13.0125;0.8389;0.7038
Bi3Pb4Cl4,10.6429;0.3321;0.1103
Bi3N4Nb4,10.2462;0.4822;0.2325
Bi3N4Cl4,13.5632;0.4103;0.1683
Bi3Hf4Cl4,9.3989;0.6167;0.3803
Bi3C4Mg4,10.2988;0.8613;0.7419
Pb3Ba4K4,13.4845;0.9925;0.9851
Pb3N4Nb4,10.7065;0.3866;0.1495
Pb3N4Cl4,14.1237;0.3995;0.1596
Pb3N4C4,9.7072;0.421;0.1772
Pb3N4Li4,9.8531;0.6254;0.3911
Pb3Hf4Cl4,10.3088;0.5508;0.3034
Pb3C4Mg4,11.6451;0.8216;0.675
S3Ba4K4,11.1775;1.0588;1.121
S3N4Cl4,13.0262;0.532;0.283
S3N4C4,10.0733;0.5165;0.2667
S3Hf4Cl4,10.4007;0.568;0.3226
S3Cl4D4,10.7802;0.6139;0.3769
S3C4Mg4,13.3077;0.8481;0.7194
S3C4H4,9.5552;0.6223;0.3873
S3C4D4,9.6549;0.6452;0.4163
F3Ba4K4,12.2876;1.0291;1.0591
F3Ca4Li4,9.8567;0.3649;0.1331
F3N4Nb4,11.0053;0.4355;0.1897
F3N4Cl4,14.2588;0.3696;0.1366
F3N4Li4,9.979;0.6043;0.3652
F3Hf4Cl4,9.9467;0.5697;0.3245
F3C4Mg4,11.1093;0.8324;0.693
V3Ba4K4,11.9305;1.021;1.0424
V3Ca4Li4,10.0544;0.4012;0.161
V3N4Cl4,13.5831;0.436;0.1901
V3N4Li4,9.8557;0.5626;0.3165
V3Hf4Cl4,10.3189;0.5703;0.3252
V3C4Mg4,11.2112;0.8283;0.6861
Ga3Ba4K4,11.6667;0.9577;0.9171
Ga3N4Nb4,10.2834;0.5019;0.2519
Ga3N4Cl4,12.7439;0.4746;0.2252
Ga3Hf4Cl4,9.495;0.5502;0.3028
Ga3C4Mg4,10.1995;0.8245;0.6797
Al3Ba4K4,9.9604;0.9113;0.8305
Al3Sn4Nb4,12.6175;0.4589;0.2106
Al3N4Cl4,10.7361;0.5193;0.2697
Al3B4Mg4,10.215;0.9764;0.9533
Sr3Ba4K4,12.9409;1.0083;1.0166
Sr3Ba4Nd4,11.0269;1.1742;1.3787
Sr3Ba4Cl4,10.3076;0.7852;0.6165
Sr3Ca4Li4,9.8983;0.3789;0.1435
Sr3N4Nb4,10.6699;0.4746;0.2253
Sr3N4Cl4,15.2241;0.3663;0.1341
Sr3N4C4,10.279;0.3898;0.152
Sr3N4Li4,10.1424;0.5702;0.3251
Sr3Hf4Cl4,10.5206;0.5317;0.2827
Sr3Cl4Tc4,9.5036;0.5182;0.2685
Sr3C4Mg4,11.4645;0.8214;0.6747
Co3Ba4K4,11.7981;1.0178;1.0359
Co3Ga4Pu4,10.0177;0.4766;0.2271
Co3N4Cl4,12.806;0.4992;0.2492
Co3C4Mg4,11.4257;0.9186;0.8439
Re3Ba4K4,11.7425;1.0627;1.1293
Re3N4Nb4,11.0439;0.4084;0.1668
Re3N4Cl4,14.1869;0.4032;0.1626
Re3N4C4,9.9113;0.3916;0.1533
Re3N4Li4,9.8968;0.6047;0.3657
Re3Hf4Cl4,10.0387;0.5115;0.2616
Re3C4Mg4,11.3747;0.8378;0.7019
W3Ba4K4,11.4929;1.013;1.0262
W3Ca4Li4,10.3519;0.3557;0.1265
W3Re4Cl4,10.1806;0.3803;0.1446
W3N4Nb4,10.9581;0.4006;0.1605
W3N4Cl4,14.3197;0.3768;0.142
W3N4C4,10.0695;0.3976;0.1581
W3N4Li4,10.0041;0.5876;0.3453
W3Hf4Cl4,10.124;0.568;0.3226
W3Cl4Tc4,9.7114;0.4096;0.1677
W3C4Mg4,12.019;0.7812;0.6103
N3Ba4K4,12.3961;0.827;0.684
N3Ba4Cl4,14.5711;0.4962;0.2462
N3K4Cl4,13.5153;0.3586;0.1286
N3K4C4,9.608;0.4635;0.2148
N3K4Li4,10.088;0.5811;0.3377
N3K4Br4,10.1609;0.546;0.2981
N3Fe4Cl4,14.5678;0.4374;0.1913
N3Fe4Li4,10.3142;0.5543;0.3072
N3As4Nb4,9.6589;0.4618;0.2133
N3As4Cl4,14.6806;0.3902;0.1522
N3As4C4,9.7327;0.3968;0.1575
N3As4Li4,10.2134;0.5481;0.3004
N3Ca4Cl4,14.4717;0.3765;0.1417
N3Ca4C4,9.7843;0.3611;0.1304
N3Ca4Li4,11.7295;0.4875;0.2377
N3La4Nb4,10.2745;0.4374;0.1913
N3La4Cl4,14.5671;0.4097;0.1678
N3La4C4,10.3756;0.3542;0.1254
N3La4Li4,10.8328;0.5307;0.2816
N3Cu4Nb4,10.0653;0.4824;0.2327
N3Cu4Cl4,14.3837;0.4181;0.1748
N3Cu4C4,9.6555;0.3798;0.1443
N3Cu4Li4,9.7793;0.5897;0.3478
N3O4Cl4,14.1934;0.4107;0.1687
N3O4Li4,10.0393;0.5129;0.263
N3Mo4Cl4,13.114;0.4335;0.1879
N3Ru4Cl4,13.6389;0.5369;0.2882
N3Tm4Nb4,9.9773;0.4995;0.2495
N3Tm4Cl4,14.8805;0.3973;0.1578
N3Tm4C4,9.9391;0.4007;0.1605
N3Tm4Li4,10.445;0.5478;0.3001
N3Os4Cl4,14.2802;0.3837;0.1472
N3Os4Li4,9.9925;0.5723;0.3275
N3Sn4Nb4,9.5853;0.548;0.3003
N3Sn4Cl4,14.3424;0.3976;0.1581
N3Sn4C4,9.7162;0.4284;0.1835
N3Sn4Li4,10.0011;0.6191;0.3832
N3Nd4Nb4,9.9152;0.5026;0.2526
N3Nd4Cl4,14.8497;0.386;0.149
N3Nd4Li4,10.3812;0.5628;0.3167
N3Bi4Cl4,14.0817;0.4309;0.1856
N3Pb4Cl4,14.5604;0.4239;0.1797
N3Pb4Li4,10.1983;0.5776;0.3336
N3S4Cl4,13.0418;0.5561;0.3092
N3F4Nb4,9.7952;0.5039;0.2539
N3F4Cl4,14.7685;0.4055;0.1644
N3F4Li4,10.3118;0.5629;0.3169
N3V4Cl4,13.8682;0.4392;0.1929
N3V4Li4,9.9443;0.5618;0.3156
N3Ga4Cl4,12.5498;0.4854;0.2356
N3Al4Cl4,10.8298;0.5071;0.2571
N3Sr4Nb4,9.5023;0.5092;0.2593
N3Sr4Cl4,15.7054;0.3444;0.1186
N3Sr4C4,10.0902;0.388;0.1505
N3Sr4Li4,10.4833;0.5431;0.295
N3Co4Cl4,12.8862;0.5445;0.2965
N3Re4Nb4,9.8825;0.5128;0.263
N3Re4Cl4,14.6988;0.4108;0.1687
N3Re4Li4,10.276;0.5581;0.3115
N3W4Nb4,9.7275;0.4749;0.2256
N3W4Cl4,14.8468;0.4014;0.1611
N3W4C4,9.8716;0.4128;0.1704
N3W4Li4,10.3567;0.5584;0.3118
N3Be4Nb4,9.8798;0.4912;0.2413
N3Be4Cl4,14.7704;0.3994;0.1595
N3Be4C4,9.8283;0.3979;0.1583
N3Be4Li4,9.9547;0.5879;0.3456
N3Nb4Tl4,10.0008;0.5023;0.2523
N3Nb4Hf4,9.8581;0.3824;0.1462
N3Nb4Cl4,15.1346;0.3455;0.1193
N3Nb4Sm4,9.9747;0.499;0.249
N3Nb4C4,15.3259;0.2451;0.0601
N3Nb4Gd4,9.9582;0.4951;0.2451
N3Nb4Zr4,10.5912;0.4983;0.2483
N3Nb4Mn4,9.9567;0.5038;0.2538
N3Nb4Ho4,9.9526;0.4991;0.2491
N3Nb4Ti4,12.2799;0.5006;0.2506
N3Nb4Hg4,9.9771;0.4996;0.2496
N3Nb4Eu4,9.7022;0.4952;0.2452
N3Nb4Rb4,9.7191;0.4875;0.2377
N3Nb4Pr4,9.8194;0.5211;0.2715
N3Nb4Sb4,9.5238;0.5009;0.2509
N3Nb4Er4,9.907;0.4921;0.2422
N3Nb4Zn4,9.6932;0.4977;0.2477
N3Nb4Li4,11.9558;0.5953;0.3543
N3Nb4Np4,9.9792;0.4999;0.2499
N3Nb4Si4,9.7179;0.4589;0.2106
N3Nb4P4,10.0679;0.4803;0.2307
N3Nb4Na4,11.4272;0.4275;0.1827
N3Nb4H4,9.6369;0.4943;0.2443
N3Nb4Pa4,9.9788;0.5003;0.2503
N3Nb4Yb4,9.9693;0.4989;0.2489
N3Nb4T4,9.9788;0.5003;0.2503
N3Nb4Lu4,9.8137;0.4767;0.2273
N3Nb4Cd4,9.958;0.4982;0.2482
N3Nb4Br4,9.6567;0.5093;0.2594
N3Nb4I4,10.9498;0.508;0.258
N3Nb4Dy4,9.9415;0.4976;0.2476
N3Nb4D4,9.9977;0.5038;0.2538
N3Nb4Cs4,11.7408;0.6509;0.4236
N3Nb4Tc4,9.9938;0.5053;0.2553
N3Nb4Pu4,9.9737;0.5074;0.2575
N3Nb4Am4,9.9788;0.5003;0.2503
N3Nb4Cm4,9.9788;0.5003;0.2503
N3Nb4Po4,9.9788;0.5003;0.2503
N3Tl4Cl4,14.8887;0.3947;0.1558
N3Tl4C4,9.6365;0.4339;0.1882
N3Tl4Li4,10.4653;0.5447;0.2967
N3Y4Cl4,13.6338;0.5053;0.2554
N3Y4Li4,9.9125;0.5132;0.2633
N3Hf4Cl4,19.3844;0.379;0.1436
N3Hf4C4,10.2968;0.4512;0.2036
N3Hf4Li4,17.1972;0.6231;0.3882
N3Hf4Br4,10.3967;0.5826;0.3394
N3Cl4Sm4,14.8814;0.3978;0.1582
N3Cl4Ni4,13.9304;0.4745;0.2251
N3Cl4Tb4,14.4589;0.4565;0.2084
N3Cl4Ce4,10.6616;0.5141;0.2643
N3Cl4B4,12.9074;0.5169;0.2672
N3Cl4C4,12.8294;0.3945;0.1556
N3Cl4Gd4,14.8639;0.3958;0.1566
N3Cl4In4,13.3826;0.4673;0.2184
N3Cl4Pd4,13.5586;0.42;0.1764
N3Cl4Zr4,14.0981;0.1533;0.0235
N3Cl4Mn4,14.8763;0.3962;0.157
N3Cl4Ho4,14.8722;0.3976;0.1581
N3Cl4Se4,14.3306;0.4352;0.1894
N3Cl4Ti4,14.8448;0.3235;0.1046
N3Cl4Hg4,14.8832;0.3966;0.1573
N3Cl4Eu4,14.8775;0.3995;0.1596
N3Cl4Rb4,14.7091;0.3914;0.1532
N3Cl4Pr4,14.7894;0.3965;0.1572
N3Cl4Mg4,13.7316;0.6463;0.4178
N3Cl4Sb4,14.0998;0.4538;0.206
N3Cl4Er4,14.837;0.3934;0.1548
N3Cl4Rh4,13.606;0.4193;0.1758
N3Cl4Au4,14.1679;0.4295;0.1845
N3Cl4Zn4,14.6697;0.4097;0.1679
N3Cl4Li4,15.3934;0.3659;0.1339
N3Cl4Np4,14.8807;0.3971;0.1577
N3Cl4Si4,13.9816;0.4508;0.2032
N3Cl4P4,14.8682;0.3968;0.1574
N3Cl4Ta4,14.6279;0.4042;0.1634
N3Cl4Na4,15.4181;0.2373;0.0563
N3Cl4H4,14.8948;0.3797;0.1442
N3Cl4Pt4,13.991;0.4162;0.1733
N3Cl4Ge4,13.4274;0.5297;0.2805
N3Cl4Pa4,14.8806;0.3978;0.1583
N3Cl4Te4,12.3696;0.4977;0.2477
N3Cl4Ir4,12.2806;0.506;0.256
N3Cl4Yb4,14.8786;0.3948;0.1559
N3Cl4T4,14.8807;0.3977;0.1582
N3Cl4U4,12.4695;0.5231;0.2737
N3Cl4Th4,14.3143;0.4927;0.2428
N3Cl4Lu4,14.7498;0.4138;0.1713
N3Cl4Ag4,13.94;0.4718;0.2226
N3Cl4Cd4,14.8746;0.3983;0.1586
N3Cl4Br4,13.536;0.4949;0.245
N3Cl4I4,15.0293;0.3755;0.141
N3Cl4Dy4,14.8583;0.399;0.1592
N3Cl4Sc4,14.0373;0.4411;0.1946
N3Cl4Cr4,13.4318;0.4856;0.2358
N3Cl4D4,14.8885;0.3965;0.1572
N3Cl4Cs4,15.7851;0.4704;0.2213
N3Cl4Tc4,14.8904;0.3904;0.1524
N3Cl4Pu4,14.8806;0.3871;0.1499
N3Cl4Am4,14.8806;0.3978;0.1583
N3Cl4Cm4,14.8806;0.3978;0.1583
N3Cl4Po4,14.8806;0.3978;0.1583
N3Sm4C4,9.8711;0.4098;0.1679
N3Sm4Li4,10.4458;0.5413;0.293
N3Ni4Li4,10.0591;0.6311;0.3982
N3Tb4Li4,10.0359;0.5661;0.3205
N3C4Ho4,9.8741;0.3975;0.158
N3C4Se4,9.6252;0.454;0.2061
N3C4Hg4,10.0308;0.4584;0.2101
N3C4Eu4,9.9189;0.3976;0.1581
N3C4Mg4,12.518;0.5613;0.3151
N3C4Er4,9.801;0.4256;0.1812
N3C4Li4,11.2597;0.5475;0.2998
N3C4Np4,9.922;0.3994;0.1595
N3C4P4,9.8687;0.4097;0.1679
N3C4Ta4,10.6464;0.2194;0.0481
N3C4Na4,12.9906;0.4219;0.178
N3C4H4,11.8735;0.6682;0.4466
N3C4Pa4,9.922;0.3994;0.1595
N3C4Yb4,9.9199;0.4003;0.1602
N3C4T4,9.922;0.3994;0.1595
N3C4Cd4,9.9198;0.3982;0.1585
N3C4Br4,10.2188;0.447;0.1998
N3C4I4,10.5711;0.4201;0.1765
N3C4D4,9.9334;0.3997;0.1598
N3C4Cs4,12.916;0.6636;0.4403
N3C4Tc4,10.0133;0.3909;0.1528
N3C4Pu4,9.9192;0.402;0.1616
N3C4Am4,9.922;0.3994;0.1595
N3C4Cm4,9.922;0.3994;0.1595
N3C4Po4,9.922;0.3994;0.1595
N3Gd4Li4,10.4337;0.5534;0.3063
N3Pd4Li4,10.0085;0.5219;0.2723
N3Zr4Li4,10.1985;0.4245;0.1802
N3Mn4Li4,10.4375;0.5516;0.3043
N3Ho4Li4,10.431;0.5566;0.3098
N3Se4Li4,9.5982;0.5977;0.3572
N3Ti4Li4,10.578;0.5611;0.3148
N3Hg4Li4,9.6562;0.5833;0.3402
N3Eu4Li4,10.4477;0.5518;0.3045
N3Rb4Li4,10.5252;0.5174;0.2677
N3Rb4Br4,9.5191;0.6388;0.4081
N3Pr4Li4,10.3408;0.5379;0.2894
N3Mg4Li4,11.4656;0.7676;0.5892
N3Sb4Li4,9.8275;0.5316;0.2826
N3Er4Li4,10.3606;0.5186;0.2689
N3Rh4Li4,9.4603;0.5865;0.344
N3Au4Li4,9.7082;0.5545;0.3074
N3Zn4Li4,9.5166;0.6258;0.3916
N3Li4Np4,10.4513;0.5488;0.3012
N3Li4Si4,10.1917;0.5432;0.295
N3Li4P4,10.4854;0.5375;0.2889
N3Li4Ta4,9.9137;0.5804;0.3368
N3Li4Na4,11.6002;0.5043;0.2543
N3Li4H4,9.8721;0.6019;0.3623
N3Li4Pt4,9.4487;0.645;0.416
N3Li4Pa4,10.4521;0.5479;0.3002
N3Li4Yb4,10.4429;0.5493;0.3017
N3Li4T4,10.4521;0.548;0.3003
N3Li4Th4,10.0103;0.5558;0.3089
N3Li4Lu4,10.312;0.5494;0.3018
N3Li4Ag4,9.5358;0.5701;0.325
N3Li4Cd4,10.4415;0.5523;0.305
N3Li4Br4,13.3567;0.698;0.4873
N3Li4I4,13.5973;0.5563;0.3094
N3Li4Dy4,10.4097;0.5504;0.3029
N3Li4Sc4,9.6898;0.5141;0.2643
N3Li4D4,10.491;0.5476;0.2999
N3Li4Cs4,11.9079;0.6154;0.3787
N3Li4Tc4,10.5035;0.5377;0.2891
N3Li4Pu4,10.4398;0.5469;0.2991
N3Li4Am4,10.4521;0.5479;0.3002
N3Li4Cm4,10.4521;0.5479;0.3002
N3Li4Po4,10.4521;0.5479;0.3002
N3Na4Br4,10.3465;0.5278;0.2786
N3Na4Cs4,10.1521;0.7407;0.5486
Be3Ba4K4,12.4147;1.0264;1.0535
Be3N4Nb4,11.085;0.4112;0.1691
Be3N4Cl4,14.2616;0.3944;0.1556
Be3N4C4,10.0418;0.3875;0.1502
Be3N4Li4,9.6111;0.6352;0.4035
Be3Hf4Cl4,9.8005;0.6099;0.372
Be3C4Mg4,11.3251;0.8266;0.6833
Nb3Ba4K4,10.3992;0.9433;0.8898
Nb3La4N4,9.6189;0.4399;0.1935
Nb3Cu4N4,9.6163;0.3872;0.1499
Nb3Cu4Cl4,10.3391;0.3536;0.1251
Nb3Sn4Al4,15.7223;0.3819;0.1458
Nb3Al4Ge4,9.6909;0.469;0.22
Nb3N4Cl4,14.7089;0.3297;0.1087
Nb3N4C4,14.5948;0.2386;0.0569
Nb3N4Zr4,9.9682;0.4559;0.2078
Nb3N4Ti4,11.6727;0.3955;0.1564
Nb3N4Li4,11.5209;0.6221;0.387
Nb3N4Na4,11.1271;0.4564;0.2083
Nb3N4I4,10.4926;0.4419;0.1953
Nb3N4Cs4,11.2395;0.6246;0.3901
Nb3Hf4Cl4,11.0687;0.4845;0.2348
Nb3Cl4Ta4,9.7528;0.3615;0.1307
Nb3C4Mg4,12.1856;0.7534;0.5677
Tl3Ba4K4,12.0755;1.0308;1.0624
Tl3Ca4Li4,10.5305;0.3493;0.122
Tl3N4Nb4,11.2282;0.4167;0.1736
Tl3N4Cl4,14.3767;0.3717;0.1381
Tl3N4C4,9.8542;0.4508;0.2032
Tl3N4Li4,10.1152;0.5937;0.3525
Tl3Hf4Cl4,10.5365;0.5413;0.293
Tl3C4Mg4,10.5449;0.869;0.7552
Y3Ba4K4,14.5913;1.1046;1.2202
Y3Mo4Ni4,9.5806;0.4702;0.2211
Y3N4Nb4,10.3913;0.4082;0.1666
Y3N4Cl4,13.2084;0.4006;0.1605
Y3N4Li4,9.6127;0.5765;0.3323
Y3Ni4Pd4,13.0575;0.4259;0.1814
Y3C4Pd4,9.5436;0.6797;0.462
Y3C4Th4,10.2213;0.4308;0.1856
Hf3Ba4K4,12.7055;1.0036;1.0071
Hf3Ba4Cl4,10.552;0.5671;0.3216
Hf3As4Cl4,10.2804;0.5552;0.3082
Hf3Ca4Cl4,10.3395;0.567;0.3215
Hf3Ca4Li4,12.1079;0.4604;0.2119
Hf3La4Cl4,10.166;0.5778;0.3338
Hf3Cu4Cl4,9.5421;0.604;0.3648
Hf3O4Cl4,10.5475;0.5146;0.2648
Hf3Mo4Cl4,9.5539;0.5512;0.3038
Hf3Ru4Cl4,10.1904;0.5999;0.3598
Hf3Ru4P4,10.3401;0.2146;0.0461
Hf3Tm4Cl4,10.0772;0.5572;0.3105
Hf3Os4Cl4,9.7367;0.5641;0.3182
Hf3Sn4Cl4,10.0865;0.5378;0.2892
Hf3Nd4Cl4,10.0541;0.5542;0.3072
Hf3Bi4Cl4,9.7847;0.5985;0.3582
Hf3Pb4Cl4,11.0574;0.4585;0.2103
Hf3S4Cl4,10.3525;0.5872;0.3448
Hf3F4Cl4,10.1068;0.5569;0.3101
Hf3V4Cl4,10.5799;0.535;0.2862
Hf3Sr4Cl4,10.7531;0.5084;0.2585
Hf3Re4Cl4,10.7407;0.5183;0.2686
Hf3W4Cl4,10.0703;0.5748;0.3304
Hf3N4Nb4,11.0848;0.3339;0.1115
Hf3N4Cl4,19.569;0.3151;0.0993
Hf3N4C4,10.852;0.4276;0.1828
Hf3N4Li4,17.4679;0.617;0.3807
Hf3N4Na4,10.2352;0.5351;0.2863
Hf3N4Br4,9.4769;0.5893;0.3473
Hf3N4I4,10.1817;0.563;0.317
Hf3N4Cs4,9.4496;0.6057;0.3669
Hf3Be4Cl4,10.0858;0.5773;0.3333
Hf3Nb4Cl4,10.3493;0.5452;0.2973
Hf3Tl4Cl4,10.6943;0.5336;0.2847
Hf3Cl4Sm4,10.0725;0.5686;0.3233
Hf3Cl4Tb4,9.833;0.573;0.3283
Hf3Cl4B4,10.0804;0.5408;0.2925
Hf3Cl4Gd4,10.0556;0.569;0.3238
Hf3Cl4In4,10.0752;0.5619;0.3157
Hf3Cl4Pd4,9.5132;0.573;0.3284
Hf3Cl4Zr4,9.7905;0.4617;0.2132
Hf3Cl4Mn4,9.8771;0.5768;0.3327
Hf3Cl4Ho4,10.0006;0.5618;0.3157
Hf3Cl4Se4,10.0171;0.5329;0.284
Hf3Cl4Ti4,9.522;0.5481;0.3004
Hf3Cl4Hg4,10.2576;0.5701;0.325
Hf3Cl4Eu4,10.1595;0.5524;0.3051
Hf3Cl4Rb4,9.781;0.5828;0.3397
Hf3Cl4Pr4,9.7546;0.613;0.3758
Hf3Cl4Mg4,9.7686;0.6258;0.3917
Hf3Cl4Er4,9.7526;0.5673;0.3218
Hf3Cl4Rh4,9.7262;0.557;0.3103
Hf3Cl4Zn4,9.5762;0.6156;0.379
Hf3Cl4Li4,11.9729;0.7066;0.4993
Hf3Cl4Np4,10.1485;0.5589;0.3124
Hf3Cl4P4,11.6776;0.6221;0.387
Hf3Cl4Ta4,11.7158;0.5147;0.265
Hf3Cl4H4,10.6295;0.5608;0.3145
Hf3Cl4Pa4,10.1387;0.5605;0.3141
Hf3Cl4Yb4,10.036;0.5531;0.3059
Hf3Cl4T4,10.1558;0.5564;0.3095
Hf3Cl4Th4,10.0414;0.5655;0.3198
Hf3Cl4Lu4,10.3704;0.5584;0.3118
Hf3Cl4Ag4,9.5141;0.6019;0.3623
Hf3Cl4Cd4,10.1871;0.5493;0.3017
Hf3Cl4I4,10.6728;0.568;0.3227
Hf3Cl4Dy4,9.9229;0.5543;0.3072
Hf3Cl4Sc4,10.4077;0.5438;0.2957
Hf3Cl4Cr4,9.716;0.5859;0.3433
Hf3Cl4D4,10.6181;0.5404;0.2921
Hf3Cl4Cs4,10.1442;0.5577;0.3111
Hf3Cl4Tc4,11.3433;0.5138;0.264
Hf3Cl4Pu4,10.2619;0.5776;0.3336
Hf3Cl4Am4,10.1387;0.5605;0.3141
Hf3Cl4Cm4,10.1387;0.5605;0.3141
Hf3Cl4Po4,10.1387;0.5605;0.3141
Hf3C4Mg4,11.725;0.7795;0.6076
Hf3Mg4Li4,9.6981;0.7166;0.5134
Cl3Ba4K4,14.0775;0.9291;0.8632
Cl3Ba4La4,10.0445;0.9375;0.879
Cl3Ba4Nd4,11.4855;1.0576;1.1185
Cl3Ba4Sr4,10.2614;0.7879;0.6208
Cl3Ba4N4,14.2126;0.5062;0.2562
Cl3Ba4Hf4,10.3638;0.6213;0.386
Cl3K4N4,13.3129;0.3058;0.0935
Cl3Fe4N4,14.0228;0.4112;0.1691
Cl3As4Pb4,10.3154;0.4204;0.1767
Cl3As4N4,14.1221;0.3832;0.1468
Cl3As4Hf4,10.113;0.5663;0.3206
Cl3Ca4N4,13.9415;0.3913;0.1531
Cl3Ca4Hf4,10.1424;0.5921;0.3506
Cl3Ca4Li4,12.1017;0.4149;0.1721
Cl3La4Os4,9.5974;0.4234;0.1793
Cl3La4N4,13.9274;0.4209;0.1772
Cl3La4Hf4,9.983;0.5829;0.3398
Cl3Cu4N4,13.839;0.3968;0.1574
Cl3Cu4Nb4,9.8508;0.3391;0.115
Cl3O4N4,13.681;0.3662;0.1341
Cl3O4Hf4,10.3742;0.546;0.2981
Cl3Mo4Co4,10.0279;0.4625;0.2139
Cl3Mo4N4,12.6694;0.4616;0.2131
Cl3Mo4Hf4,9.4994;0.5299;0.2808
Cl3Mo4Ni4,10.4709;0.5321;0.2832
Cl3Mo4Tc4,10.8594;0.3936;0.1549
Cl3Ru4N4,13.1395;0.5297;0.2805
Cl3Ru4Hf4,10.2249;0.5955;0.3547
Cl3Tm4N4,14.3104;0.3802;0.1446
Cl3Tm4Hf4,9.8843;0.5851;0.3424
Cl3Os4N4,13.7413;0.3998;0.1598
Cl3Os4Hf4,9.596;0.5845;0.3416
Cl3Sn4Pb4,9.9125;0.4309;0.1857
Cl3Sn4N4,13.7975;0.3926;0.1541
Cl3Sn4Hf4,9.9102;0.5354;0.2866
Cl3Nd4N4,14.2754;0.3731;0.1392
Cl3Nd4Hf4,9.8727;0.5876;0.3453
Cl3Bi4Pb4,10.825;0.3494;0.1221
Cl3Bi4N4,13.5564;0.3937;0.155
Cl3Bi4Hf4,9.6347;0.618;0.3819
Cl3Pb4N4,14.0247;0.4331;0.1875
Cl3Pb4Hf4,10.8926;0.5216;0.2721
Cl3S4N4,12.6201;0.5862;0.3436
Cl3S4Hf4,10.2587;0.5929;0.3516
Cl3S4D4,10.8543;0.6432;0.4136
Cl3F4N4,14.1995;0.3726;0.1389
Cl3F4Hf4,9.9135;0.5762;0.3321
Cl3V4N4,13.4347;0.4284;0.1835
Cl3V4Hf4,10.9836;0.5304;0.2813
Cl3Ga4N4,12.1174;0.4851;0.2353
Cl3Al4N4,10.4584;0.5054;0.2555
Cl3Al4Nb4,10.1976;0.5311;0.2821
Cl3Sr4N4,15.2437;0.3815;0.1455
Cl3Sr4Hf4,10.5271;0.5396;0.2912
Cl3Co4N4,12.464;0.5239;0.2744
Cl3Re4W4,10.0894;0.4008;0.1606
Cl3Re4N4,14.1356;0.4173;0.1742
Cl3Re4Hf4,10.5383;0.5617;0.3155
Cl3W4N4,14.2606;0.3783;0.1431
Cl3W4Hf4,9.9749;0.5879;0.3456
Cl3W4Tc4,10.0836;0.4109;0.1688
Cl3N4Be4,14.2014;0.3938;0.1551
Cl3N4Nb4,14.9103;0.3079;0.0948
Cl3N4Tl4,14.3163;0.3784;0.1432
Cl3N4Y4,13.0997;0.4499;0.2024
Cl3N4Hf4,18.8664;0.3675;0.135
Cl3N4Sm4,14.3112;0.3804;0.1447
Cl3N4Ni4,13.4699;0.4479;0.2006
Cl3N4Tb4,13.8167;0.4523;0.2046
Cl3N4Ce4,10.1899;0.5571;0.3104
Cl3N4B4,12.4106;0.5868;0.3444
Cl3N4C4,12.6201;0.3835;0.1471
Cl3N4Gd4,14.2951;0.3818;0.1458
Cl3N4In4,12.9264;0.4809;0.2312
Cl3N4Pd4,13.0445;0.3674;0.135
Cl3N4Zr4,13.3103;0.041;0.0017
Cl3N4Mn4,14.3066;0.3814;0.1455
Cl3N4Ho4,14.3018;0.3824;0.1462
Cl3N4Se4,13.6974;0.4594;0.211
Cl3N4Ti4,14.0163;0.3835;0.1471
Cl3N4Hg4,14.3124;0.3789;0.1435
Cl3N4Eu4,14.3059;0.3802;0.1446
Cl3N4Rb4,14.1637;0.361;0.1303
Cl3N4Pr4,14.2176;0.3744;0.1402
Cl3N4Mg4,13.374;0.651;0.4238
Cl3N4Sb4,13.5837;0.4082;0.1666
Cl3N4Er4,14.2705;0.3824;0.1462
Cl3N4Rh4,13.1183;0.4094;0.1676
Cl3N4Au4,13.6388;0.4338;0.1882
Cl3N4Zn4,14.1204;0.3854;0.1485
Cl3N4Li4,15.0748;0.3848;0.148
Cl3N4Np4,14.3101;0.3805;0.1448
Cl3N4Si4,13.5023;0.4202;0.1766
Cl3N4P4,14.2997;0.3823;0.1462
Cl3N4Ta4,13.9727;0.3897;0.1519
Cl3N4Na4,14.8337;0.2705;0.0732
Cl3N4H4,14.3162;0.3779;0.1428
Cl3N4Pt4,13.6685;0.3879;0.1505
Cl3N4Ge4,12.8218;0.525;0.2756
Cl3N4Pa4,14.3104;0.3804;0.1447
Cl3N4Te4,11.9583;0.4183;0.1749
Cl3N4Ir4,11.8457;0.5267;0.2775
Cl3N4Yb4,14.3084;0.3783;0.1431
Cl3N4T4,14.3104;0.3804;0.1447
Cl3N4U4,12.0096;0.512;0.2622
Cl3N4Th4,13.7242;0.4427;0.196
Cl3N4Lu4,14.1881;0.4036;0.1629
Cl3N4Ag4,13.4068;0.4782;0.2287
Cl3N4Cd4,14.3063;0.3821;0.146
Cl3N4Br4,12.4469;0.5589;0.3124
Cl3N4I4,14.4559;0.3839;0.1474
Cl3N4Dy4,14.2918;0.3814;0.1454
Cl3N4Sc4,13.3437;0.4363;0.1904
Cl3N4Cr4,12.8162;0.4888;0.2389
Cl3N4D4,14.3198;0.38;0.1444
Cl3N4Cs4,15.1834;0.4639;0.2152
Cl3N4Tc4,14.323;0.3781;0.143
Cl3N4Pu4,14.3107;0.3769;0.142
Cl3N4Am4,14.3104;0.3804;0.1447
Cl3N4Cm4,14.3104;0.3804;0.1447
Cl3N4Po4,14.3104;0.3804;0.1447
Cl3Be4Hf4,9.8935;0.6082;0.37
Cl3Be4Si4,9.8876;0.4235;0.1793
Cl3Nb4Hf4,11.1449;0.4905;0.2405
Cl3Nb4Ta4,9.7179;0.3807;0.145
Cl3Tl4Hf4,10.4826;0.5526;0.3054
Cl3Hf4Sm4,9.8693;0.5844;0.3415
Cl3Hf4Tb4,9.6442;0.5886;0.3464
Cl3Hf4B4,9.9407;0.5537;0.3066
Cl3Hf4Gd4,9.858;0.5831;0.34
Cl3Hf4In4,9.9351;0.5636;0.3176
Cl3Hf4Mn4,9.6866;0.5916;0.35
Cl3Hf4Ho4,9.8061;0.5788;0.335
Cl3Hf4Se4,9.8184;0.5526;0.3054
Cl3Hf4Hg4,10.0538;0.5847;0.3419
Cl3Hf4Eu4,9.9648;0.5767;0.3326
Cl3Hf4Rb4,9.6021;0.5975;0.3571
Cl3Hf4Pr4,9.5743;0.6351;0.4034
Cl3Hf4Mg4,9.6158;0.5803;0.3367
Cl3Hf4Er4,9.5663;0.595;0.354
Cl3Hf4Rh4,9.569;0.5601;0.3138
Cl3Hf4Zn4,9.398;0.6345;0.4026
Cl3Hf4Li4,11.9477;0.7095;0.5034
Cl3Hf4Np4,9.9573;0.581;0.3376
Cl3Hf4P4,11.712;0.6444;0.4152
Cl3Hf4Ta4,11.7982;0.5213;0.2718
Cl3Hf4H4,10.5384;0.5971;0.3566
Cl3Hf4Pa4,9.9455;0.5825;0.3393
Cl3Hf4Yb4,9.8374;0.5832;0.3401
Cl3Hf4T4,9.9593;0.5798;0.3361
Cl3Hf4Th4,9.8547;0.5855;0.3428
Cl3Hf4Lu4,10.1727;0.5849;0.3421
Cl3Hf4Cd4,9.9852;0.5718;0.327
Cl3Hf4I4,10.4613;0.5917;0.3501
Cl3Hf4Dy4,9.7291;0.5753;0.331
Cl3Hf4Sc4,10.1936;0.559;0.3125
Cl3Hf4Cr4,9.5499;0.5937;0.3525
Cl3Hf4D4,10.5788;0.5736;0.329
Cl3Hf4Cs4,9.9538;0.5855;0.3428
Cl3Hf4Tc4,11.2361;0.5325;0.2836
Cl3Hf4Pu4,10.0724;0.5982;0.3579
Cl3Hf4Am4,9.9455;0.5825;0.3393
Cl3Hf4Cm4,9.9455;0.5825;0.3393
Cl3Hf4Po4,9.9455;0.5825;0.3393
Cl3B4Mg4,11.6636;0.7482;0.5598
Cl3C4Mg4,12.2045;0.8293;0.6878
Cl3Mn4Mg4,10.6003;0.7786;0.6062
Cl3Mg4Li4,10.9651;0.7528;0.5667
Cl3Mg4Na4,9.9722;0.8746;0.7649
Sm3Ba4K4,12.5265;1.042;1.0858
Sm3Ca4Li4,10.5585;0.3684;0.1357
Sm3N4Nb4,11.2076;0.4104;0.1685
Sm3N4Cl4,14.372;0.3732;0.1393
Sm3N4C4,10.0891;0.4096;0.1678
Sm3N4Li4,10.0973;0.5917;0.3502
Sm3Hf4Cl4,9.9036;0.5844;0.3415
Sm3C4Mg4,11.4174;0.8358;0.6986
Ni3Ba4K4,10.5142;0.972;0.9447
Ni3N4Nb4,9.924;0.4687;0.2197
Ni3N4Cl4,13.6766;0.4342;0.1885
Ni3N4Li4,9.934;0.6567;0.4313
Ni3Nb4C4,10.7315;0.3086;0.0952
Ni3C4Mg4,11.0905;0.7415;0.5498
Tb3Ba4K4,12.3709;1.0441;1.0901
Tb3Ca4Li4,10.0376;0.3895;0.1517
Tb3N4Nb4,10.1712;0.4933;0.2434
Tb3N4Cl4,13.8753;0.4326;0.1871
Tb3N4Li4,9.6573;0.609;0.3709
Tb3Hf4Cl4,9.697;0.5925;0.3511
Tb3C4Mg4,9.9731;0.7602;0.5779
Ce3Ba4K4,9.8563;0.9995;0.999
Ce3N4Cl4,10.2635;0.5665;0.3209
B3Ba4K4,12.3624;1.0018;1.0037
B3N4Cl4,12.5771;0.5639;0.318
B3Hf4Cl4,10.2421;0.5494;0.3018
B3Cl4Mg4,10.7473;0.7034;0.4948
B3C4Mg4,13.5669;0.8315;0.6914
B3Mn4Mg4,9.64;1.0727;1.1507
B3Mg4Li4,10.6959;0.8241;0.6791
B3Mg4Na4,9.3136;0.9984;0.9968
C3Ba4N4,10.1938;0.4138;0.1712
C3Ba4Mg4,10.5374;0.7726;0.5969
C3K4N4,10.0239;0.4285;0.1836
C3Fe4N4,10.3234;0.4138;0.1712
C3Fe4Mg4,11.3422;0.7426;0.5515
C3As4N4,10.5996;0.4256;0.1812
C3As4Mg4,11.2318;0.8367;0.7001
C3Ca4N4,10.6008;0.4136;0.171
C3Ca4Mg4,11.4737;0.865;0.7482
C3La4N4,10.8772;0.3849;0.1482
C3La4Mg4,11.1669;0.8314;0.6913
C3Cu4N4,10.5123;0.4275;0.1828
C3Cu4Mg4,10.3423;0.8554;0.7318
C3O4N4,9.7541;0.4055;0.1644
C3O4Mg4,11.4252;0.8412;0.7077
C3Mo4N4,9.7606;0.4446;0.1977
C3Mo4Mg4,11.1719;0.7612;0.5795
C3Ru4N4,9.5974;0.4924;0.2424
C3Ru4Mg4,10.0441;0.816;0.6659
C3Tm4N4,10.8075;0.4252;0.1808
C3Tm4Mg4,11.5716;0.855;0.7309
C3Os4N4,10.305;0.4371;0.1911
C3Os4Mg4,10.964;0.78;0.6084
C3Sn4N4,10.581;0.435;0.1893
C3Sn4Mg4,10.791;0.8796;0.7738
C3Nd4N4,9.9029;0.4222;0.1783
C3Nd4Mg4,10.6002;0.8147;0.6637
C3Bi4N4,10.1526;0.4594;0.211
C3Bi4Mg4,10.3587;0.8605;0.7404
C3Pb4N4,10.3529;0.4526;0.2049
C3Pb4Mg4,11.7292;0.7986;0.6378
C3S4Mg4,12.3304;0.7852;0.6166
C3F4N4,10.1686;0.4568;0.2087
C3F4Mg4,11.1251;0.8372;0.701
C3V4Mg4,10.5925;0.8241;0.6791
C3Ga4Mg4,9.9589;0.826;0.6823
C3Sr4N4,10.9262;0.4059;0.1648
C3Sr4Mg4,11.4743;0.8248;0.6803
C3Co4Mg4,11.1079;0.8855;0.7841
C3Re4N4,10.4073;0.4387;0.1925
C3Re4Mg4,11.2155;0.8648;0.7479
C3W4N4,10.6812;0.4105;0.1685
C3W4Mg4,11.9177;0.7947;0.6316
C3N4Be4,10.6855;0.4104;0.1684
C3N4Nb4,15.824;0.1454;0.0211
C3N4Tl4,10.4928;0.4605;0.2121
C3N4Hf4,10.9275;0.4502;0.2027
C3N4Cl4,13.0157;0.3798;0.1443
C3N4Sm4,10.7417;0.4323;0.1869
C3N4Ni4,9.8092;0.4828;0.2331
C3N4Gd4,9.9687;0.4506;0.203
C3N4Pd4,9.7196;0.4704;0.2212
C3N4Mn4,10.4166;0.4542;0.2063
C3N4Ho4,10.7321;0.4338;0.1882
C3N4Se4,10.3951;0.4758;0.2264
C3N4Ti4,9.9572;0.4514;0.2038
C3N4Hg4,10.8696;0.4648;0.216
C3N4Eu4,10.783;0.4266;0.182
C3N4Pr4,9.8715;0.5044;0.2544
C3N4Mg4,13.0742;0.596;0.3552
C3N4Sb4,10.185;0.4611;0.2126
C3N4Er4,10.6696;0.4742;0.2248
C3N4Au4,10.3965;0.4506;0.203
C3N4Zn4,10.4392;0.4607;0.2123
C3N4Li4,11.6215;0.5238;0.2744
C3N4Np4,10.7863;0.4282;0.1833
C3N4Si4,10.0745;0.4951;0.2452
C3N4P4,10.7518;0.4385;0.1923
C3N4Ta4,11.5049;0.1265;0.016
C3N4Na4,13.3108;0.4337;0.1881
C3N4H4,12.4377;0.69;0.4761
C3N4Pt4,10.2972;0.4416;0.195
C3N4Ge4,9.7851;0.4534;0.2056
C3N4Pa4,10.7864;0.4269;0.1823
C3N4Yb4,10.7828;0.4278;0.183
C3N4T4,10.7866;0.4269;0.1823
C3N4Lu4,9.9033;0.4439;0.197
C3N4Ag4,9.8308;0.4777;0.2282
C3N4Cd4,10.7845;0.4239;0.1797
C3N4Br4,10.0101;0.4952;0.2452
C3N4I4,11.3833;0.4414;0.1949
C3N4Dy4,9.631;0.4172;0.1741
C3N4Sc4,9.96;0.4658;0.217
C3N4D4,10.8025;0.435;0.1892
C3N4Cs4,13.4135;0.6198;0.3841
C3N4Tc4,10.8808;0.4206;0.1769
C3N4Pu4,10.7834;0.4338;0.1882
C3N4Am4,10.7864;0.4269;0.1823
C3N4Cm4,10.7864;0.4269;0.1823
C3N4Po4,10.7864;0.4269;0.1823
C3Be4Mg4,11.3282;0.839;0.704
C3Nb4Ni4,9.8812;0.3588;0.1287
C3Nb4Mg4,12.3728;0.719;0.517
C3Tl4Mg4,10.792;0.8445;0.7132
C3Y4Pd4,9.6172;0.6763;0.4574
C3Y4Mg4,9.509;0.7112;0.5057
C3Hf4Mg4,11.6685;0.7754;0.6012
C3Cl4Mg4,12.2466;0.8388;0.7036
C3Sm4Mg4,11.433;0.8433;0.7112
C3Ni4Mg4,11.1816;0.71;0.5041
C3Tb4Mg4,9.7708;0.7718;0.5956
C3B4Mg4,14.2809;0.8329;0.6937
C3Gd4Mg4,10.8156;0.8088;0.6542
C3In4Mg4,11.2364;0.8328;0.6935
C3Pd4Mg4,10.3378;0.8311;0.6908
C3Zr4Mg4,10.8656;0.8381;0.7025
C3Mn4Mg4,11.8932;0.8809;0.776
C3Ho4Mg4,11.4765;0.8176;0.6684
C3Se4Mg4,11.5169;0.8518;0.7255
C3Ti4Mg4,11.9676;0.8491;0.721
C3Hg4Mg4,10.9055;0.8198;0.672
C3Eu4Mg4,11.5243;0.8456;0.715
C3Rb4Mg4,9.3704;0.8199;0.6722
C3Pr4Mg4,10.6076;0.8376;0.7015
C3Mg4Sb4,10.267;0.8197;0.6719
C3Mg4Er4,11.4008;0.7821;0.6116
C3Mg4Rh4,9.3513;0.8025;0.644
C3Mg4Au4,10.5064;0.8939;0.7991
C3Mg4Zn4,10.206;0.8088;0.6542
C3Mg4Li4,12.8513;0.8615;0.7421
C3Mg4Np4,11.5286;0.8472;0.7177
C3Mg4Si4,9.9119;0.7858;0.6176
C3Mg4P4,11.4757;0.8426;0.71
C3Mg4Ta4,12.1957;0.8248;0.6802
C3Mg4Na4,12.7347;0.9184;0.8435
C3Mg4H4,12.4122;0.8288;0.687
C3Mg4Pt4,10.7772;0.8038;0.6461
C3Mg4Ge4,11.0378;0.7974;0.6359
C3Mg4Pa4,11.5274;0.8484;0.7198
C3Mg4Te4,9.8817;0.8415;0.7081
C3Mg4Ir4,10.2634;0.7976;0.6362
C3Mg4Yb4,11.5234;0.8488;0.7205
C3Mg4T4,11.5281;0.8489;0.7206
C3Mg4Th4,11.72;0.804;0.6464
C3Mg4Lu4,11.0156;0.7053;0.4975
C3Mg4Ag4,10.4969;0.8735;0.7629
C3Mg4Cd4,9.9853;0.9391;0.8819
C3Mg4Br4,11.7686;0.8342;0.6959
C3Mg4I4,11.6728;0.8217;0.6752
C3Mg4Dy4,10.4341;0.8184;0.6697
C3Mg4Sc4,11.7616;0.7808;0.6097
C3Mg4Cr4,10.1345;0.8229;0.6772
C3Mg4D4,11.5569;0.8438;0.712
C3Mg4Cs4,9.8089;0.7163;0.5131
C3Mg4Tc4,11.7241;0.843;0.7106
C3Mg4Pu4,11.5352;0.8482;0.7194
C3Mg4Am4,11.5274;0.8484;0.7198
C3Mg4Cm4,11.5274;0.8484;0.7198
C3Mg4Po4,11.5274;0.8484;0.7198
Gd3Ba4K4,12.4985;1.0493;1.101
Gd3Ca4Li4,10.4567;0.3727;0.1389
Gd3N4Nb4,11.19;0.4063;0.1651
Gd3N4Cl4,14.3563;0.3702;0.1371
Gd3N4Li4,10.0873;0.5999;0.3599
Gd3Hf4Cl4,9.906;0.5839;0.3409
Gd3C4Mg4,10.9079;0.8091;0.6547
In3Ba4K4,12.3826;1.0951;1.1992
In3Ca4Li4,9.9955;0.3592;0.1291
In3N4Cl4,13.0728;0.462;0.2135
In3Hf4Cl4,10.1284;0.5593;0.3128
In3C4Mg4,11.2722;0.823;0.6774
Pd3Ba4K4,10.8507;1.1464;1.3142
Pd3Mo4Ni4,9.5606;0.5431;0.295
Pd3N4Cl4,13.0814;0.3847;0.148
Pd3N4Li4,9.6135;0.544;0.2959
Pd3Y4Ni4,11.7556;0.4892;0.2393
Pd3Y4C4,10.0234;0.6737;0.4539
Pd3C4Mg4,10.3969;0.822;0.6758
Zr3Ba4K4,12.8014;0.9806;0.9615
Zr3N4Nb4,11.8486;0.367;0.1347
Zr3N4Cl4,13.6812;0.0871;0.0076
Zr3N4Li4,10.221;0.4399;0.1935
Zr3B4Mg4,10.1515;0.9656;0.9324
Zr3C4Mg4,10.8916;0.8372;0.7009
Zr3Mg4Li4,9.4441;0.76;0.5776
Mn3Ba4K4,12.5036;1.0442;1.0904
Mn3Ca4Li4,10.354;0.3837;0.1473
Mn3N4Nb4,11.1945;0.4154;0.1726
Mn3N4Cl4,14.3674;0.3743;0.1401
Mn3N4C4,9.7594;0.4249;0.1806
Mn3N4Li4,10.0884;0.6009;0.361
Mn3Hf4Cl4,9.7521;0.589;0.3469
Mn3Cl4Mg4,10.6692;0.7728;0.5973
Mn3B4Mg4,11.3165;1.0544;1.1118
Mn3C4Mg4,11.8849;0.8722;0.7607
Mn3Mg4Li4,10.3276;0.8176;0.6685
Ho3Ba4K4,12.3002;1.0711;1.1473
Ho3Ca4Li4,10.462;0.3598;0.1295
Ho3N4Nb4,11.1806;0.4133;0.1709
Ho3N4Cl4,14.3627;0.3754;0.1409
Ho3N4C4,10.0897;0.4104;0.1684
Ho3N4Li4,10.0824;0.6039;0.3647
Ho3Hf4Cl4,9.8421;0.5777;0.3337
Ho3C4Mg4,11.4968;0.8051;0.6482
Se3Ba4K4,11.8333;1.1721;1.3738
Se3N4Nb4,10.0544;0.497;0.247
Se3N4Cl4,13.7508;0.4437;0.1969
Se3N4C4,9.7766;0.4461;0.199
Se3Hf4Cl4,9.8628;0.5596;0.3131
Se3C4Mg4,11.5128;0.8392;0.7043
Ti3Ba4K4,10.636;0.8869;0.7865
Ti3Re4Cl4,9.6173;0.4571;0.209
Ti3N4Nb4,14.6324;0.3544;0.1256
Ti3N4Cl4,14.7946;0.3065;0.0939
Ti3N4C4,10.1147;0.366;0.1339
Ti3N4Li4,10.6971;0.5328;0.2839
Ti3Hf4Cl4,9.6372;0.5539;0.3068
Ti3Cl4Mg4,9.4376;0.6816;0.4646
Ti3B4Mg4,9.8329;0.9243;0.8544
Ti3C4Mg4,12.1028;0.834;0.6956
Ti3Mg4Li4,9.8588;0.8918;0.7954
Hg3Ba4K4,11.447;0.9965;0.993
Hg3N4Nb4,11.2095;0.4111;0.169
Hg3N4Cl4,14.3727;0.3722;0.1385
Hg3N4C4,10.2457;0.4444;0.1975
Hg3Hf4Cl4,10.0422;0.5838;0.3408
Hg3C4Mg4,10.975;0.8476;0.7184
Eu3Ba4K4,12.5515;1.0361;1.0735
Eu3Ca4Li4,10.6367;0.3514;0.1235
Eu3N4Nb4,10.9426;0.4151;0.1723
Eu3N4Cl4,14.3664;0.3709;0.1376
Eu3N4C4,10.1353;0.3997;0.1597
Eu3N4Li4,10.0989;0.6005;0.3606
Eu3Hf4Cl4,10.0002;0.5716;0.3267
Eu3C4Mg4,11.5228;0.835;0.6971
Rb3Ba4K4,13.4544;1.0355;1.0722
Rb3N4Nb4,10.8308;0.459;0.2107
Rb3N4Cl4,14.2051;0.3453;0.1193
Rb3N4Li4,10.2187;0.5473;0.2995
Rb3Hf4Cl4,9.6307;0.5974;0.3569
Rb3C4Mg4,9.3509;0.8109;0.6576
Pr3Ba4K4,10.4923;0.9185;0.8437
Pr3Ca4Li4,9.9687;0.415;0.1723
Pr3N4Nb4,11.0487;0.4269;0.1823
Pr3N4Cl4,14.2789;0.3661;0.134
Pr3N4Li4,10.0054;0.5981;0.3577
Pr3Hf4Cl4,9.6504;0.6235;0.3887
Pr3C4Mg4,10.6365;0.8348;0.6968
Mg3Ba4K4,11.1354;0.8675;0.7526
Mg3Fe4Cl4,9.4869;0.6557;0.4299
Mg3Fe4Li4,9.4905;0.7605;0.5783
Mg3Ca4Li4,11.2552;0.8836;0.7807
Mg3O4Cl4,9.4168;0.6176;0.3815
Mg3O4Li4,9.2826;0.8632;0.7451
Mg3Pb4Cl4,10.6648;0.5376;0.289
Mg3Pb4Li4,9.919;0.7429;0.5519
Mg3Pb4Na4,10.7118;0.8659;0.7498
Mg3Al4B4,9.3527;0.8271;0.6841
Mg3Sr4Cl4,9.4872;0.5981;0.3577
Mg3Co4Cl4,9.3754;0.7245;0.5249
Mg3N4Nb4,10.766;0.6811;0.4639
Mg3N4Cl4,14.4351;0.6091;0.371
Mg3N4C4,11.0911;0.5605;0.3142
Mg3N4Zr4,9.2683;0.8866;0.786
Mg3N4Li4,12.13;0.7742;0.5993
Mg3N4Na4,11.1436;0.9889;0.978
Mg3Be4Cl4,9.5842;0.604;0.3649
Mg3Hf4Cl4,10.9801;0.6781;0.4598
Mg3Hf4Li4,10.4907;0.7809;0.6098
Mg3Cl4B4,11.2829;0.6257;0.3916
Mg3Cl4Zr4,10.9837;0.6931;0.4804
Mg3Cl4Mn4,10.0221;0.771;0.5945
Mg3Cl4Ti4,11.1882;0.6907;0.4771
Mg3Cl4Li4,11.764;0.6766;0.4579
Mg3Cl4Na4,11.8459;0.8398;0.7052
Mg3Cl4I4,9.4147;0.5994;0.3592
Mg3Cl4Cr4,9.844;0.7076;0.5007
Mg3Cl4D4,9.4578;0.6307;0.3977
Mg3Cl4Tc4,9.7189;0.6191;0.3833
Mg3B4Zr4,10.0561;0.9034;0.8161
Mg3B4Ti4,9.7644;0.977;0.9545
Mg3B4Li4,10.7468;0.8585;0.737
Mg3B4Na4,10.7728;1.0638;1.1318
Mg3Zr4Ti4,9.1099;0.9076;0.8237
Mg3Zr4Li4,10.6515;0.9096;0.8274
Mg3Zr4Na4,9.785;0.9831;0.9666
Mg3Mn4Li4,9.5445;0.816;0.6658
Mg3Ti4Li4,11.185;0.9263;0.858
Mg3Ti4Na4,9.3797;1.0956;1.2003
Mg3Li4Na4,11.1286;0.9714;0.9437
Mg3Li4Br4,9.8481;0.8966;0.8039
Mg3Li4I4,9.6724;0.8266;0.6832
Mg3Na4Tc4,9.0901;0.9628;0.9269
Sb3Ba4K4,9.7207;0.8657;0.7495
Sb3N4Nb4,10.5795;0.4167;0.1736
Sb3N4Cl4,13.6112;0.4061;0.1649
Sb3N4Li4,9.4764;0.567;0.3215
Sb3C4Mg4,10.2327;0.8168;0.6672
Er3Ba4K4,12.3585;1.0807;1.1679
Er3Ca4Li4,9.6699;0.4299;0.1848
Er3N4Nb4,11.1392;0.407;0.1657
Er3N4Cl4,14.3301;0.3742;0.14
Er3N4C4,10.052;0.4256;0.1812
Er3N4Li4,10.014;0.5684;0.3231
Er3Hf4Cl4,9.5884;0.5831;0.34
Er3C4Mg4,11.4148;0.7928;0.6285
Rh3Ba4K4,11.6119;0.9906;0.9812
Rh3N4Nb4,9.8785;0.453;0.2052
Rh3N4Cl4,13.172;0.4072;0.1658
Rh3C4Mg4,9.2964;0.7813;0.6105
Au3Ba4K4,12.2359;1.0445;1.0911
Au3Ca4Li4,9.7373;0.3525;0.1242
Au3N4Nb4,10.6987;0.3931;0.1545
Au3N4Cl4,14.0171;0.399;0.1592
Au3N4C4,9.947;0.4173;0.1741
Au3N4Li4,9.8107;0.588;0.3458
Au3Hf4Cl4,9.9603;0.5676;0.3221
Au3C4Mg4,11.2204;0.837;0.7006
Zn3Ba4K4,12.1187;1.0554;1.1138
Zn3N4Nb4,10.8664;0.3933;0.1547
Zn3N4Cl4,14.1763;0.3758;0.1412
Zn3N4C4,9.8221;0.4263;0.1818
Zn3Hf4Cl4,9.425;0.6166;0.3802
Zn3C4Mg4,10.2025;0.8028;0.6445
Li3Ba4K4,10.8546;0.9822;0.9647
Li3Ba4N4,9.7803;0.5288;0.2796
Li3K4N4,10.4216;0.5668;0.3213
Li3Fe4N4,10.6181;0.5496;0.302
Li3As4N4,10.5931;0.6019;0.3623
Li3Ca4N4,11.562;0.5185;0.2688
Li3Ca4Hf4,10.3785;0.4765;0.2271
Li3Ca4Cl4,11.2538;0.4177;0.1744
Li3Ca4Mg4,9.3276;0.8654;0.7489
Li3Ca4I4,9.6277;0.4787;0.2292
Li3La4N4,11.0612;0.5521;0.3048
Li3Cu4N4,10.1341;0.6457;0.4169
Li3O4N4,10.461;0.5963;0.3556
Li3O4Ti4,10.284;0.1997;0.0399
Li3Ru4N4,9.8059;0.6261;0.392
Li3Tm4N4,10.8521;0.5949;0.3539
Li3Os4N4,10.3988;0.6208;0.3854
Li3Sn4N4,10.4005;0.6101;0.3723
Li3Nd4N4,10.796;0.6053;0.3664
Li3Bi4N4,9.6503;0.5907;0.349
Li3Pb4N4,10.6238;0.6256;0.3914
Li3Pb4Mg4,9.4236;0.7446;0.5544
Li3F4N4,10.7264;0.587;0.3446
Li3V4N4,10.5174;0.5579;0.3112
Li3Sr4N4,10.8966;0.5828;0.3397
Li3Re4N4,10.6928;0.6044;0.3652
Li3W4N4,10.7328;0.6058;0.367
Li3N4Be4,10.2795;0.6175;0.3813
Li3N4Nb4,12.7451;0.528;0.2787
Li3N4Tl4,10.8894;0.5921;0.3506
Li3N4Y4,10.3197;0.6019;0.3623
Li3N4Hf4,17.5684;0.6291;0.3957
Li3N4Cl4,15.8085;0.3674;0.135
Li3N4Sm4,10.8546;0.5876;0.3453
Li3N4Ni4,10.4412;0.6428;0.4132
Li3N4Tb4,10.3993;0.5947;0.3537
Li3N4C4,11.6397;0.5266;0.2773
Li3N4Gd4,10.8412;0.5989;0.3587
Li3N4Pd4,10.293;0.5383;0.2898
Li3N4Zr4,10.6652;0.4636;0.2149
Li3N4Mn4,10.8438;0.6001;0.3601
Li3N4Ho4,10.8388;0.6007;0.3608
Li3N4Se4,9.8182;0.6477;0.4195
Li3N4Ti4,10.9988;0.5842;0.3413
Li3N4Hg4,10.1101;0.6062;0.3675
Li3N4Eu4,10.8568;0.5974;0.3569
Li3N4Rb4,10.9059;0.5047;0.2547
Li3N4Pr4,10.7498;0.5888;0.3467
Li3N4Mg4,11.888;0.7888;0.6223
Li3N4Sb4,10.2388;0.5502;0.3027
Li3N4Er4,10.7699;0.57;0.3249
Li3N4Rh4,9.8783;0.6388;0.4081
Li3N4Au4,10.1289;0.6012;0.3614
Li3N4Zn4,10.0667;0.6602;0.4359
Li3N4Np4,10.8593;0.5965;0.3558
Li3N4Si4,10.5708;0.5892;0.3471
Li3N4P4,10.7902;0.604;0.3648
Li3N4Ta4,10.3073;0.5884;0.3463
Li3N4Na4,12.0056;0.5104;0.2605
Li3N4H4,10.1258;0.6348;0.403
Li3N4Pt4,10.0606;0.6366;0.4053
Li3N4Ge4,9.6724;0.6119;0.3744
Li3N4Pa4,10.858;0.5958;0.3549
Li3N4Yb4,10.8453;0.5927;0.3513
Li3N4T4,10.8586;0.5954;0.3544
Li3N4Th4,10.383;0.58;0.3364
Li3N4Lu4,10.7231;0.5978;0.3573
Li3N4Ag4,9.9361;0.5944;0.3533
Li3N4Cd4,10.8482;0.5926;0.3511
Li3N4Br4,12.3453;0.8095;0.6553
Li3N4I4,13.9814;0.6172;0.3809
Li3N4Dy4,10.8127;0.6015;0.3618
Li3N4Sc4,10.0021;0.5778;0.3338
Li3N4Cr4,9.4987;0.511;0.2611
Li3N4D4,10.9011;0.5864;0.3439
Li3N4Cs4,12.2111;0.6379;0.407
Li3N4Tc4,10.9388;0.5797;0.3361
Li3N4Pu4,10.853;0.5953;0.3544
Li3N4Am4,10.858;0.5958;0.3549
Li3N4Cm4,10.858;0.5958;0.3549
Li3N4Po4,10.858;0.5958;0.3549
Li3Hf4Cl4,12.2072;0.6918;0.4785
Li3Hf4Mg4,9.8478;0.7772;0.604
Li3Cl4Ti4,10.1284;0.4261;0.1815
Li3Cl4Mg4,11.3776;0.741;0.5491
Li3B4Mg4,11.75;0.909;0.8262
Li3C4Mg4,12.9513;0.8308;0.6902
Li3Zr4Mg4,9.5975;0.7632;0.5825
Li3Mn4Mg4,10.4927;0.8094;0.6552
Li3Ti4Mg4,10.5013;0.8842;0.7818
Li3Mg4Na4,9.9346;0.9267;0.8588
Np3Ba4K4,12.5543;1.0394;1.0803
Np3Ca4Li4,10.6587;0.3511;0.1233
Np3N4Nb4,11.2101;0.4115;0.1693
Np3N4Cl4,14.3709;0.3734;0.1394
Np3N4C4,10.1384;0.3998;0.1599
Np3N4Li4,10.1023;0.5988;0.3585
Np3Hf4Cl4,9.9909;0.5768;0.3327
Np3C4Mg4,11.5279;0.836;0.6988
Si3Ba4K4,11.3713;0.9372;0.8784
Si3N4Nb4,12.0342;0.4109;0.1689
Si3N4Cl4,14.3055;0.3498;0.1224
Si3N4C4,10.0188;0.4278;0.183
Si3N4Li4,10.4509;0.5833;0.3402
Si3Hf4Cl4,9.4213;0.6275;0.3937
Si3C4Mg4,10.4191;0.7879;0.6209
P3Ba4K4,11.2854;1.0695;1.1439
P3Ca4Li4,9.8358;0.3623;0.1313
P3Mo4Ni4,11.6364;0.5015;0.2515
P3Ru4Hf4,10.6957;0.1457;0.0212
P3S4Nb4,10.8437;0.2764;0.0764
P3Al4Nb4,9.7627;0.5392;0.2908
P3N4Nb4,11.2446;0.396;0.1568
P3N4Cl4,14.3605;0.3744;0.1402
P3N4C4,10.0901;0.4084;0.1668
P3N4Li4,10.1407;0.5865;0.344
P3Hf4Cl4,11.7388;0.6164;0.3799
P3C4Mg4,11.4723;0.8299;0.6888
Ta3Ba4K4,11.5658;1.1521;1.3272
Ta3N4Nb4,11.0431;0.4357;0.1899
Ta3N4Cl4,14.4253;0.3454;0.1193
Ta3N4C4,10.9292;0.171;0.0292
Ta3N4Li4,9.9522;0.555;0.308
Ta3Hf4Cl4,11.5721;0.5213;0.2717
Ta3C4Mg4,12.2404;0.8294;0.6878
Na3Ba4K4,12.1601;1.0194;1.0392
Na3Ca4Li4,10.4069;0.3626;0.1314
Na3N4Nb4,12.2476;0.3734;0.1395
Na3N4Hf4,9.5217;0.559;0.3125
Na3N4Cl4,15.1605;0.2687;0.0722
Na3N4C4,13.0123;0.4344;0.1887
Na3N4Mg4,9.2708;0.7396;0.5471
Na3N4Li4,11.3182;0.5105;0.2606
Na3N4Cs4,9.9648;0.7351;0.5404
Na3Cl4Mg4,10.0243;0.8593;0.7384
Na3B4Mg4,10.6956;1.0386;1.0787
Na3C4Mg4,12.6374;0.909;0.8262
Na3Mg4Li4,9.7636;0.922;0.8501
H3Ba4K4,13.0502;0.9873;0.9747
H3N4Nb4,10.8887;0.4337;0.1881
H3N4Cl4,14.3776;0.3577;0.128
H3N4C4,12.0839;0.69;0.4761
H3N4Li4,9.6512;0.5986;0.3583
H3Hf4Cl4,10.4778;0.5672;0.3217
H3C4Mg4,12.4917;0.8188;0.6705
Pt3Ba4K4,11.6125;0.9635;0.9284
Pt3N4Nb4,10.1189;0.4763;0.2269
Pt3N4Cl4,14.0472;0.4065;0.1652
Pt3N4C4,9.7827;0.3925;0.1541
Pt3N4Li4,9.6821;0.6441;0.4149
Pt3Hf4Cl4,9.5511;0.5965;0.3558
Pt3C4Mg4,10.8954;0.8123;0.6599
Ge3Ba4K4,11.7405;0.938;0.8799
Ge3Al4Nb4,11.2403;0.4241;0.1799
Ge3N4Cl4,13.1103;0.4947;0.2448
Ge3C4Mg4,11.3571;0.7603;0.5781
Pa3Ba4K4,12.553;1.0385;1.0784
Pa3Ca4Li4,10.6619;0.3533;0.1248
Pa3N4Nb4,11.2101;0.4115;0.1693
Pa3N4Cl4,14.3712;0.3734;0.1394
Pa3N4C4,10.1384;0.3998;0.1599
Pa3N4Li4,10.103;0.5982;0.3579
Pa3Hf4Cl4,9.9791;0.5789;0.3351
Pa3C4Mg4,11.5271;0.8376;0.7016
Te3Ba4K4,10.7441;0.9757;0.9519
Te3N4Cl4,11.9714;0.4268;0.1822
Te3C4Mg4,9.8207;0.8428;0.7103
Ir3Ba4K4,10.8753;0.92;0.8463
Ir3N4Cl4,12.1904;0.4997;0.2497
Ir3C4Mg4,10.3917;0.8102;0.6564
Yb3Ba4K4,12.5234;1.0374;1.0761
Yb3Ca4Li4,10.5174;0.3326;0.1106
Yb3N4Nb4,11.201;0.41;0.1681
Yb3N4Cl4,14.3689;0.3707;0.1374
Yb3N4C4,10.1359;0.4028;0.1622
Yb3N4Li4,10.0936;0.5989;0.3587
Yb3Hf4Cl4,9.8627;0.5737;0.3292
Yb3C4Mg4,11.5277;0.8347;0.6968
T3Ba4K4,12.5536;1.0387;1.079
T3Ca4Li4,10.6607;0.3517;0.1237
T3N4Nb4,11.2101;0.4115;0.1693
T3N4Cl4,14.3712;0.3734;0.1394
T3N4C4,10.1384;0.3998;0.1599
T3N4Li4,10.103;0.5983;0.3579
T3Hf4Cl4,9.9929;0.5766;0.3325
T3C4Mg4,11.5274;0.8377;0.7018
U3Ba4K4,10.2391;0.9869;0.9739
U3N4Cl4,12.0502;0.5078;0.2578
Th3Ba4K4,12.4966;1.047;1.0962
Th3Ca4Li4,10.1792;0.3524;0.1242
Th3La4C4,9.8787;0.3103;0.0963
Th3N4Nb4,10.0431;0.5131;0.2632
Th3N4Cl4,13.7918;0.4542;0.2063
Th3N4Li4,9.6695;0.5755;0.3312
Th3Y4C4,10.3481;0.3676;0.1352
Th3Hf4Cl4,10.0761;0.5449;0.297
Th3C4Mg4,12.0939;0.7766;0.6031
Lu3Ba4K4,12.4199;1.0703;1.1455
Lu3N4Nb4,11.034;0.4112;0.1691
Lu3N4Cl4,14.2427;0.3946;0.1557
Lu3N4Li4,9.9485;0.5932;0.3519
Lu3Hf4Cl4,10.105;0.5701;0.325
Lu3C4Mg4,10.8137;0.7208;0.5196
Ag3Ba4K4,12.3178;1.0402;1.0821
Ag3Ca4Li4,10.3228;0.3357;0.1127
Ag3N4Nb4,10.3026;0.4479;0.2006
Ag3N4Cl4,13.7845;0.4081;0.1666
Ag3N4Li4,9.6136;0.6142;0.3773
Ag3Hf4Cl4,10.3901;0.5467;0.2989
Ag3Cl4H4,10.1125;0.5659;0.3203
Ag3C4Mg4,10.7905;0.8863;0.7855
Cd3Ba4K4,12.5451;1.0414;1.0845
Cd3Ca4Li4,10.5068;0.3442;0.1185
Cd3N4Nb4,11.1909;0.4093;0.1675
Cd3N4Cl4,14.3678;0.3764;0.1417
Cd3N4C4,10.1376;0.397;0.1576
Cd3N4Li4,10.0938;0.5965;0.3558
Cd3Hf4Cl4,10.0398;0.5649;0.3191
Cd3C4Mg4,10.2173;0.928;0.8612
Br3Ba4K4,13.097;1.0161;1.0325
Br3K4N4,11.0709;0.6075;0.3691
Br3Ca4Li4,11.5296;0.448;0.2007
Br3N4Nb4,11.5326;0.4655;0.2167
Br3N4Hf4,11.6136;0.6288;0.3954
Br3N4Cl4,13.5847;0.439;0.1928
Br3N4C4,10.6688;0.397;0.1576
Br3N4Zr4,10.1583;0.4374;0.1913
Br3N4Rb4,10.8209;0.479;0.2295
Br3N4Li4,13.6684;0.58;0.3364
Br3N4Na4,11.5164;0.4554;0.2074
Br3N4Cs4,9.6721;0.6849;0.4691
Br3Hf4Cl4,9.4694;0.544;0.2959
Br3Hf4Li4,9.2524;0.7642;0.5839
Br3C4Mg4,11.8477;0.8392;0.7043
Br3Mg4Li4,9.2868;0.848;0.7191
I3Ba4K4,12.6173;1.0314;1.0637
I3Ca4Li4,11.348;0.3935;0.1549
I3N4Nb4,12.0275;0.4115;0.1693
I3N4Cl4,14.5168;0.367;0.1347
I3N4C4,10.7706;0.411;0.1689
I3N4Li4,13.2343;0.6324;0.3999
I3Y4C4,9.844;0.1908;0.0364
I3Hf4Cl4,10.5161;0.5885;0.3463
I3C4Mg4,11.7256;0.8228;0.677
Dy3Ba4K4,12.4486;1.0508;1.1042
Dy3Ca4Li4,10.171;0.4061;0.165
Dy3N4Nb4,11.1753;0.4033;0.1626
Dy3N4Cl4,14.3524;0.3728;0.139
Dy3N4Li4,10.0629;0.6004;0.3605
Dy3Hf4Cl4,9.7621;0.5656;0.32
Dy3C4Mg4,10.3007;0.812;0.6594
Sc3Ba4K4,12.6001;1.0554;1.1138
Sc3Ca4Li4,10.5011;0.3689;0.1361
Sc3N4Cl4,13.4007;0.4237;0.1795
Sc3Hf4Cl4,10.4226;0.5403;0.2919
Sc3C4Mg4,11.5869;0.7683;0.5903
Cr3Ba4K4,12.4008;1.0629;1.1298
Cr3N4Cl4,12.8421;0.4951;0.2451
Cr3C4Mg4,10.2995;0.8107;0.6573
D3Ba4K4,12.5908;1.0391;1.0798
D3Ca4Li4,10.5411;0.3534;0.1249
D3N4Nb4,11.2059;0.4149;0.1722
D3N4Cl4,14.3747;0.3696;0.1366
D3N4C4,10.1376;0.4004;0.1603
D3N4Li4,10.106;0.5975;0.3571
D3Hf4Cl4,10.4302;0.5698;0.3246
D3C4Mg4,11.5316;0.8375;0.7014
Cs3Ba4K4,13.3022;1.0144;1.029
Cs3Ca4Li4,10.0983;0.3686;0.1359
Cs3N4Nb4,12.6953;0.5387;0.2903
Cs3N4Cl4,15.2372;0.4663;0.2175
Cs3N4C4,13.0037;0.6357;0.4042
Cs3N4Li4,11.5007;0.6406;0.4104
Cs3N4Na4,9.9547;0.7353;0.5406
Cs3Hf4Cl4,9.9872;0.5734;0.3287
Cs3C4Mg4,9.8127;0.7168;0.5137
Tc3Ba4K4,12.6886;1.0355;1.0722
Tc3Ca4Li4,10.5896;0.3331;0.1109
Tc3W4Cl4,9.6758;0.3741;0.1399
Tc3N4Nb4,11.2124;0.4125;0.1702
Tc3N4Cl4,14.3811;0.3674;0.135
Tc3N4C4,10.2282;0.3943;0.1555
Tc3N4Li4,10.1377;0.5877;0.3454
Tc3Hf4Cl4,10.9124;0.538;0.2895
Tc3C4Mg4,11.7304;0.8199;0.6722
Pu3Ba4K4,12.5461;1.0345;1.0703
Pu3Ca4Li4,10.3557;0.3856;0.1487
Pu3N4Nb4,11.2034;0.4099;0.1681
Pu3N4Cl4,14.3715;0.3695;0.1365
Pu3N4C4,10.1343;0.4029;0.1623
Pu3N4Li4,10.0897;0.5978;0.3573
Pu3Hf4Cl4,10.106;0.5953;0.3544
Pu3C4Mg4,11.5279;0.8328;0.6936
Am3Ba4K4,12.553;1.0385;1.0784
Am3Ca4Li4,10.6619;0.3533;0.1248
Am3N4Nb4,11.2101;0.4115;0.1693
Am3N4Cl4,14.3712;0.3734;0.1394
Am3N4C4,10.1384;0.3998;0.1599
Am3N4Li4,10.103;0.5982;0.3579
Am3Hf4Cl4,9.9791;0.5789;0.3351
Am3C4Mg4,11.5271;0.8376;0.7016
Cm3Ba4K4,12.553;1.0385;1.0784
Cm3Ca4Li4,10.6619;0.3533;0.1248
Cm3N4Nb4,11.2101;0.4115;0.1693
Cm3N4Cl4,14.3712;0.3734;0.1394
Cm3N4C4,10.1384;0.3998;0.1599
Cm3N4Li4,10.103;0.5982;0.3579
Cm3Hf4Cl4,9.9791;0.5789;0.3351
Cm3C4Mg4,11.5271;0.8376;0.7016
Po3Ba4K4,12.553;1.0385;1.0784
Po3Ca4Li4,10.6619;0.3533;0.1248
Po3N4Nb4,11.2101;0.4115;0.1693
Po3N4Cl4,14.3712;0.3734;0.1394
Po3N4C4,10.1384;0.3998;0.1599
Po3N4Li4,10.103;0.5982;0.3579
Po3Hf4Cl4,9.9791;0.5789;0.3351
Po3C4Mg4,11.5271;0.8376;0.7016

1570 of 317985 appear to be promising

hp_tune_min_nc_normal:

{'ccp_alpha': 0.0, 'criterion': 'squared_error', 'max_depth': None, 'max_leaf_nodes': None, 'max_samples': None, 'min_impurity_decrease': 0.0, 'min_samples_leaf': 1, 'min_samples_split': 2, 'min_weight_fraction_leaf': 0.0, 'n_estimators': 200, 'n_jobs': None, 'oob_score': False, 'random_state': None, 'verbose': 0, 'warm_start': False, 'max_features': 'sqrt', 'bootstrap': False}

Ba3O4F4,12.8306;1.3894;1.9304
Ba3O4N4,9.7386;1.2169;1.4809
Ba3N4Cl4,11.6039;0.6076;0.3691
Ba3N4Br4,10.0033;0.5595;0.313
K3O4Bi4,10.4841;0.7571;0.5732
K3O4S4,11.3953;0.8614;0.742
K3O4F4,10.7464;0.8789;0.7725
K3O4Cl4,10.8898;0.7553;0.5705
K3O4Se4,11.628;0.8456;0.715
K3O4P4,12.1253;0.748;0.5595
K3O4Br4,11.5037;0.74;0.5476
K3O4I4,10.3787;0.6388;0.408
K3S4N4,9.7824;0.4607;0.2122
K3Ga4N4,9.535;0.5682;0.3228
K3N4Cl4,11.756;0.4581;0.2099
K3N4Se4,10.5972;0.6199;0.3843
K3N4P4,9.7464;0.5285;0.2793
K3N4Br4,12.1668;0.5405;0.2922
K3N4I4,10.1466;0.5926;0.3512
K3Mg4H4,9.1676;0.8992;0.8086
As3N4Nb4,10.1888;0.4327;0.1872
Ca3N4Br4,10.066;0.5294;0.2803
Ca3N4I4,10.1128;0.4868;0.237
Cu3Pd4H4,10.4649;0.4324;0.187
O3Ba4N4,10.0618;0.6992;0.4889
O3K4Bi4,9.268;0.7841;0.6148
O3K4F4,10.1357;0.8597;0.7391
O3K4N4,10.5099;0.5738;0.3293
O3K4Cl4,10.068;0.7507;0.5635
O3S4Li4,9.3482;0.6666;0.4444
O3F4Rb4,10.3107;0.841;0.7072
O3F4Mg4,10.0697;0.6259;0.3917
O3Al4Li4,9.5638;0.5399;0.2914
O3Sr4N4,9.5601;0.4861;0.2363
O3N4Rb4,10.8926;0.5362;0.2875
O3N4Mg4,11.0861;0.7942;0.6307
O3Be4Mg4,10.6797;0.6307;0.3978
O3B4Mg4,13.0128;0.7735;0.5983
O3B4Na4,9.7292;0.6498;0.4222
O3C4Mg4,12.8103;0.7513;0.5644
O3Mg4Li4,12.0402;0.9379;0.8797
O3Mg4H4,11.362;0.98;0.9603
O3Li4Si4,9.5204;0.5752;0.3308
Ru3Mo4Tc4,10.1188;0.2813;0.0791
Bi3K4O4,10.5542;0.7864;0.6184
Bi3N4Li4,10.6817;0.5392;0.2907
S3K4O4,10.5196;0.7768;0.6035
S3K4F4,9.3928;0.6509;0.4237
S3Tm4N4,10.344;0.5148;0.265
S3Sr4N4,9.6919;0.555;0.308
S3N4Nb4,10.0201;0.4179;0.1746
S3N4Hf4,13.0683;0.6214;0.3861
S3N4Tb4,10.0155;0.5744;0.3299
S3N4Gd4,10.1318;0.5251;0.2757
S3N4Zr4,10.5737;0.513;0.2632
S3N4Ho4,10.3005;0.5511;0.3037
S3N4Er4,10.3793;0.5383;0.2897
S3N4Yb4,10.1348;0.54;0.2916
S3N4Lu4,9.6028;0.5785;0.3347
S3N4Dy4,10.2004;0.5568;0.31
S3Be4B4,9.3894;0.8157;0.6653
S3B4Mg4,9.7156;0.7233;0.5231
S3B4Li4,10.5528;0.8177;0.6686
S3Mg4H4,11.2636;0.9626;0.9265
F3K4O4,10.4503;0.87;0.7569
F3K4N4,10.4417;0.5234;0.274
F3K4Cl4,9.5263;0.7067;0.4994
F3O4Rb4,10.518;0.8723;0.7608
F3O4Mg4,10.4059;0.7113;0.5059
F3N4Rb4,11.0829;0.6134;0.3763
F3N4Mg4,10.2509;0.7631;0.5823
F3N4Cs4,9.7618;0.6049;0.3658
F3Be4Mg4,11.1424;0.6933;0.4807
F3B4Mg4,12.9857;0.8607;0.7408
F3B4Na4,9.5324;0.8516;0.7252
F3C4Mg4,12.0591;0.7675;0.5891
F3Mg4Li4,12.4892;0.8841;0.7817
F3Mg4H4,11.0209;0.9208;0.8478
Al3O4Li4,10.039;0.6046;0.3655
Al3B4Mg4,9.8678;0.6298;0.3966
Al3B4Li4,9.5778;0.7962;0.634
Al3C4Mg4,9.6027;0.6144;0.3775
Al3Mg4H4,11.6398;0.8413;0.7078
Sr3N4Cl4,10.8945;0.5074;0.2575
Sr3N4Br4,10.6544;0.4802;0.2306
N3Ba4Cl4,11.7095;0.6542;0.428
N3K4O4,10.2034;0.6652;0.4425
N3K4F4,9.7551;0.6158;0.3793
N3K4Cl4,11.5776;0.4132;0.1708
N3K4Br4,9.6639;0.5649;0.3192
N3Ca4Cl4,12.1714;0.3798;0.1442
N3Ca4Br4,10.446;0.4365;0.1905
N3La4Cl4,11.3781;0.5595;0.313
N3O4Rb4,10.1523;0.6343;0.4023
N3O4Mg4,10.9305;0.7672;0.5887
N3Tm4S4,9.6802;0.4315;0.1862
N3Tm4Cl4,13.3824;0.4738;0.2245
N3Nd4Cl4,11.9749;0.5031;0.2532
N3S4Sr4,9.9106;0.5101;0.2602
N3S4Nb4,10.6757;0.3979;0.1583
N3S4Hf4,11.2192;0.6578;0.4327
N3S4Zr4,10.3595;0.4169;0.1738
N3S4Er4,9.5631;0.4537;0.2058
N3S4Li4,9.6549;0.5883;0.3461
N3S4Yb4,10.0958;0.5548;0.3078
N3F4Rb4,10.3881;0.6405;0.4102
N3F4Mg4,10.1364;0.7215;0.5206
N3F4Cs4,9.5918;0.6228;0.3879
N3V4I4,10.0064;0.5314;0.2824
N3Sr4Cl4,13.7259;0.4147;0.172
N3Sr4Br4,9.5422;0.5857;0.3431
N3Be4Mg4,11.3738;0.612;0.3745
N3Nb4Cl4,11.3972;0.5825;0.3393
N3Nb4C4,11.0312;0.5343;0.2855
N3Nb4Br4,10.4903;0.4508;0.2032
N3Y4Cl4,11.2827;0.4708;0.2217
N3Hf4Cl4,17.8635;0.473;0.2237
N3Hf4P4,10.6033;0.5548;0.3078
N3Hf4Br4,10.4219;0.5756;0.3313
N3Cl4Sm4,11.9803;0.5652;0.3195
N3Cl4Tb4,13.2174;0.5045;0.2545
N3Cl4Ce4,11.0582;0.5468;0.299
N3Cl4Gd4,13.1228;0.5137;0.2638
N3Cl4Zr4,14.1637;0.3521;0.124
N3Cl4Ho4,13.4181;0.4981;0.2481
N3Cl4Eu4,13.5861;0.5904;0.3485
N3Cl4Rb4,11.6145;0.5294;0.2803
N3Cl4Pr4,11.8408;0.4877;0.2378
N3Cl4Mg4,10.2621;0.5336;0.2847
N3Cl4Er4,13.4032;0.479;0.2295
N3Cl4Li4,10.9067;0.5787;0.3348
N3Cl4Ta4,12.5984;0.6906;0.4769
N3Cl4Na4,12.2099;0.4337;0.1881
N3Cl4Pa4,10.0907;0.5992;0.3591
N3Cl4Yb4,14.3863;0.5408;0.2924
N3Cl4U4,9.5664;0.6796;0.4619
N3Cl4Th4,11.6368;0.6072;0.3687
N3Cl4Lu4,12.3474;0.5837;0.3407
N3Cl4Dy4,13.3679;0.5129;0.2631
N3Cl4Sc4,11.1155;0.4908;0.2409
N3Cl4Cs4,11.1869;0.6405;0.4103
N3B4Mg4,12.3973;0.7023;0.4933
N3C4Mg4,11.8573;0.6962;0.4846
N3Zr4Br4,11.3448;0.3885;0.151
N3Mg4Li4,12.4121;0.873;0.7621
N3Mg4H4,10.7802;0.9097;0.8276
N3Mg4Br4,9.6628;0.5019;0.2519
N3Li4Te4,9.9186;0.5205;0.2709
N3Li4Br4,10.3012;0.5018;0.2518
N3Li4I4,12.0548;0.5395;0.2911
N3Na4Br4,10.8773;0.4693;0.2202
N3Br4Sc4,9.9578;0.4092;0.1674
Be3O4Mg4,10.6969;0.6495;0.4219
Be3S4Li4,10.0079;0.7095;0.5034
Be3F4Mg4,11.1774;0.7589;0.5759
Be3N4Mg4,10.9705;0.7452;0.5553
Be3Cl4Li4,9.8724;0.6913;0.478
Be3B4Mg4,10.7208;0.6191;0.3833
Be3C4Mg4,14.4443;0.7025;0.4936
Be3Mg4H4,9.4631;0.8127;0.6605
Nb3N4I4,9.8738;0.4864;0.2366
Hf3Sn4N4,9.971;0.6864;0.4711
Hf3Ga4N4,9.4896;0.5145;0.2647
Hf3N4Cl4,9.8732;0.6925;0.4795
Hf3N4Se4,9.9955;0.6755;0.4563
Hf3N4Li4,9.5655;0.549;0.3014
Hf3N4Br4,9.5761;0.689;0.4747
Hf3N4I4,9.3775;0.6345;0.4025
Cl3Ba4N4,11.8488;0.6936;0.4811
Cl3K4O4,11.1336;0.7469;0.5579
Cl3K4F4,9.6473;0.6576;0.4325
Cl3K4N4,11.9759;0.5079;0.2579
Cl3Ca4N4,11.9686;0.348;0.1211
Cl3La4N4,13.0133;0.563;0.3169
Cl3Tm4N4,15.3023;0.4827;0.233
Cl3Nd4N4,13.9397;0.5106;0.2607
Cl3Sr4N4,13.3799;0.4334;0.1878
Cl3N4Nb4,10.387;0.58;0.3364
Cl3N4Y4,12.0315;0.4483;0.201
Cl3N4Hf4,22.616;0.2038;0.0415
Cl3N4Sm4,13.0415;0.5386;0.2901
Cl3N4Tb4,14.8227;0.5241;0.2747
Cl3N4Ce4,12.8113;0.5903;0.3484
Cl3N4Gd4,14.494;0.557;0.3102
Cl3N4Zr4,14.9739;0.3195;0.1021
Cl3N4Ho4,15.1579;0.508;0.2581
Cl3N4Eu4,13.671;0.5356;0.2868
Cl3N4Rb4,11.3985;0.5287;0.2795
Cl3N4Pr4,13.7524;0.558;0.3114
Cl3N4Mg4,10.9182;0.6434;0.414
Cl3N4Er4,15.2912;0.4917;0.2417
Cl3N4Li4,9.8284;0.5215;0.272
Cl3N4Np4,9.8567;0.6209;0.3855
Cl3N4Ta4,12.1408;0.8046;0.6474
Cl3N4Na4,11.8488;0.5015;0.2515
Cl3N4Pa4,11.401;0.69;0.4761
Cl3N4Yb4,15.4812;0.5664;0.3208
Cl3N4U4,10.2145;0.6084;0.3701
Cl3N4Th4,13.289;0.7048;0.4968
Cl3N4Lu4,14.0098;0.5181;0.2684
Cl3N4Dy4,15.0403;0.5032;0.2533
Cl3N4Sc4,11.9773;0.4146;0.1719
Cl3N4Cs4,11.0915;0.5972;0.3567
Cl3N4Am4,10.4151;0.5932;0.3519
Cl3Be4Li4,9.5396;0.6943;0.482
Cl3B4Mg4,9.6729;0.7246;0.5251
Cl3B4Li4,10.2072;0.7675;0.589
Cl3Mg4H4,11.4644;0.9452;0.8934
Sm3As4N4,9.6541;0.5213;0.2717
B3O4Mg4,12.3686;0.7765;0.603
B3O4Na4,9.5343;0.626;0.3919
B3S4Li4,9.9249;0.7261;0.5273
B3F4Mg4,12.5444;0.824;0.679
B3N4Mg4,11.9538;0.7573;0.5736
B3Be4Mg4,10.7554;0.6307;0.3977
B3Be4Si4,9.8509;0.7086;0.5021
B3Cl4Li4,9.7382;0.7158;0.5123
B3C4Mg4,15.0997;0.6675;0.4455
B3Mg4Li4,10.6563;0.7791;0.607
B3Mg4H4,11.2037;0.8773;0.7696
B3Li4Si4,10.1675;0.7167;0.5136
B3Li4P4,10.5207;0.8529;0.7275
C3O4Mg4,12.6773;0.8081;0.6531
C3F4Mg4,11.1312;0.7211;0.52
C3N4Nb4,13.1829;0.3764;0.1417
C3N4Mg4,11.7992;0.7457;0.5561
C3Be4Mg4,14.85;0.7782;0.6057
C3B4Mg4,16.7411;0.5731;0.3285
C3B4Na4,10.7185;0.7284;0.5305
C3Mg4Li4,11.4756;0.8976;0.8057
C3Mg4H4,11.3649;0.8496;0.7219
Pd3Cu4H4,10.9462;0.4928;0.2428
Zr3Sn4N4,9.5104;0.6225;0.3874
Se3K4F4,9.5918;0.7192;0.5172
Se3Ca4N4,9.6741;0.4889;0.2391
Se3Sr4N4,9.6556;0.4991;0.2491
Se3N4Nb4,10.8859;0.4514;0.2038
Se3N4Hf4,9.8305;0.6186;0.3826
Se3N4Zr4,11.056;0.4499;0.2024
Ti3Sn4N4,9.9269;0.5585;0.3119
Ti3N4Sb4,9.7377;0.5794;0.3357
Eu3Ga4N4,9.5995;0.564;0.3181
Eu3N4Cl4,10.0888;0.639;0.4084
Rb3O4S4,10.7294;0.8224;0.6763
Rb3O4F4,12.5338;0.9959;0.9917
Rb3O4N4,9.3837;0.6868;0.4717
Rb3O4Cl4,10.0878;0.7381;0.5448
Rb3O4Se4,11.2599;0.7855;0.6171
Rb3O4P4,11.4818;0.8689;0.7549
Rb3O4Br4,10.3114;0.6672;0.4451
Rb3S4N4,10.7151;0.5625;0.3164
Rb3F4Se4,9.3419;0.7629;0.5821
Rb3F4P4,10.0222;0.8933;0.798
Rb3N4Cl4,12.4356;0.4066;0.1653
Rb3N4Se4,10.3165;0.5966;0.3559
Rb3N4P4,10.4786;0.6222;0.3871
Rb3N4Br4,11.2643;0.5969;0.3563
Mg3O4F4,10.4116;0.8208;0.6737
Mg3O4N4,10.4137;0.8511;0.7243
Mg3O4Be4,10.8178;0.7997;0.6395
Mg3O4B4,11.8518;0.8684;0.7541
Mg3O4C4,12.6296;1.0137;1.0277
Mg3O4Li4,12.6363;0.8615;0.7422
Mg3O4H4,11.413;0.9808;0.9619
Mg3S4H4,11.143;0.9391;0.8819
Mg3F4N4,10.5625;0.8859;0.7849
Mg3F4Be4,11.2896;0.7779;0.6052
Mg3F4B4,11.8546;0.8711;0.7588
Mg3F4C4,11.9523;0.828;0.6856
Mg3F4Li4,12.582;0.7579;0.5744
Mg3F4H4,11.3486;0.8943;0.7998
Mg3Al4B4,10.925;0.6933;0.4807
Mg3Al4H4,11.7411;0.8149;0.6641
Mg3N4Be4,10.7743;0.7618;0.5803
Mg3N4B4,11.7242;0.8953;0.8015
Mg3N4C4,11.7581;0.7748;0.6003
Mg3N4Li4,12.8533;0.9229;0.8517
Mg3N4H4,10.9193;0.782;0.6115
Mg3Be4B4,9.7354;0.5524;0.3051
Mg3Be4C4,14.9371;0.7495;0.5617
Mg3Be4H4,9.5663;0.8503;0.7231
Mg3Cl4H4,11.2374;0.9722;0.9452
Mg3B4C4,15.1641;0.7062;0.4988
Mg3B4Li4,11.1742;0.7804;0.609
Mg3B4Si4,9.9219;0.7278;0.5297
Mg3B4H4,10.9037;0.846;0.7157
Mg3C4Li4,13.0994;0.9296;0.8641
Mg3C4H4,12.0331;0.8504;0.7232
Mg3Li4H4,9.8584;0.9402;0.884
Mg3Si4H4,11.9223;0.7343;0.5392
Mg3P4H4,10.7266;0.9686;0.9381
Mg3Na4H4,12.8562;0.9031;0.8155
Li3O4Mg4,13.0885;0.8749;0.7655
Li3O4Na4,9.4505;0.78;0.6083
Li3Sn4N4,9.6464;0.5443;0.2962
Li3Bi4N4,11.1035;0.5281;0.2789
Li3Pb4N4,9.8812;0.5486;0.301
Li3S4Be4,9.8496;0.7608;0.5788
Li3F4Mg4,12.7896;0.7367;0.5427
Li3F4Na4,9.4352;0.8922;0.796
Li3Al4B4,9.7228;0.7622;0.581
Li3N4Tl4,9.5263;0.5986;0.3584
Li3N4Hf4,9.6966;0.6073;0.3688
Li3N4Mg4,13.023;0.8885;0.7895
Li3N4Sb4,9.7963;0.5337;0.2848
Li3N4Te4,9.922;0.5319;0.2829
Li3N4I4,10.974;0.6369;0.4056
Li3N4Po4,9.7776;0.5887;0.3465
Li3Be4Cl4,9.5401;0.6469;0.4184
Li3B4Mg4,11.6227;0.8784;0.7716
Li3B4Si4,10.4464;0.8871;0.787
Li3B4P4,9.9961;0.7672;0.5885
Li3C4Mg4,14.071;0.9408;0.8852
Li3Mg4H4,9.7686;0.8665;0.7508
Si3Be4B4,9.614;0.8333;0.6944
Si3B4Mg4,10.4089;0.7725;0.5967
Si3B4Li4,9.9262;0.8011;0.6418
Si3Mg4H4,12.3559;0.7529;0.5669
P3K4O4,10.3894;0.6647;0.4419
P3K4F4,9.7654;0.5805;0.337
P3N4Nb4,10.1158;0.4892;0.2393
P3N4Hf4,12.2477;0.5679;0.3226
P3N4Yb4,10.2797;0.5311;0.282
P3Be4B4,9.1491;0.8681;0.7536
P3B4Mg4,10.1425;0.7876;0.6203
P3B4Li4,10.3946;0.7407;0.5486
P3Mg4H4,11.3153;0.8946;0.8003
Na3O4Li4,9.4614;0.846;0.7157
Na3F4Li4,9.9488;0.8561;0.7329
Na3N4Cl4,10.1549;0.6039;0.3647
Na3N4Br4,10.3467;0.6411;0.411
Na3N4I4,10.9057;0.5084;0.2585
Na3C4Mg4,10.032;0.6879;0.4732
Na3Mg4H4,12.5092;0.8211;0.6742
H3O4Mg4,10.8333;0.9523;0.9069
H3F4Mg4,10.5491;0.8654;0.7489
H3Al4Mg4,12.2587;0.7812;0.6102
H3N4Mg4,10.4171;0.9428;0.8889
H3Be4Mg4,10.0062;0.7041;0.4957
H3B4Mg4,12.313;0.8686;0.7544
H3C4Mg4,11.7545;0.8108;0.6574
H3Mg4Li4,10.7294;0.9045;0.8182
H3Mg4Si4,11.5339;0.6669;0.4447
H3Mg4Na4,10.7682;0.9394;0.8825
Ge3N4Nb4,9.5994;0.4873;0.2375
Pa3N4Cl4,10.6286;0.7763;0.6026
Yb3N4Cl4,10.2567;0.7214;0.5204
Th3S4N4,9.9549;0.4668;0.2179
Th3N4Cl4,12.3079;0.7252;0.5259
Ag3Cu4H4,9.6563;0.5237;0.2743
Br3K4O4,9.6078;0.7092;0.503
Br3K4F4,9.5851;0.6281;0.3945
Br3K4N4,9.6946;0.584;0.341
Br3Ca4N4,10.7738;0.4253;0.1809
Br3Tm4N4,9.6515;0.5113;0.2614
Br3Sr4N4,10.4907;0.5995;0.3594
Br3N4Nb4,11.0051;0.4802;0.2306
Br3N4Y4,10.6668;0.4562;0.2081
Br3N4Hf4,12.7381;0.5563;0.3095
Br3N4Zr4,13.3249;0.4184;0.175
Br3N4Ho4,9.6714;0.5189;0.2692
Br3N4Mg4,9.622;0.5651;0.3193
Br3N4Er4,9.7216;0.5143;0.2645
Br3N4Na4,10.497;0.4826;0.2329
Br3N4Yb4,9.6527;0.5708;0.3258
Br3N4Dy4,9.6196;0.5539;0.3069
Br3N4Sc4,11.1515;0.4924;0.2424
I3Ca4N4,10.0173;0.4874;0.2376
I3V4N4,10.6017;0.4999;0.2499
I3N4Nb4,10.7382;0.5387;0.2902
I3N4Hf4,10.043;0.5815;0.3381
I3N4Zr4,11.5208;0.551;0.3036
I3N4Ti4,10.2042;0.5834;0.3403
I3N4Mg4,10.0764;0.5888;0.3466
I3N4Li4,10.3639;0.6323;0.3999
I3N4Na4,10.2809;0.5148;0.2651
I3N4Sc4,10.6397;0.4692;0.2201
Sc3Sn4N4,10.0051;0.5617;0.3156
Sc3N4Sb4,9.6749;0.5177;0.2681
Cs3O4S4,9.615;0.8937;0.7987
Cs3O4F4,11.0473;0.9486;0.8998
Cs3O4N4,9.9436;0.6671;0.445
Cs3O4P4,9.9654;0.8668;0.7513
Cs3N4Cl4,11.6675;0.4139;0.1713
Cs3N4Br4,9.6462;0.6694;0.448

385 of 285852 appear to be promising

hp_tune_sug_nc_normal:

{'ccp_alpha': 0.0, 'criterion': 'squared_error', 'max_depth': None, 'max_leaf_nodes': None, 'max_samples': None, 'min_impurity_decrease': 0.0, 'min_samples_leaf': 1, 'min_samples_split': 2, 'min_weight_fraction_leaf': 0.0, 'n_estimators': 200, 'n_jobs': None, 'oob_score': False, 'random_state': None, 'verbose': 0, 'warm_start': False, 'max_features': 'sqrt', 'bootstrap': False}

Ba3K4O4,10.0379;0.8923;0.7961
Ba3O4F4,11.5495;0.9988;0.9976
Ba3O4N4,10.4232;0.8013;0.6421
Ba3O4Cl4,10.083;0.9357;0.8755
Ba3O4P4,11.1565;1.0344;1.0699
Ba3S4N4,9.3977;0.6032;0.3639
Ba3N4Cl4,11.4658;0.694;0.4816
Ba3N4P4,9.7519;0.7427;0.5516
Ba3N4Br4,9.5292;0.7087;0.5023
Ba3Cl4H4,9.8021;0.6768;0.458
K3Ba4O4,10.4219;0.958;0.9177
K3O4S4,10.2103;0.6481;0.42
K3O4Cl4,9.9721;0.583;0.3399
K3O4Se4,11.6913;0.7425;0.5513
K3O4P4,11.456;0.5862;0.3436
K3O4Te4,10.0027;0.7797;0.6079
K3O4Br4,9.7008;0.6517;0.4248
K3O4I4,11.0206;0.6584;0.4335
K3F4I4,9.4818;0.6432;0.4136
K3N4Cl4,11.0051;0.5878;0.3455
K3N4Se4,9.4352;0.6362;0.4048
K3N4Br4,10.169;0.7029;0.4941
K3N4I4,9.8558;0.617;0.3806
K3Cl4P4,9.797;0.5916;0.35
K3Cl4Br4,9.8376;0.7269;0.5283
K3Cl4I4,9.3412;0.6811;0.4638
Ca3N4I4,9.7697;0.6378;0.4068
Cu3Pd4H4,9.4788;0.5529;0.3057
O3Ba4F4,10.2435;0.8599;0.7394
O3Ba4N4,10.8851;0.6525;0.4257
O3K4N4,9.6712;0.5797;0.336
O3K4Cl4,11.0814;0.5998;0.3598
O3K4Se4,9.897;0.7419;0.5504
O3K4Br4,9.8414;0.5994;0.3593
O3F4Rb4,9.989;0.6133;0.3761
O3F4Mg4,9.6682;0.7371;0.5433
O3F4Cs4,9.5846;0.6678;0.446
O3N4Hf4,9.7849;0.6246;0.3901
O3N4Rb4,10.0731;0.6491;0.4213
O3N4Mg4,10.4673;0.8785;0.7717
O3Cl4Rb4,10.0899;0.6796;0.4618
O3Cl4Cs4,9.505;0.6788;0.4608
O3B4Mg4,12.7572;0.8907;0.7933
O3Mg4Li4,10.6613;0.701;0.4914
O3Mg4H4,10.0506;0.8642;0.7469
Ru3Mo4Tc4,9.766;0.3801;0.1444
Sn3Al4Nb4,10.7781;0.5593;0.3128
Bi3K4O4,9.6585;0.6894;0.4753
S3K4O4,10.6698;0.573;0.3283
S3K4F4,9.4025;0.6558;0.4301
S3N4Nb4,9.5484;0.5605;0.3142
S3N4Hf4,11.7468;0.801;0.6415
S3Cl4Mg4,9.8495;0.6028;0.3633
S3B4Mg4,10.2101;0.8405;0.7065
S3B4Li4,10.5985;0.8148;0.6638
S3Mg4H4,9.5821;0.9118;0.8314
F3Ba4O4,9.865;0.8732;0.7625
F3Ba4N4,9.818;0.7325;0.5365
F3K4O4,9.6684;0.6663;0.4439
F3K4S4,9.3831;0.6262;0.3921
F3K4Cl4,10.1949;0.6214;0.3861
F3O4Rb4,10.1669;0.6426;0.4129
F3O4Mg4,9.6878;0.7326;0.5368
F3O4Cs4,9.6171;0.7212;0.5202
F3N4Rb4,10.1703;0.6375;0.4065
F3N4Mg4,10.4374;0.8095;0.6553
F3Be4Mg4,9.3917;0.7788;0.6065
F3Hf4Cl4,9.2997;0.7328;0.537
F3Cl4Rb4,9.4827;0.618;0.3819
F3Cl4Mg4,9.3252;0.7634;0.5828
F3B4Mg4,13.241;0.9391;0.8818
F3Mg4Li4,10.6269;0.7011;0.4915
F3Mg4H4,10.1669;0.8907;0.7934
Al3Sn4Nb4,10.8163;0.6013;0.3616
Al3B4Mg4,10.5159;0.8591;0.738
Al3B4Li4,10.3836;0.6071;0.3686
Al3Mg4H4,9.5718;0.8048;0.6477
Sr3N4Cl4,10.1019;0.4474;0.2002
Sr3N4Br4,9.5009;0.5508;0.3034
N3Ba4O4,10.1587;0.7183;0.5159
N3Ba4F4,9.3845;0.7842;0.6149
N3Ba4Cl4,11.9043;0.5895;0.3475
N3K4O4,9.7542;0.612;0.3745
N3K4Cl4,11.3471;0.5304;0.2813
N3Ca4Cl4,12.4042;0.393;0.1545
N3La4Cl4,11.1346;0.5231;0.2736
N3O4Rb4,9.9887;0.5897;0.3477
N3O4Mg4,10.4268;0.8623;0.7436
N3Mo4Cl4,9.3595;0.6772;0.4586
N3Tm4Cl4,13.435;0.4769;0.2275
N3Nd4Cl4,12.0795;0.5027;0.2527
N3Pb4Cl4,9.8204;0.4819;0.2322
N3S4Nb4,9.7723;0.5343;0.2854
N3S4Hf4,9.758;0.7613;0.5796
N3F4Rb4,9.8534;0.6061;0.3674
N3F4Mg4,10.698;0.832;0.6922
N3F4Cs4,9.3406;0.6705;0.4496
N3V4I4,9.604;0.6044;0.3653
N3Al4Li4,10.1464;0.7716;0.5953
N3Sr4Cl4,13.02;0.3688;0.136
N3W4Cl4,10.2619;0.6422;0.4124
N3Nb4Cl4,12.2778;0.679;0.461
N3Nb4Br4,9.7167;0.5313;0.2823
N3Y4Cl4,11.9466;0.4624;0.2138
N3Hf4Cl4,19.0984;0.4918;0.2419
N3Hf4P4,9.3799;0.6925;0.4796
N3Hf4Br4,10.1426;0.6494;0.4217
N3Cl4Sm4,12.2799;0.6669;0.4448
N3Cl4Tb4,13.0281;0.5586;0.312
N3Cl4Ce4,11.0786;0.4875;0.2376
N3Cl4Gd4,12.8713;0.5341;0.2852
N3Cl4Zr4,13.3942;0.3319;0.1102
N3Cl4Ho4,13.5435;0.4702;0.2211
N3Cl4Eu4,13.0637;0.5852;0.3424
N3Cl4Rb4,11.3791;0.5666;0.321
N3Cl4Pr4,11.9463;0.5213;0.2717
N3Cl4Mg4,11.767;0.7132;0.5087
N3Cl4Er4,13.7555;0.4972;0.2472
N3Cl4Li4,9.7585;0.5315;0.2825
N3Cl4Ta4,12.5922;0.5761;0.3319
N3Cl4Na4,11.6342;0.4463;0.1992
N3Cl4Yb4,13.7523;0.5012;0.2512
N3Cl4Lu4,12.539;0.5834;0.3403
N3Cl4Dy4,13.1477;0.5169;0.2672
N3Cl4Sc4,11.0439;0.4948;0.2449
N3Cl4Cs4,11.1648;0.689;0.4748
N3B4Mg4,12.2489;0.7824;0.6121
N3Zr4Br4,10.6058;0.4782;0.2286
N3Mg4Li4,11.1465;0.8457;0.7152
N3Mg4H4,9.6877;0.9326;0.8697
N3Mg4Br4,9.7967;0.6833;0.467
N3Mg4I4,10.1027;0.6788;0.4608
N3Li4I4,10.8651;0.5701;0.325
Be3B4Mg4,10.1593;0.6909;0.4774
Nb3N4I4,10.1025;0.5595;0.3131
Hf3N4Cl4,10.9501;0.7071;0.5
Hf3N4Se4,9.6858;0.7561;0.5716
Hf3N4I4,10.3319;0.5954;0.3545
Cl3Ba4O4,10.9097;0.7825;0.6123
Cl3Ba4F4,10.0228;0.7872;0.6197
Cl3Ba4N4,12.4489;0.6223;0.3873
Cl3Ba4H4,9.4392;0.7067;0.4995
Cl3K4O4,11.8277;0.5532;0.306
Cl3K4F4,10.2065;0.614;0.377
Cl3K4N4,11.4885;0.5758;0.3315
Cl3K4Se4,9.4335;0.6055;0.3667
Cl3Ca4N4,12.0268;0.4208;0.1771
Cl3La4N4,12.1248;0.5265;0.2772
Cl3O4Rb4,10.1122;0.693;0.4802
Cl3O4Cs4,9.9666;0.7308;0.534
Cl3Tm4N4,14.5181;0.5062;0.2563
Cl3Os4N4,9.6534;0.6811;0.4639
Cl3Nd4N4,13.0302;0.5687;0.3234
Cl3S4Mg4,9.9736;0.6105;0.3727
Cl3F4Rb4,9.8619;0.5845;0.3416
Cl3Sr4N4,12.5887;0.3906;0.1526
Cl3Re4N4,9.8629;0.7424;0.5511
Cl3W4N4,10.3876;0.6909;0.4773
Cl3N4Nb4,10.6557;0.6914;0.4781
Cl3N4Y4,12.118;0.4733;0.224
Cl3N4Hf4,22.2517;0.398;0.1584
Cl3N4Sm4,12.5242;0.6303;0.3973
Cl3N4Tb4,13.8339;0.5719;0.3271
Cl3N4Ce4,12.3241;0.4923;0.2423
Cl3N4Gd4,13.7046;0.5852;0.3424
Cl3N4Zr4,13.0307;0.1848;0.0341
Cl3N4Ho4,14.5151;0.5454;0.2974
Cl3N4Eu4,13.1192;0.6401;0.4097
Cl3N4Rb4,10.9387;0.5974;0.3569
Cl3N4Pr4,12.7493;0.5183;0.2687
Cl3N4Mg4,11.9352;0.6808;0.4635
Cl3N4Er4,14.6611;0.5283;0.2791
Cl3N4Ta4,12.1967;0.7494;0.5617
Cl3N4Na4,11.2928;0.4301;0.185
Cl3N4Ir4,9.3695;0.6939;0.4815
Cl3N4Yb4,14.0005;0.5274;0.2781
Cl3N4Lu4,13.6782;0.6761;0.4571
Cl3N4Dy4,13.9258;0.5616;0.3154
Cl3N4Sc4,11.6013;0.4343;0.1886
Cl3N4Cs4,11.2898;0.6806;0.4632
Cl3Hf4H4,9.9882;0.8208;0.6736
Cl3B4Mg4,10.6517;0.6732;0.4532
Cl3B4Li4,9.9818;0.6913;0.478
Cl3Mg4P4,9.7975;0.6701;0.449
Cl3Mg4H4,10.4712;0.8556;0.7321
Ni3Mo4P4,10.8219;0.4418;0.1952
B3O4Mg4,11.2892;0.8138;0.6623
B3F4Mg4,12.2071;1.0411;1.0839
B3Al4Li4,9.4648;0.6777;0.4593
B3N4Mg4,11.7587;0.8825;0.7788
B3Be4Si4,9.7081;0.786;0.6179
B3Cl4Mg4,10.0199;0.7283;0.5304
B3Mg4Li4,10.5634;0.6846;0.4687
B3Mg4H4,10.3959;0.8737;0.7634
B3Li4Si4,12.3726;0.8406;0.7066
B3Li4P4,10.0307;0.7439;0.5534
Pd3Cu4H4,10.4271;0.4701;0.221
Zr3N4I4,9.6654;0.5048;0.2548
Se3K4O4,9.6118;0.6484;0.4204
Se3K4F4,9.479;0.6885;0.474
Se3N4Nb4,10.0433;0.5645;0.3186
Se3N4Hf4,9.3602;0.8384;0.703
Eu3N4Cl4,9.9474;0.6639;0.4408
Rb3O4S4,10.3532;0.7317;0.5354
Rb3O4Cl4,9.8505;0.5496;0.302
Rb3O4Se4,11.0604;0.8461;0.7159
Rb3O4P4,10.815;0.6768;0.4581
Rb3S4N4,9.8229;0.6614;0.4374
Rb3F4P4,9.4867;0.7298;0.5326
Rb3N4Cl4,11.3771;0.5726;0.3279
Rb3N4Se4,9.645;0.6805;0.463
Rb3N4P4,9.8451;0.6467;0.4182
Rb3N4Br4,10.1891;0.7278;0.5297
Mg3O4F4,9.5779;0.7101;0.5043
Mg3O4N4,10.1697;0.7823;0.6119
Mg3O4B4,11.2255;0.7311;0.5346
Mg3O4Li4,11.3206;0.7201;0.5185
Mg3O4H4,10.1003;0.744;0.5536
Mg3S4Cl4,9.7422;0.6785;0.4603
Mg3S4B4,9.5706;0.7657;0.5863
Mg3S4H4,9.5638;0.8924;0.7964
Mg3F4N4,11.2749;0.7863;0.6183
Mg3F4B4,12.2113;0.7894;0.6232
Mg3F4Li4,11.055;0.7494;0.5617
Mg3F4H4,10.6013;0.7604;0.5783
Mg3Al4B4,10.5265;0.9592;0.9202
Mg3Al4H4,10.041;0.8142;0.6629
Mg3N4Cl4,9.6062;0.7425;0.5513
Mg3N4B4,12.0168;0.9891;0.9783
Mg3N4Li4,11.3747;0.8315;0.6914
Mg3N4H4,10.1141;0.8711;0.7589
Mg3N4Te4,10.0425;0.7596;0.577
Mg3N4I4,9.8063;0.6389;0.4082
Mg3Cl4B4,10.5392;0.7201;0.5186
Mg3Cl4Si4,9.7022;0.6775;0.459
Mg3Cl4P4,10.0427;0.6577;0.4326
Mg3Cl4H4,10.6362;0.8815;0.7771
Mg3B4Li4,11.557;0.8298;0.6886
Mg3B4Si4,11.8483;0.7328;0.5369
Mg3B4P4,9.4254;0.8613;0.7419
Mg3B4H4,10.3078;0.8115;0.6585
Mg3Li4H4,9.6365;0.7427;0.5516
Mg3Si4H4,10.5242;0.8167;0.667
Mg3Na4H4,11.3994;0.792;0.6272
Li3O4Mg4,11.3033;0.7469;0.5578
Li3Bi4N4,9.7353;0.6633;0.44
Li3F4Mg4,11.0605;0.6958;0.4841
Li3Al4B4,10.3307;0.6933;0.4807
Li3N4Mg4,11.6864;0.8836;0.7807
Li3N4I4,9.8271;0.6394;0.4088
Li3B4Mg4,11.6136;0.822;0.6756
Li3B4Si4,12.1003;0.912;0.8318
Li3Mg4H4,9.2901;0.7433;0.5525
Si3B4Mg4,12.849;0.9813;0.9629
Si3B4Li4,12.3715;0.8986;0.8074
Si3Mg4H4,10.2737;0.8332;0.6942
P3K4O4,10.6172;0.6154;0.3787
P3K4F4,9.7069;0.6708;0.45
P3N4Nb4,9.6177;0.5462;0.2984
P3N4Hf4,10.9955;0.6444;0.4153
P3Cl4Mg4,9.9312;0.6399;0.4094
P3B4Mg4,10.9485;0.9394;0.8824
P3B4Li4,11.3677;0.7866;0.6188
P3Mg4H4,9.7747;0.9132;0.8339
Ta3N4Cl4,9.6646;0.663;0.4396
Ta3N4I4,9.4342;0.5946;0.3536
Na3N4I4,9.4869;0.5259;0.2766
Na3Mg4H4,10.4145;0.7891;0.6227
H3Ba4Cl4,10.0426;0.634;0.4019
H3K4Cl4,9.5365;0.5241;0.2746
H3O4Mg4,9.926;0.8857;0.7844
H3F4Mg4,10.3428;0.8825;0.7789
H3Al4Mg4,10.7143;0.776;0.6022
H3N4Mg4,9.623;0.8424;0.7097
H3Hf4Cl4,11.4821;0.714;0.5098
H3Cl4Eu4,9.6855;0.6606;0.4364
H3Cl4Rb4,9.5546;0.5445;0.2965
H3Cl4Mg4,9.8762;0.7614;0.5797
H3Cl4Yb4,9.4727;0.6401;0.4097
H3B4Mg4,11.2171;0.8518;0.7256
H3Mg4Li4,10.7548;0.8097;0.6555
H3Mg4Si4,10.3197;0.7087;0.5023
H3Mg4Na4,9.6588;0.8487;0.7203
Te3K4O4,9.4505;0.7032;0.4945
Yb3N4Cl4,9.7967;0.5859;0.3432
Br3K4O4,10.3613;0.631;0.3981
Br3K4Cl4,9.5271;0.6528;0.4261
Br3Ca4N4,9.563;0.6031;0.3637
Br3O4Rb4,9.3614;0.7283;0.5304
Br3Tm4N4,9.7505;0.5452;0.2972
Br3Sr4N4,9.5208;0.6098;0.3719
Br3N4Nb4,10.4361;0.5653;0.3196
Br3N4Y4,9.8032;0.4433;0.1965
Br3N4Hf4,12.6825;0.6717;0.4512
Br3N4Zr4,12.5232;0.3827;0.1464
Br3N4Ho4,9.8226;0.4803;0.2307
Br3N4Mg4,9.5817;0.7705;0.5937
Br3N4Er4,9.9264;0.5179;0.2682
I3K4O4,9.6518;0.6508;0.4235
I3V4N4,10.2535;0.5132;0.2634
I3N4Nb4,11.3395;0.5794;0.3357
I3N4Hf4,10.97;0.683;0.4665
I3N4Zr4,11.3895;0.5147;0.2649
I3N4Ti4,10.0045;0.5419;0.2937
I3N4Mg4,10.4015;0.626;0.3919
I3N4Sc4,10.1718;0.4904;0.2405
I3N4Tc4,9.6223;0.4984;0.2484
Cs3O4S4,9.8485;0.7998;0.6397
Cs3O4F4,9.4369;0.7225;0.522
Cs3O4N4,9.4032;0.6052;0.3663
Cs3O4Cl4,10.1178;0.6293;0.396
Cs3O4P4,10.2126;0.7481;0.5597
Cs3F4Cl4,9.8831;0.5911;0.3494
Cs3N4Cl4,11.4117;0.5928;0.3514

314 of 219450 appear to be promising

