hp_tune_blank_nc_normal:

{'ccp_alpha': 0.0, 'criterion': 'squared_error', 'max_depth': None, 'max_leaf_nodes': None, 'max_samples': None, 'min_impurity_decrease': 0.0, 'min_samples_leaf': 1, 'min_samples_split': 2, 'min_weight_fraction_leaf': 0.0, 'n_estimators': 200, 'n_jobs': None, 'oob_score': False, 'random_state': None, 'verbose': 0, 'warm_start': False, 'max_features': 'sqrt', 'bootstrap': False}

Ba1K2Fe2,9.6628;0.8203;0.6728
Ba1K2As2,9.8796;0.7808;0.6096
Ba1K2Ca2,10.4022;0.843;0.7107
Ba1K2La2,11.5156;1.0523;1.1073
Ba1K2Cu2,10.3882;0.8634;0.7455
Ba1K2O2,14.8316;0.7447;0.5545
Ba1K2Ru2,9.8253;0.8415;0.7081
Ba1K2Tm2,11.0734;0.8622;0.7434
Ba1K2Os2,10.5145;0.8254;0.6813
Ba1K2Sn2,10.5281;0.8236;0.6783
Ba1K2Nd2,12.6888;1.0704;1.1457
Ba1K2Bi2,13.1041;0.947;0.8968
Ba1K2Pb2,15.7142;1.0756;1.157
Ba1K2S2,9.5879;0.7638;0.5834
Ba1K2F2,10.9419;0.8884;0.7892
Ba1K2V2,10.5453;0.8148;0.6639
Ba1K2Ga2,9.5759;0.8401;0.7058
Ba1K2Sr2,11.8705;0.8703;0.7574
Ba1K2Co2,9.5887;0.9078;0.8242
Ba1K2Re2,10.5681;0.8064;0.6503
Ba1K2W2,10.2289;0.7681;0.59
Ba1K2N2,12.0402;0.6858;0.4703
Ba1K2Be2,11.0546;0.8668;0.7514
Ba1K2Tl2,10.8888;0.8534;0.7283
Ba1K2Y2,13.2208;0.8855;0.784
Ba1K2Hf2,11.2601;0.8572;0.7348
Ba1K2Cl2,11.501;0.7616;0.5801
Ba1K2Sm2,11.0501;0.868;0.7534
Ba1K2Ni2,9.4013;0.8199;0.6722
Ba1K2Tb2,10.8234;0.8521;0.726
Ba1K2B2,10.8785;0.8383;0.7027
Ba1K2Gd2,10.9702;0.8656;0.7493
Ba1K2In2,10.7656;0.8234;0.678
Ba1K2Pd2,10.2399;0.8921;0.7959
Ba1K2Zr2,11.2463;0.7894;0.6231
Ba1K2Mn2,10.9877;0.8442;0.7127
Ba1K2Ho2,10.8421;0.8067;0.6507
Ba1K2Se2,10.3946;0.8594;0.7386
Ba1K2Ti2,9.5446;0.8358;0.6986
Ba1K2Hg2,9.8323;0.8288;0.6869
Ba1K2Eu2,11.0691;0.8648;0.7479
Ba1K2Rb2,12.7572;0.747;0.558
Ba1K2Er2,11.006;0.858;0.7361
Ba1K2Rh2,10.0555;0.8853;0.7838
Ba1K2Au2,10.3316;0.805;0.648
Ba1K2Zn2,10.6476;0.7714;0.5951
Ba1K2Li2,9.6346;0.7991;0.6386
Ba1K2Np2,11.0674;0.8633;0.7452
Ba1K2Si2,9.798;0.8151;0.6643
Ba1K2P2,9.8909;0.8558;0.7324
Ba1K2Ta2,10.3652;0.7683;0.5903
Ba1K2Na2,10.3907;0.7937;0.6299
Ba1K2H2,11.7578;0.8596;0.7389
Ba1K2Pt2,9.9986;0.8055;0.6488
Ba1K2Ge2,10.2136;0.9288;0.8626
Ba1K2Pa2,11.068;0.8636;0.7458
Ba1K2Te2,9.1968;0.864;0.7465
Ba1K2Ir2,9.5737;0.9097;0.8276
Ba1K2Yb2,11.0476;0.8728;0.7618
Ba1K2T2,10.8958;0.8583;0.7366
Ba1K2Th2,10.9278;0.8442;0.7126
Ba1K2Lu2,11.0335;0.8715;0.7595
Ba1K2Ag2,9.9945;0.8726;0.7614
Ba1K2Cd2,11.0295;0.8596;0.739
Ba1K2Br2,11.6002;0.9054;0.8197
Ba1K2I2,10.9366;0.876;0.7674
Ba1K2Dy2,11.0361;0.8648;0.7479
Ba1K2Sc2,11.0857;0.8524;0.7266
Ba1K2Cr2,11.1419;0.7928;0.6285
Ba1K2D2,11.2237;0.8118;0.659
Ba1K2Cs2,11.8585;0.9071;0.8228
Ba1K2Tc2,11.1649;0.87;0.7569
Ba1K2Pu2,11.3305;0.8596;0.739
Ba1K2Am2,11.0679;0.8636;0.7457
Ba1K2Cm2,11.0679;0.8636;0.7457
Ba1K2Po2,11.0679;0.8636;0.7457
Ba1O2Nd2,9.0815;1.2514;1.5659
Ba1Nd2Pb2,9.3584;1.1304;1.2777
Ba1Nd2Sr2,11.5859;1.0767;1.1592
Ba1Nd2Rb2,9.6793;1.2506;1.5639
Ba1Bi2Rb2,9.9358;0.6439;0.4146
Ba1N2Nb2,10.0979;0.3855;0.1486
Ba1N2Cl2,9.5167;0.6638;0.4407
Ba1B2Mg2,10.1945;0.8769;0.769
Ba1C2Mg2,10.7221;0.8097;0.6555
K1Ba2Fe2,10.4231;0.8088;0.6542
K1Ba2As2,10.6308;0.7052;0.4973
K1Ba2Ca2,11.274;0.7577;0.5741
K1Ba2La2,12.4326;0.9605;0.9225
K1Ba2Cu2,11.2424;0.8018;0.6429
K1Ba2O2,14.9521;0.7396;0.547
K1Ba2Mo2,9.7038;0.8614;0.742
K1Ba2Ru2,10.7854;0.7516;0.5649
K1Ba2Tm2,12.1639;0.777;0.6037
K1Ba2Os2,11.4694;0.7651;0.5853
K1Ba2Sn2,11.3195;0.7815;0.6108
K1Ba2Nd2,13.7082;1.0083;1.0167
K1Ba2Bi2,14.4106;0.8007;0.6411
K1Ba2Pb2,16.7569;0.9048;0.8187
K1Ba2S2,10.3033;0.7334;0.5378
K1Ba2F2,12.0166;0.7966;0.6346
K1Ba2V2,11.4792;0.7468;0.5578
K1Ba2Ga2,10.2035;0.8415;0.7082
K1Ba2Sr2,12.8304;0.8;0.64
K1Ba2Co2,10.4115;0.8635;0.7456
K1Ba2Re2,11.4203;0.7218;0.521
K1Ba2W2,11.1618;0.6958;0.4841
K1Ba2N2,12.5161;0.6973;0.4862
K1Ba2Be2,12.1366;0.7812;0.6103
K1Ba2Nb2,9.4605;0.7076;0.5007
K1Ba2Tl2,11.8525;0.7708;0.5941
K1Ba2Y2,14.0468;0.8667;0.7511
K1Ba2Hf2,12.3047;0.7764;0.6027
K1Ba2Cl2,12.2161;0.7182;0.5159
K1Ba2Sm2,12.1191;0.7812;0.6102
K1Ba2Ni2,9.9537;0.7829;0.613
K1Ba2Tb2,11.8247;0.7637;0.5832
K1Ba2Ce2,9.7973;0.7851;0.6163
K1Ba2B2,11.8795;0.7679;0.5897
K1Ba2Gd2,12.0017;0.788;0.621
K1Ba2In2,11.739;0.7276;0.5293
K1Ba2Pd2,11.0519;0.8524;0.7266
K1Ba2Zr2,12.1145;0.7302;0.5332
K1Ba2Mn2,12.0227;0.7658;0.5865
K1Ba2Ho2,11.8703;0.7557;0.5711
K1Ba2Se2,11.2597;0.7621;0.5808
K1Ba2Ti2,10.3605;0.8024;0.6438
K1Ba2Hg2,10.8066;0.7324;0.5365
K1Ba2Eu2,12.1677;0.7717;0.5955
K1Ba2Rb2,13.541;0.6771;0.4584
K1Ba2Pr2,9.9402;0.871;0.7587
K1Ba2Sb2,9.4478;0.7444;0.5542
K1Ba2Er2,12.0359;0.7739;0.5989
K1Ba2Rh2,11.4394;0.7925;0.6281
K1Ba2Au2,11.2134;0.7468;0.5577
K1Ba2Zn2,11.5867;0.7038;0.4954
K1Ba2Li2,10.3959;0.7409;0.5489
K1Ba2Np2,12.1709;0.7711;0.5946
K1Ba2Si2,10.7747;0.7602;0.5779
K1Ba2P2,10.8791;0.8091;0.6546
K1Ba2Ta2,11.1513;0.7058;0.4981
K1Ba2Na2,11.2741;0.7056;0.4979
K1Ba2H2,12.5851;0.7728;0.5972
K1Ba2Pt2,10.6663;0.761;0.5791
K1Ba2Ge2,11.3722;0.8405;0.7065
K1Ba2Pa2,12.1731;0.7718;0.5957
K1Ba2Te2,10.0195;0.8124;0.66
K1Ba2Ir2,10.3908;0.8599;0.7394
K1Ba2Yb2,12.109;0.7849;0.616
K1Ba2T2,11.9834;0.766;0.5868
K1Ba2U2,9.4194;0.7668;0.588
K1Ba2Th2,11.9687;0.7606;0.5784
K1Ba2Lu2,12.0259;0.7951;0.6322
K1Ba2Ag2,10.8426;0.829;0.6872
K1Ba2Cd2,12.0912;0.7652;0.5856
K1Ba2Br2,12.4942;0.8009;0.6414
K1Ba2I2,12.004;0.7833;0.6136
K1Ba2Dy2,12.0892;0.7805;0.6092
K1Ba2Sc2,12.1273;0.7674;0.5889
K1Ba2Cr2,12.0262;0.7525;0.5662
K1Ba2D2,12.2312;0.728;0.53
K1Ba2Cs2,12.7731;0.8295;0.6881
K1Ba2Tc2,12.2305;0.7712;0.5947
K1Ba2Pu2,12.3463;0.7868;0.619
K1Ba2Am2,12.173;0.772;0.596
K1Ba2Cm2,12.173;0.772;0.596
K1Ba2Po2,12.173;0.772;0.596
K1N2Nb2,10.5252;0.4042;0.1634
K1N2Cl2,10.9199;0.4726;0.2233
K1N2C2,9.7829;0.4023;0.1619
K1N2Li2,10.5894;0.4037;0.1629
K1N2Br2,9.8937;0.5064;0.2564
K1N2Cs2,10.1379;0.5807;0.3373
K1B2Mg2,9.2764;0.8354;0.6979
K1C2Mg2,9.134;0.8866;0.7861
K1C2Cs2,9.725;0.7441;0.5537
Fe1Ba2K2,10.512;0.8351;0.6974
Fe1Mo2Co2,9.7792;0.3692;0.1363
Fe1Ga2Nb2,11.9298;0.5836;0.3405
Fe1N2Nb2,11.9987;0.3881;0.1506
Fe1N2Li2,10.1445;0.5836;0.3406
Fe1B2Mg2,11.6649;0.9791;0.9586
Fe1C2Pd2,9.5734;0.6304;0.3974
Fe1C2Mg2,11.9241;0.8962;0.8032
Fe1Mg2Li2,9.6113;0.8951;0.8012
As1Ba2K2,10.4405;0.7154;0.5119
As1Ga2Nb2,11.7931;0.7318;0.5356
As1N2Nb2,11.2062;0.4414;0.1949
As1N2Li2,9.5683;0.6595;0.435
As1B2Mg2,10.3577;0.9007;0.8113
As1C2Pd2,9.6103;0.7007;0.491
As1C2Mg2,11.5314;0.8704;0.7576
Ca1Ba2K2,10.8903;0.7987;0.6379
Ca1Mo2Co2,10.3929;0.2792;0.0779
Ca1Ga2Nb2,10.0684;0.7721;0.5962
Ca1N2Nb2,11.5609;0.4199;0.1763
Ca1N2Li2,9.9096;0.5777;0.3338
Ca1B2Mg2,9.2142;0.9696;0.9402
Ca1C2Pd2,10.9878;0.6367;0.4053
Ca1C2Mg2,12.02;0.9269;0.8591
La1Ba2K2,11.9548;1.0;1.0001
La1N2Nb2,9.9815;0.4376;0.1915
La1B2Mg2,10.3214;0.8488;0.7205
La1C2Pd2,9.7916;0.6104;0.3726
La1C2Mg2,11.3862;0.9192;0.8449
La1Mg2Li2,9.2497;0.918;0.8427
Cu1Ba2K2,11.4774;0.8442;0.7127
Cu1Ga2Nb2,10.2042;0.7054;0.4977
Cu1N2Nb2,12.166;0.3728;0.139
Cu1N2Li2,10.2349;0.5979;0.3575
Cu1B2Mg2,12.435;0.9557;0.9133
Cu1C2Pd2,11.0636;0.6558;0.43
Cu1C2Mg2,12.5088;0.8748;0.7653
Cu1Pd2H2,13.7198;0.4131;0.1707
Cu1Mg2Li2,9.956;0.9589;0.9195
O1Ba2K2,13.7815;0.8175;0.6683
O1Ba2Nd2,9.1829;1.2113;1.4672
O1Mo2Co2,10.2292;0.3203;0.1026
O1Ga2Nb2,12.6177;0.6426;0.4129
O1N2Nb2,11.3491;0.3048;0.0929
O1N2Li2,10.6416;0.5827;0.3396
O1B2Mg2,11.2063;0.8178;0.6688
O1C2Pd2,10.476;0.699;0.4886
O1C2Mg2,12.2042;0.9128;0.8331
O1Mg2Li2,9.6639;0.892;0.7956
Mo1Ba2K2,10.2423;0.8903;0.7927
Mo1N2Nb2,10.8585;0.366;0.1339
Mo1Y2C2,9.7639;0.3279;0.1075
Mo1B2Mg2,11.516;0.8142;0.6629
Mo1C2Pd2,11.2068;0.4628;0.2142
Mo1C2Mg2,12.6684;0.7786;0.6062
Mo1C2Cs2,10.367;0.6446;0.4156
Ru1Ba2K2,10.6462;0.768;0.5899
Ru1Ga2Nb2,10.9757;0.6429;0.4133
Ru1N2Nb2,10.9048;0.47;0.2209
Ru1N2Li2,9.7715;0.6027;0.3632
Ru1B2Mg2,10.5388;0.8961;0.8031
Ru1C2Pd2,10.1313;0.6765;0.4577
Ru1C2Mg2,11.5077;0.9031;0.8156
Ru1Mg2Li2,9.3505;0.9102;0.8286
Tm1Ba2K2,11.71;0.8181;0.6692
Tm1Mo2Co2,10.4725;0.3178;0.101
Tm1Ga2Nb2,13.1556;0.6174;0.3812
Tm1N2Nb2,12.2906;0.3695;0.1365
Tm1N2Li2,10.3453;0.6026;0.3631
Tm1B2Mg2,11.2596;0.8945;0.8002
Tm1C2Pd2,10.6849;0.6712;0.4506
Tm1C2Mg2,12.3676;0.9071;0.8227
Tm1Mg2Li2,9.7723;0.926;0.8575
Os1Ba2K2,11.4648;0.7945;0.6312
Os1Mo2Co2,9.8427;0.3138;0.0984
Os1Ga2Nb2,11.9309;0.6474;0.4192
Os1N2Nb2,11.3633;0.3649;0.1332
Os1N2Li2,9.9424;0.6205;0.3851
Os1B2Mg2,10.825;0.8454;0.7147
Os1C2Pd2,9.9747;0.729;0.5314
Os1C2Mg2,11.7552;0.8795;0.7735
Os1Mg2Li2,9.31;0.9568;0.9155
Sn1Ba2K2,11.0054;0.8113;0.6581
Sn1Ga2Nb2,10.843;0.5541;0.307
Sn1Al2Nb2,13.1112;0.4549;0.207
Sn1N2Nb2,12.0808;0.3787;0.1434
Sn1N2Li2,10.0604;0.5871;0.3446
Sn1B2Mg2,11.7181;0.8762;0.7677
Sn1C2Pd2,10.3994;0.7091;0.5028
Sn1C2Mg2,12.2727;0.881;0.7761
Sn1Mg2Li2,9.6858;0.9548;0.9117
Nd1Ba2K2,13.2846;1.0368;1.0749
Nd1Ba2O2,9.2933;1.2418;1.5421
Nd1Ba2Pb2,9.6092;1.0933;1.1954
Nd1Ba2Sr2,11.9388;1.0722;1.1495
Nd1Ba2Rb2,9.9998;1.2378;1.5322
Nd1Ba2H2,9.0518;1.1236;1.2625
Nd1Ba2D2,8.9474;1.1182;1.2504
Nd1Ba2Tc2,8.8088;1.2264;1.504
Nd1Ba2Pu2,9.1898;1.1309;1.2789
Nd1Mo2Co2,10.3276;0.3399;0.1156
Nd1Ga2Nb2,11.6153;0.6121;0.3747
Nd1N2Nb2,12.1868;0.3634;0.1321
Nd1N2Li2,10.2706;0.5957;0.3549
Nd1B2Mg2,10.8167;0.921;0.8482
Nd1C2Pd2,9.3673;0.702;0.4927
Nd1C2Mg2,11.5455;0.9209;0.848
Nd1Mg2Li2,9.3791;0.8994;0.809
Bi1Ba2K2,14.9771;0.9096;0.8274
Bi1Ba2Rb2,9.8983;0.801;0.6415
Bi1Ga2Nb2,12.4972;0.6156;0.379
Bi1N2Nb2,11.4131;0.4523;0.2045
Bi1B2Mg2,11.0147;0.8984;0.8071
Bi1C2Pd2,10.1574;0.7029;0.4941
Bi1C2Mg2,12.0158;0.8546;0.7304
Pb1Ba2K2,16.3916;0.9663;0.9337
Pb1Ba2Nd2,9.4581;1.0984;1.2064
Pb1Mo2S2,11.0227;0.2931;0.0859
Pb1Ga2Nb2,12.4107;0.6178;0.3817
Pb1N2Nb2,11.5791;0.3956;0.1565
Pb1N2Li2,10.2627;0.5624;0.3163
Pb1B2Mg2,10.7799;0.8293;0.6877
Pb1C2Pd2,9.8359;0.6878;0.473
Pb1C2Mg2,11.6574;0.9413;0.8861
Pb1Mg2Li2,9.5362;0.8613;0.7418
S1Ba2K2,11.6269;0.8228;0.677
S1Mo2Co2,9.9455;0.3216;0.1034
S1Sn2Nb2,9.7467;0.4566;0.2085
S1Ga2Nb2,13.5645;0.5583;0.3117
S1N2Nb2,12.2651;0.3662;0.1341
S1N2C2,10.2024;0.4875;0.2376
S1N2Li2,10.0567;0.6105;0.3727
S1B2Mg2,11.168;0.8729;0.762
S1C2Pd2,12.6882;0.7097;0.5037
S1C2Mg2,13.7479;0.9796;0.9596
S1C2Cs2,9.7461;0.93;0.8649
S1Mg2Li2,9.2294;0.8745;0.7648
F1Ba2K2,11.5679;0.8441;0.7125
F1Mo2Co2,10.4981;0.3157;0.0997
F1Ga2Nb2,13.0987;0.6432;0.4137
F1N2Nb2,11.774;0.398;0.1584
F1N2Li2,9.9002;0.5901;0.3483
F1B2Mg2,9.513;0.701;0.4915
F1C2Pd2,9.7982;0.6252;0.3909
F1C2Mg2,11.8675;0.956;0.914
F1Mg2Li2,9.8188;0.9235;0.8529
V1Ba2K2,11.1039;0.83;0.6889
V1Ga2Nb2,11.7509;0.5419;0.2936
V1N2Li2,9.7292;0.5872;0.3448
V1B2Mg2,11.2345;0.8935;0.7984
V1C2Pd2,10.3007;0.6329;0.4006
V1C2Mg2,12.1965;0.8304;0.6896
Ga1Ba2K2,10.5485;0.8073;0.6518
Ga1N2Nb2,10.8616;0.4053;0.1643
Ga1B2Mg2,9.5473;0.7197;0.518
Ga1C2Mg2,10.1474;0.7652;0.5856
Al1Ba2K2,9.4583;0.7208;0.5196
Al1Sn2Nb2,12.9675;0.4916;0.2416
Al1Ga2Nb2,12.0162;0.5707;0.3257
Al1B2Mg2,17.5992;1.1547;1.3332
Al1C2Mg2,9.698;0.8039;0.6462
Al1Mg2Li2,10.4731;0.7561;0.5716
Sr1Ba2K2,12.4162;0.8426;0.71
Sr1Ba2Nd2,11.9619;1.0725;1.1502
Sr1Mo2Co2,10.1707;0.3256;0.106
Sr1Ga2Nb2,10.4398;0.6953;0.4834
Sr1N2Nb2,11.9696;0.4157;0.1728
Sr1N2Cl2,9.7888;0.5444;0.2964
Sr1N2C2,9.6078;0.4022;0.1618
Sr1N2Li2,10.4099;0.5984;0.3581
Sr1B2Mg2,11.0005;0.8582;0.7364
Sr1C2Pd2,10.655;0.6937;0.4812
Sr1C2Mg2,12.3337;0.8987;0.8077
Sr1Mg2Li2,9.686;0.8971;0.8048
Sr1Pt2Ge2,10.2;0.0;0.0
Co1Ba2K2,11.0084;0.8188;0.6705
Co1Ga2Nb2,9.7884;0.6383;0.4074
Co1Ga2Pu2,12.1617;0.3314;0.1098
Co1N2Nb2,10.218;0.4643;0.2155
Co1B2Mg2,12.281;0.9488;0.9003
Co1C2Pd2,10.153;0.6764;0.4576
Co1C2Mg2,12.4671;0.7861;0.618
Co1Mg2Li2,10.2066;0.9037;0.8166
Re1Ba2K2,11.0108;0.7669;0.5882
Re1Ga2Nb2,12.8215;0.6318;0.3992
Re1N2Nb2,11.9869;0.3701;0.137
Re1N2Li2,10.2024;0.6071;0.3686
Re1B2Mg2,11.4456;0.8796;0.7738
Re1C2Pd2,10.8304;0.6958;0.4842
Re1C2Mg2,12.4051;0.9101;0.8283
Re1Mg2Li2,9.1743;0.9282;0.8616
W1Ba2K2,10.6778;0.744;0.5536
W1Mo2Co2,10.5523;0.3092;0.0956
W1Ga2Nb2,12.9763;0.6108;0.3731
W1N2Nb2,11.2775;0.465;0.2162
W1N2Li2,9.6378;0.5627;0.3167
W1B2Mg2,11.2585;0.8707;0.7581
W1C2Pd2,11.4353;0.6264;0.3924
W1C2Mg2,12.8453;0.8498;0.7221
W1C2Cs2,9.5329;0.8204;0.673
W1Mg2Li2,9.4861;0.863;0.7447
N1Ba2K2,12.2364;0.6366;0.4053
N1Ba2Cl2,9.9155;0.5365;0.2879
N1K2Cl2,10.6137;0.481;0.2314
N1K2Br2,9.5353;0.4799;0.2303
N1O2Li2,9.8764;0.514;0.2642
N1Pb2Li2,10.0838;0.4548;0.2069
N1Ga2Nb2,11.1837;0.5474;0.2996
N1Sr2Cl2,9.93;0.5391;0.2906
N1Nb2C2,12.0658;0.3276;0.1073
N1Hf2Cl2,14.3865;0.7111;0.5056
N1Hf2Li2,14.9319;0.6878;0.4731
N1Cl2Zr2,11.8439;0.292;0.0853
N1Cl2Li2,11.2632;0.5712;0.3263
N1Cl2Na2,10.3281;0.4599;0.2115
N1Cl2Cs2,9.8774;0.7166;0.5135
N1B2Mg2,9.7772;0.8642;0.7468
N1C2Pd2,10.398;0.4654;0.2166
N1C2Mg2,12.0134;0.6836;0.4673
N1C2Li2,10.2173;0.3611;0.1304
N1C2Ta2,10.0646;0.1511;0.0228
N1C2Na2,12.4418;0.4696;0.2205
N1C2H2,10.4182;0.6953;0.4834
N1C2Cs2,15.8371;0.6905;0.4768
N1Mg2Li2,11.5114;0.8824;0.7786
N1Li2Na2,10.074;0.5551;0.3081
N1Li2Br2,12.0036;0.5848;0.3419
N1Li2I2,12.0608;0.4725;0.2232
N1Li2Cs2,10.6858;0.8154;0.6648
N1Li2Pu2,9.4985;0.5646;0.3187
Be1Ba2K2,11.6835;0.8232;0.6777
Be1Mo2Co2,10.4419;0.3179;0.101
Be1Ga2Nb2,13.1349;0.6188;0.3829
Be1N2Nb2,12.2587;0.37;0.1369
Be1N2Li2,9.6197;0.6165;0.3801
Be1C2Pd2,10.6584;0.6866;0.4714
Be1C2Mg2,12.3733;0.8984;0.8071
Nb1Ba2K2,9.51;0.7325;0.5365
Nb1Ba2N2,9.9442;0.3889;0.1513
Nb1K2N2,10.089;0.4464;0.1993
Nb1Fe2N2,11.3388;0.4213;0.1775
Nb1As2N2,10.8088;0.5113;0.2614
Nb1Ca2N2,10.8107;0.5006;0.2506
Nb1Cu2N2,10.4857;0.5355;0.2868
Nb1Ru2N2,10.4913;0.4925;0.2425
Nb1Tm2N2,11.8854;0.4014;0.1611
Nb1Os2N2,10.8646;0.4039;0.1631
Nb1Sn2Al2,13.2463;0.4975;0.2475
Nb1Sn2N2,11.3559;0.3711;0.1377
Nb1Nd2N2,11.7738;0.3995;0.1596
Nb1Bi2N2,10.9166;0.4891;0.2392
Nb1Pb2N2,11.1733;0.3978;0.1582
Nb1F2N2,11.3683;0.4104;0.1684
Nb1Ga2N2,10.4113;0.4042;0.1634
Nb1Al2Ge2,10.0855;0.6114;0.3738
Nb1Sr2N2,11.5686;0.4418;0.1952
Nb1Re2N2,11.8195;0.3951;0.1561
Nb1N2Be2,11.7551;0.3924;0.154
Nb1N2Tl2,11.8969;0.404;0.1632
Nb1N2Y2,10.8121;0.4723;0.223
Nb1N2Hf2,11.3963;0.3641;0.1326
Nb1N2Cl2,9.6937;0.4978;0.2478
Nb1N2Sm2,11.7614;0.4051;0.1641
Nb1N2Ni2,9.7103;0.4377;0.1916
Nb1N2Tb2,10.6915;0.4919;0.242
Nb1N2C2,12.4239;0.3094;0.0957
Nb1N2Gd2,11.833;0.4157;0.1728
Nb1N2In2,10.3406;0.4831;0.2334
Nb1N2Pd2,10.3563;0.4107;0.1686
Nb1N2Zr2,10.9991;0.3747;0.1404
Nb1N2Mn2,11.8255;0.3992;0.1594
Nb1N2Ho2,11.8355;0.3998;0.1598
Nb1N2Se2,11.4826;0.4096;0.1677
Nb1N2Ti2,13.6921;0.3026;0.0915
Nb1N2Hg2,11.8863;0.4035;0.1628
Nb1N2Eu2,11.7754;0.4081;0.1666
Nb1N2Rb2,10.29;0.5011;0.2511
Nb1N2Pr2,10.7639;0.4218;0.1779
Nb1N2Mg2,9.5625;0.4774;0.2279
Nb1N2Sb2,11.4428;0.4097;0.1679
Nb1N2Er2,11.8368;0.3897;0.1518
Nb1N2Rh2,10.3978;0.4529;0.2051
Nb1N2Au2,10.5138;0.446;0.1989
Nb1N2Zn2,11.0581;0.4192;0.1757
Nb1N2Li2,12.5056;0.4534;0.2056
Nb1N2Np2,11.8847;0.3991;0.1593
Nb1N2Si2,11.0217;0.5145;0.2647
Nb1N2P2,11.7737;0.3965;0.1572
Nb1N2Ta2,11.1582;0.4248;0.1804
Nb1N2Na2,12.708;0.362;0.131
Nb1N2H2,11.7889;0.4337;0.1881
Nb1N2Pt2,9.6243;0.454;0.2061
Nb1N2Ge2,10.7645;0.4602;0.2118
Nb1N2Pa2,11.8849;0.3992;0.1593
Nb1N2Yb2,11.8652;0.396;0.1568
Nb1N2T2,11.8859;0.3991;0.1593
Nb1N2Th2,10.7151;0.4189;0.1755
Nb1N2Lu2,11.7361;0.3997;0.1598
Nb1N2Ag2,9.9526;0.4618;0.2133
Nb1N2Cd2,11.8409;0.3953;0.1563
Nb1N2Br2,9.6163;0.4665;0.2176
Nb1N2I2,12.3469;0.377;0.1421
Nb1N2Dy2,11.8673;0.3945;0.1556
Nb1N2Sc2,10.853;0.4559;0.2078
Nb1N2D2,11.8995;0.421;0.1772
Nb1N2Cs2,13.2103;0.5623;0.3162
Nb1N2Tc2,11.9262;0.3523;0.1241
Nb1N2Pu2,11.8257;0.4049;0.164
Nb1N2Am2,11.8847;0.399;0.1592
Nb1N2Cm2,11.8848;0.3991;0.1593
Nb1N2Po2,11.8848;0.3991;0.1593
Nb1B2Mg2,10.8863;0.8262;0.6826
Nb1C2Pd2,11.007;0.6193;0.3835
Nb1C2Mg2,13.2447;0.8114;0.6584
Nb1C2Cs2,10.1182;0.7597;0.5772
Tl1Ba2K2,11.4328;0.8045;0.6473
Tl1Sn2Nb2,9.5734;0.5041;0.2541
Tl1Ga2Nb2,13.1586;0.6218;0.3867
Tl1N2Nb2,12.3051;0.3671;0.1348
Tl1N2Li2,10.3508;0.6019;0.3622
Tl1B2Mg2,9.4088;0.8734;0.7628
Tl1C2Pd2,10.7283;0.6673;0.4453
Tl1C2Mg2,11.825;0.8867;0.7862
Tl1Mg2Li2,9.3377;0.9202;0.8468
Y1Ba2K2,13.8919;0.8899;0.792
Y1Ga2Nb2,9.4635;0.6603;0.436
Y1N2Nb2,11.3101;0.4305;0.1853
Y1N2Li2,9.7221;0.5303;0.2812
Y1C2Pd2,13.7621;0.704;0.4956
Y1C2Mg2,9.8051;0.8361;0.699
Y1C2Th2,9.7863;0.4432;0.1964
Hf1Ba2K2,11.8964;0.8189;0.6705
Hf1Ba2Nd2,8.9319;1.1245;1.2644
Hf1O2Li2,9.701;0.4578;0.2096
Hf1Ga2Nb2,12.2827;0.6248;0.3904
Hf1N2Nb2,13.052;0.3773;0.1424
Hf1N2Cl2,15.2415;0.6309;0.398
Hf1N2C2,10.6761;0.4928;0.2429
Hf1N2Li2,17.059;0.6843;0.4683
Hf1N2Na2,10.1794;0.6063;0.3677
Hf1N2I2,9.7498;0.593;0.3517
Hf1Cl2Li2,10.2182;0.7177;0.515
Hf1B2Mg2,11.672;0.8544;0.73
Hf1C2Pd2,10.6668;0.6732;0.4532
Hf1C2Mg2,12.3866;0.9001;0.8102
Hf1Mg2Li2,10.8464;0.8897;0.7916
Hf1Li2Br2,9.4139;0.6901;0.4762
Cl1Ba2K2,12.3203;0.7268;0.5283
Cl1Ba2Nd2,9.3895;1.0226;1.0458
Cl1Ba2N2,10.6634;0.6348;0.403
Cl1K2N2,11.4835;0.4097;0.1679
Cl1V2N2,9.5746;0.4828;0.2331
Cl1Ga2Nb2,12.1364;0.5245;0.2751
Cl1Sr2N2,10.8645;0.5506;0.3032
Cl1N2Nb2,12.435;0.4504;0.2029
Cl1N2Hf2,14.9279;0.5923;0.3508
Cl1N2C2,10.1369;0.4583;0.21
Cl1N2Zr2,11.264;0.2894;0.0837
Cl1N2Mg2,9.5295;0.6964;0.4849
Cl1N2Zn2,9.7879;0.4981;0.2481
Cl1N2Li2,13.1616;0.524;0.2745
Cl1N2Na2,11.4937;0.4565;0.2084
Cl1N2H2,9.8555;0.5908;0.349
Cl1N2I2,9.76;0.5379;0.2894
Cl1N2D2,9.5222;0.5311;0.2821
Cl1N2Cs2,10.9124;0.5656;0.3199
Cl1N2Tc2,9.4918;0.5186;0.2689
Cl1N2Pu2,9.5963;0.4834;0.2337
Cl1Hf2Li2,10.4544;0.7008;0.4911
Cl1B2Mg2,12.2521;0.8585;0.7371
Cl1C2Pd2,9.4936;0.6426;0.413
Cl1C2Mg2,11.7104;0.9431;0.8894
Cl1Mg2Li2,10.5846;0.8105;0.657
Sm1Ba2K2,11.6794;0.8219;0.6755
Sm1Mo2Co2,10.4289;0.3259;0.1062
Sm1Ga2Nb2,11.6549;0.7033;0.4946
Sm1N2Nb2,12.1924;0.3796;0.1441
Sm1N2Li2,10.3387;0.6024;0.3629
Sm1B2Mg2,10.8371;0.9144;0.8361
Sm1C2Pd2,10.4797;0.7198;0.5181
Sm1C2Mg2,12.2623;0.9127;0.833
Sm1Mg2Li2,9.7286;0.9278;0.8607
Ni1Ba2K2,10.9703;0.7818;0.6111
Ni1Ga2Nb2,9.5886;0.5944;0.3533
Ni1N2Nb2,11.5414;0.4039;0.1631
Ni1N2Li2,10.6142;0.5848;0.342
Ni1Nb2C2,12.6347;0.4312;0.1859
Ni1B2Mg2,11.158;0.8707;0.7581
Ni1C2Pd2,10.4794;0.676;0.457
Ni1C2Mg2,12.2111;0.896;0.8029
Tb1Ba2K2,11.4235;0.8045;0.6472
Tb1Mo2Co2,9.784;0.3668;0.1345
Tb1Ga2Nb2,12.6583;0.6278;0.3941
Tb1N2Nb2,11.1115;0.4372;0.1911
Tb1N2Li2,9.7633;0.6641;0.441
Tb1B2Mg2,10.4308;0.8993;0.8087
Tb1C2Mg2,9.6349;0.739;0.5461
Tb1Mg2Li2,9.408;0.9062;0.8212
Ce1Ba2K2,9.5254;0.8278;0.6853
Ce1B2Mg2,9.1801;0.9311;0.8669
B1Ba2K2,11.6392;0.7955;0.6329
B1Ga2Nb2,12.5114;0.576;0.3317
B1N2Nb2,10.4024;0.377;0.1421
B1N2Li2,9.9131;0.598;0.3577
B1C2Pd2,12.1284;0.6065;0.3678
B1C2Mg2,13.2451;0.8586;0.7371
B1Mg2Li2,10.0292;0.8697;0.7563
C1Ba2N2,9.8101;0.4688;0.2197
C1Ba2Mg2,10.8742;0.7809;0.6098
C1K2N2,10.0951;0.4456;0.1986
C1Fe2N2,9.736;0.4866;0.2368
C1Fe2Pd2,9.3648;0.6554;0.4295
C1Fe2Mg2,11.8032;0.911;0.8299
C1As2N2,9.8344;0.4796;0.23
C1As2Pd2,9.5887;0.7239;0.524
C1As2Mg2,11.5004;0.8599;0.7395
C1Ca2N2,9.8614;0.4749;0.2255
C1Ca2Pd2,10.7206;0.682;0.4652
C1Ca2Mg2,11.8619;0.9396;0.8829
C1La2Pd2,10.2474;0.6057;0.3669
C1La2Mg2,10.5748;0.8819;0.7778
C1Cu2Pd2,10.4193;0.7425;0.5513
C1Cu2Mg2,10.9848;0.9654;0.932
C1O2Pd2,10.489;0.7155;0.512
C1O2Mg2,12.1704;0.9034;0.8162
C1Mo2N2,9.631;0.3722;0.1385
C1Mo2Pd2,10.0324;0.4827;0.233
C1Mo2Mg2,11.6982;0.7759;0.602
C1Ru2N2,9.6183;0.5123;0.2624
C1Ru2Pd2,9.8588;0.7061;0.4986
C1Ru2Mg2,11.2005;0.8848;0.783
C1Tm2N2,10.2887;0.498;0.248
C1Tm2Pd2,10.5246;0.7106;0.5049
C1Tm2Mg2,12.252;0.9201;0.8466
C1Os2N2,9.862;0.5048;0.2549
C1Os2Pd2,9.8;0.7487;0.5605
C1Os2Mg2,11.638;0.8688;0.7548
C1Sn2N2,10.117;0.4758;0.2264
C1Sn2Pd2,10.2432;0.7301;0.5331
C1Sn2Mg2,12.1319;0.8616;0.7423
C1Nd2N2,9.6531;0.5126;0.2627
C1Nd2Mg2,11.4608;0.9203;0.8469
C1Bi2N2,9.8868;0.5215;0.272
C1Bi2Pd2,10.0646;0.7079;0.5012
C1Bi2Mg2,11.3826;0.8792;0.773
C1Pb2N2,9.9889;0.467;0.2181
C1Pb2Pd2,9.8218;0.7036;0.495
C1Pb2Mg2,12.3291;0.8894;0.791
C1S2Pd2,11.4795;0.7579;0.5744
C1S2Mg2,12.9536;0.988;0.9761
C1F2Pd2,9.6869;0.6604;0.4362
C1F2Mg2,11.7868;0.9506;0.9036
C1V2N2,9.5483;0.4618;0.2132
C1V2Pd2,9.5099;0.6097;0.3718
C1V2Mg2,11.6136;0.8406;0.7067
C1Ga2Mg2,10.0188;0.792;0.6272
C1Sr2N2,10.5453;0.4906;0.2407
C1Sr2Pd2,10.5831;0.7015;0.4922
C1Sr2Mg2,12.2505;0.9146;0.8365
C1Co2Mg2,11.8314;0.7226;0.5222
C1Re2N2,10.2601;0.5111;0.2612
C1Re2Pd2,10.6134;0.7302;0.5332
C1Re2Mg2,12.2407;0.9018;0.8133
C1W2Pd2,10.8906;0.6858;0.4703
C1W2Mg2,12.5195;0.8471;0.7176
C1N2Be2,10.3207;0.5021;0.2521
C1N2Nb2,14.2773;0.3258;0.1062
C1N2Tl2,10.307;0.4997;0.2497
C1N2Hf2,10.1682;0.6051;0.3661
C1N2Sm2,10.2579;0.489;0.2391
C1N2Gd2,9.8286;0.4695;0.2205
C1N2Pd2,12.0074;0.5534;0.3063
C1N2Mn2,9.9269;0.5172;0.2675
C1N2Ho2,10.2236;0.464;0.2153
C1N2Se2,10.3237;0.4957;0.2458
C1N2Hg2,10.4998;0.5076;0.2576
C1N2Eu2,10.3263;0.4951;0.2451
C1N2Mg2,13.0823;0.7421;0.5507
C1N2Sb2,10.0351;0.5017;0.2517
C1N2Er2,10.1256;0.4999;0.2499
C1N2Au2,9.8308;0.4726;0.2233
C1N2Zn2,10.0513;0.4629;0.2143
C1N2Li2,11.9747;0.5061;0.2561
C1N2Np2,10.3272;0.4967;0.2467
C1N2Si2,9.8996;0.4262;0.1817
C1N2P2,10.2704;0.5022;0.2522
C1N2Ta2,11.5191;0.182;0.0331
C1N2Na2,12.949;0.458;0.2098
C1N2H2,11.6688;0.6491;0.4213
C1N2Ge2,9.8018;0.516;0.2663
C1N2Pa2,10.3272;0.4967;0.2467
C1N2Yb2,10.1654;0.5044;0.2545
C1N2T2,10.3274;0.4966;0.2466
C1N2Lu2,9.831;0.4479;0.2006
C1N2Cd2,10.268;0.4824;0.2327
C1N2Br2,9.6746;0.499;0.249
C1N2I2,10.8011;0.4769;0.2274
C1N2Sc2,9.6612;0.4691;0.22
C1N2D2,10.3416;0.5011;0.2511
C1N2Cs2,14.9332;0.7367;0.5427
C1N2Tc2,10.3908;0.4895;0.2396
C1N2Pu2,10.3592;0.4889;0.239
C1N2Am2,10.3272;0.4967;0.2467
C1N2Cm2,10.3272;0.4967;0.2467
C1N2Po2,10.3272;0.4967;0.2467
C1Be2Pd2,10.5251;0.7153;0.5116
C1Be2Mg2,12.264;0.9026;0.8146
C1Nb2Ni2,10.1376;0.5103;0.2604
C1Nb2Pd2,10.7785;0.6088;0.3707
C1Nb2Mg2,13.1814;0.7794;0.6075
C1Tl2Pd2,10.5737;0.7142;0.51
C1Tl2Mg2,12.0461;0.887;0.7868
C1Y2Pd2,12.5674;0.6575;0.4323
C1Y2Mg2,9.9162;0.8447;0.7135
C1Hf2Pd2,9.4573;0.6607;0.4365
C1Hf2Mg2,11.5632;0.8987;0.8077
C1Cl2Mg2,11.3534;0.9549;0.9119
C1Sm2Pd2,10.3431;0.7431;0.5522
C1Sm2Mg2,12.1707;0.9206;0.8474
C1Ni2Pd2,9.585;0.6588;0.4341
C1Ni2Mg2,11.8941;0.8008;0.6412
C1Tb2Mg2,9.5695;0.7433;0.5526
C1B2Pd2,14.3319;0.7492;0.5613
C1B2Mg2,19.0151;0.7576;0.574
C1Gd2Pd2,9.5873;0.7152;0.5115
C1Gd2Mg2,11.7316;0.9079;0.8242
C1In2Mg2,11.3234;0.917;0.8408
C1Pd2Mn2,9.7411;0.7471;0.5582
C1Pd2Ho2,10.2343;0.7229;0.5226
C1Pd2Se2,10.2892;0.7206;0.5192
C1Pd2Hg2,10.954;0.6686;0.447
C1Pd2Eu2,10.5132;0.7255;0.5264
C1Pd2Mg2,14.0534;0.8476;0.7184
C1Pd2Sb2,10.0882;0.6719;0.4515
C1Pd2Er2,10.2269;0.744;0.5535
C1Pd2Au2,9.8723;0.737;0.5431
C1Pd2Zn2,9.7726;0.7968;0.6349
C1Pd2Li2,9.9709;0.5797;0.3361
C1Pd2Np2,10.5322;0.7232;0.5231
C1Pd2Si2,9.4755;0.7471;0.5582
C1Pd2P2,10.083;0.7499;0.5623
C1Pd2Ta2,11.1098;0.644;0.4147
C1Pd2Na2,10.4638;0.7049;0.4969
C1Pd2H2,11.4833;0.5849;0.3422
C1Pd2Pt2,9.5684;0.6404;0.4101
C1Pd2Ge2,10.3943;0.6235;0.3887
C1Pd2Pa2,10.5386;0.7193;0.5175
C1Pd2Yb2,10.2168;0.7239;0.5241
C1Pd2T2,10.5514;0.7185;0.5162
C1Pd2Th2,10.8078;0.75;0.5625
C1Pd2Ag2,9.8955;0.7055;0.4978
C1Pd2Cd2,10.4674;0.712;0.5069
C1Pd2Br2,11.0437;0.6718;0.4513
C1Pd2I2,10.7921;0.7423;0.551
C1Pd2Sc2,10.1158;0.7427;0.5516
C1Pd2D2,10.685;0.7063;0.4988
C1Pd2Cs2,10.9284;0.7877;0.6205
C1Pd2Tc2,10.8958;0.6926;0.4797
C1Pd2Pu2,10.8768;0.6818;0.4649
C1Pd2Am2,10.5257;0.7175;0.5148
C1Pd2Cm2,10.5385;0.7198;0.5181
C1Pd2Po2,10.5385;0.7198;0.5181
C1Zr2Mg2,11.2831;0.8564;0.7334
C1Mn2Mg2,12.7317;0.9488;0.9002
C1Ho2Mg2,12.1563;0.9157;0.8385
C1Se2Mg2,12.2716;0.9118;0.8315
C1Ti2Mg2,11.5459;0.9229;0.8517
C1Hg2Mg2,11.8945;0.8574;0.7352
C1Hg2Cs2,11.4953;0.8669;0.7516
C1Eu2Mg2,12.2727;0.9181;0.8429
C1Rb2Mg2,9.6522;0.873;0.7622
C1Rb2Cs2,12.0074;1.2065;1.4557
C1Pr2Mg2,11.4335;0.8859;0.7848
C1Mg2Sb2,11.874;0.8817;0.7774
C1Mg2Er2,11.9928;0.9169;0.8406
C1Mg2Rh2,10.1914;0.8158;0.6655
C1Mg2Au2,10.901;0.908;0.8245
C1Mg2Zn2,10.5976;0.976;0.9525
C1Mg2Li2,14.6802;1.0393;1.0802
C1Mg2Np2,12.273;0.9179;0.8426
C1Mg2Si2,10.8341;0.8694;0.7559
C1Mg2P2,12.1862;0.9394;0.8826
C1Mg2Ta2,12.6489;0.9612;0.9239
C1Mg2Na2,12.7095;0.9222;0.8504
C1Mg2H2,12.4677;0.8359;0.6988
C1Mg2Pt2,11.1345;0.8081;0.6531
C1Mg2Ge2,11.772;0.8602;0.74
C1Mg2Pa2,12.275;0.918;0.8426
C1Mg2Te2,10.7023;0.827;0.6839
C1Mg2Ir2,9.8544;0.8238;0.6786
C1Mg2Yb2,12.0293;0.9339;0.8721
C1Mg2T2,12.2746;0.9175;0.8418
C1Mg2Th2,11.9218;0.9;0.81
C1Mg2Lu2,11.8726;0.8167;0.667
C1Mg2Ag2,11.0218;0.8813;0.7767
C1Mg2Cd2,10.6222;1.0189;1.0382
C1Mg2Br2,12.4742;0.8843;0.7819
C1Mg2I2,12.3993;0.8561;0.733
C1Mg2Dy2,10.939;0.8609;0.7411
C1Mg2Sc2,12.2971;0.8137;0.6621
C1Mg2Cr2,9.8297;0.9302;0.8653
C1Mg2D2,12.3375;0.9311;0.8669
C1Mg2Cs2,12.4441;0.8425;0.7098
C1Mg2Tc2,12.4306;0.9029;0.8152
C1Mg2Pu2,12.3492;0.9024;0.8143
C1Mg2Am2,12.2754;0.918;0.8427
C1Mg2Cm2,12.2754;0.918;0.8427
C1Mg2Po2,12.2754;0.918;0.8427
Gd1Ba2K2,11.58;0.8224;0.6763
Gd1Mo2Co2,10.1786;0.3127;0.0978
Gd1Ga2Nb2,11.7007;0.6933;0.4806
Gd1N2Nb2,12.2523;0.3722;0.1385
Gd1N2Li2,10.3045;0.6086;0.3704
Gd1B2Mg2,10.6587;0.8967;0.8041
Gd1C2Pd2,9.84;0.7057;0.4981
Gd1C2Mg2,11.8912;0.8997;0.8094
Gd1Mg2Li2,9.5782;0.9067;0.8221
In1Ba2K2,11.5834;0.7761;0.6023
In1Ga2Nb2,13.1538;0.5765;0.3324
In1N2Nb2,11.1859;0.4821;0.2324
In1N2Li2,9.7356;0.6284;0.3949
In1B2Mg2,10.8;0.8487;0.7203
In1C2Pd2,9.4548;0.6911;0.4776
In1C2Mg2,11.5329;0.9231;0.852
In1Mg2Li2,9.965;0.8633;0.7454
Pd1Ba2K2,10.7091;0.8779;0.7707
Pd1N2Nb2,10.6452;0.3717;0.1382
Pd1N2C2,9.8692;0.4184;0.175
Pd1N2Li2,9.8557;0.5973;0.3568
Pd1B2Mg2,11.2999;0.7966;0.6346
Pd1C2Mg2,13.0068;0.8634;0.7455
Pd1C2Cs2,10.4056;0.8837;0.781
Pd1Mg2Li2,9.1433;0.8579;0.7361
Zr1Ba2K2,11.7502;0.79;0.624
Zr1Sn2Nb2,9.714;0.517;0.2673
Zr1Ga2Nb2,11.0236;0.683;0.4666
Zr1N2Nb2,12.3568;0.3561;0.1268
Zr1N2Cl2,12.6374;0.2169;0.047
Zr1N2Li2,10.4357;0.4205;0.1768
Zr1B2Mg2,12.8392;0.992;0.9841
Zr1C2Mg2,11.3252;0.8577;0.7357
Zr1Mg2Li2,10.0882;0.8619;0.7429
Mn1Ba2K2,11.6293;0.811;0.6578
Mn1Mo2Co2,10.3591;0.3244;0.1052
Mn1Ga2Nb2,12.4385;0.6074;0.3689
Mn1N2Nb2,12.2315;0.3721;0.1384
Mn1N2Li2,10.3009;0.6065;0.3678
Mn1B2Mg2,14.6069;1.005;1.01
Mn1C2Pd2,10.124;0.6845;0.4685
Mn1C2Mg2,13.0346;0.9303;0.8655
Mn1Mg2Li2,12.2719;1.0778;1.1616
Ho1Ba2K2,11.4447;0.793;0.6288
Ho1Mo2Co2,10.268;0.308;0.0948
Ho1Ga2Nb2,11.7121;0.7134;0.5089
Ho1N2Nb2,12.2526;0.3709;0.1376
Ho1N2Li2,10.3031;0.6012;0.3614
Ho1B2Mg2,10.8727;0.868;0.7534
Ho1C2Pd2,10.2555;0.6993;0.489
Ho1C2Mg2,12.1607;0.9033;0.816
Ho1Mg2Li2,9.6003;0.9176;0.842
Se1Ba2K2,11.7031;0.8195;0.6716
Se1Mo2Co2,9.7912;0.3272;0.107
Se1Ga2Nb2,12.6289;0.6326;0.4002
Se1N2Nb2,11.8643;0.3883;0.1508
Se1N2Li2,10.3405;0.6109;0.3732
Se1B2Mg2,11.2468;0.8533;0.7281
Se1C2Pd2,10.5456;0.6846;0.4687
Se1C2Mg2,12.3769;0.9058;0.8204
Se1Mg2Li2,9.7641;0.9177;0.8422
Ti1Ba2K2,10.2545;0.8056;0.649
Ti1O2Li2,9.8622;0.2526;0.0638
Ti1Mo2Co2,10.5743;0.2888;0.0834
Ti1Ga2Nb2,10.2991;0.5683;0.323
Ti1N2Nb2,15.4459;0.3299;0.1088
Ti1N2C2,10.3606;0.391;0.1529
Ti1N2Li2,10.988;0.5424;0.2942
Ti1B2Mg2,13.3458;1.0119;1.024
Ti1C2Pd2,10.8643;0.6374;0.4063
Ti1C2Mg2,13.1767;0.9337;0.8717
Ti1Mg2Li2,11.1001;0.9659;0.933
Hg1Ba2K2,10.9367;0.8505;0.7233
Hg1Mo2Co2,10.5193;0.3125;0.0976
Hg1Ga2Nb2,13.1608;0.6209;0.3855
Hg1N2Nb2,12.2897;0.3719;0.1383
Hg1N2Li2,10.3477;0.6037;0.3644
Hg1C2Pd2,11.1725;0.6457;0.417
Hg1C2Mg2,11.987;0.8712;0.759
Hg1C2Cs2,13.3973;0.821;0.6741
Hg1Mg2Li2,9.2583;0.8936;0.7985
Eu1Ba2K2,11.7064;0.8176;0.6684
Eu1Ga2Nb2,10.7165;0.6198;0.3842
Eu1N2Nb2,12.1877;0.3832;0.1468
Eu1N2Li2,10.3464;0.602;0.3624
Eu1B2Mg2,11.2172;0.8658;0.7496
Eu1C2Pd2,10.6819;0.6953;0.4835
Eu1C2Mg2,12.3821;0.912;0.8318
Eu1Mg2Li2,9.7769;0.9199;0.8461
Rb1Ba2K2,13.1797;0.7199;0.5183
Rb1Ba2Nd2,10.0731;1.2415;1.5412
Rb1Ba2Bi2,10.3062;0.6519;0.425
Rb1Ga2Nb2,11.4161;0.6715;0.4509
Rb1N2Nb2,10.6606;0.4474;0.2001
Rb1B2Mg2,10.7169;0.8849;0.783
Rb1C2Mg2,9.6892;0.8813;0.7768
Rb1C2Cs2,13.4839;1.1589;1.3431
Pr1Ba2K2,9.5622;0.8857;0.7844
Pr1Mo2Co2,10.2318;0.3083;0.0951
Pr1Ga2Nb2,11.4556;0.6099;0.372
Pr1N2Nb2,12.1105;0.3746;0.1404
Pr1N2Li2,10.2425;0.6067;0.368
Pr1B2Mg2,10.7353;0.8976;0.8058
Pr1C2Pd2,9.4012;0.6326;0.4002
Pr1C2Mg2,11.4609;0.8671;0.7519
Pr1Mg2Li2,9.5167;0.9076;0.8238
Mg1Ba2K2,11.7698;0.8424;0.7096
Mg1Ba2Nd2,9.1888;1.013;1.0262
Mg1Mo2Co2,11.8003;0.6121;0.3746
Mg1Sn2Nb2,9.7189;0.6011;0.3613
Mg1V2Ti2,10.3824;0.8159;0.6657
Mg1Ga2Nb2,12.4149;0.5933;0.352
Mg1Re2Ti2,9.5733;0.8056;0.6491
Mg1N2Nb2,12.7357;0.6191;0.3832
Mg1N2Hf2,9.7494;0.8384;0.7029
Mg1N2Cl2,12.0124;0.8035;0.6457
Mg1N2C2,10.3439;0.4396;0.1932
Mg1N2Li2,11.0196;0.6657;0.4431
Mg1N2Na2,9.743;0.6681;0.4463
Mg1Hf2Cl2,10.3285;0.7771;0.6039
Mg1B2Ti2,10.2892;0.9226;0.8512
Mg1C2Pd2,11.5654;0.6114;0.3738
Mg1C2Cs2,9.8931;0.8352;0.6976
Mg1Ti2Pu2,9.5499;0.8437;0.7119
Sb1Ba2K2,9.5226;0.7171;0.5143
Sb1Mo2Co2,10.0124;0.322;0.1037
Sb1Ga2Nb2,12.86;0.6319;0.3993
Sb1N2Nb2,11.9056;0.3804;0.1447
Sb1N2Li2,10.0813;0.609;0.3709
Sb1B2Mg2,10.9377;0.8849;0.7831
Sb1C2Pd2,10.2345;0.6477;0.4195
Sb1C2Mg2,11.9723;0.8784;0.7716
Sb1Mg2Li2,9.5099;0.9232;0.8524
Er1Ba2K2,11.6019;0.8209;0.6739
Er1Mo2Co2,10.144;0.3639;0.1325
Er1Ga2Nb2,11.6961;0.6898;0.4758
Er1N2Nb2,12.2479;0.3602;0.1298
Er1N2Li2,10.2874;0.6147;0.3778
Er1B2Mg2,10.9754;0.9093;0.8268
Er1C2Pd2,10.5721;0.6919;0.4787
Er1C2Mg2,12.1995;0.91;0.8281
Er1Mg2Li2,9.5272;0.914;0.8355
Rh1Ba2K2,10.6748;0.8537;0.7288
Rh1Ga2Nb2,10.7276;0.5486;0.3009
Rh1N2Nb2,10.8023;0.421;0.1773
Rh1B2Mg2,9.4837;0.9208;0.8478
Rh1C2Mg2,10.0525;0.8287;0.6868
Au1Ba2K2,11.6914;0.8119;0.6592
Au1Mo2Co2,10.441;0.3104;0.0963
Au1N2Nb2,12.1014;0.3738;0.1398
Au1N2Li2,10.3263;0.6109;0.3732
Au1B2Mg2,10.5163;0.9621;0.9256
Au1C2Pd2,10.8031;0.7246;0.525
Au1C2Mg2,12.1398;0.8713;0.7592
Au1Mg2Li2,9.5895;0.8699;0.7567
Zn1Ba2K2,11.2129;0.7358;0.5414
Zn1Ga2Nb2,12.2004;0.6671;0.445
Zn1N2Nb2,11.628;0.3583;0.1284
Zn1N2Li2,10.0389;0.6112;0.3736
Zn1C2Pd2,9.9083;0.7562;0.5719
Zn1C2Mg2,10.7904;0.9555;0.913
Li1Ba2K2,9.967;0.7894;0.6232
Li1Ba2N2,9.5811;0.6155;0.3789
Li1K2N2,10.3806;0.4578;0.2096
Li1Fe2N2,9.9236;0.6044;0.3653
Li1As2N2,9.6711;0.6096;0.3717
Li1Ca2N2,9.6266;0.6041;0.365
Li1O2N2,9.7918;0.6215;0.3863
Li1Ru2N2,9.7242;0.6397;0.4092
Li1Tm2N2,10.3201;0.6041;0.3649
Li1Os2N2,9.8768;0.6172;0.381
Li1Sn2N2,10.0584;0.5982;0.3578
Li1Nd2N2,10.2531;0.6066;0.368
Li1Bi2N2,9.4425;0.6421;0.4123
Li1Pb2N2,10.4121;0.5568;0.31
Li1Pb2Mg2,9.9729;0.7984;0.6374
Li1F2N2,9.8764;0.5844;0.3415
Li1V2N2,10.4378;0.5348;0.286
Li1Ga2Nb2,10.6986;0.6018;0.3622
Li1Sr2N2,10.4533;0.5869;0.3444
Li1Re2N2,10.3136;0.6055;0.3666
Li1N2Be2,9.6437;0.6299;0.3967
Li1N2Nb2,13.0307;0.4398;0.1934
Li1N2Tl2,10.3743;0.6022;0.3627
Li1N2Y2,9.6924;0.4965;0.2465
Li1N2Hf2,16.038;0.6814;0.4643
Li1N2Cl2,12.6852;0.5503;0.3028
Li1N2Sm2,10.298;0.6089;0.3707
Li1N2Ni2,9.668;0.6643;0.4413
Li1N2Tb2,9.6987;0.6845;0.4686
Li1N2C2,11.526;0.4207;0.177
Li1N2Gd2,10.2508;0.6171;0.3808
Li1N2In2,9.5943;0.6317;0.399
Li1N2Pd2,10.0102;0.5924;0.351
Li1N2Zr2,10.0805;0.3894;0.1517
Li1N2Mn2,10.2609;0.6181;0.3821
Li1N2Ho2,10.257;0.6066;0.3679
Li1N2Se2,9.7234;0.6374;0.4063
Li1N2Ti2,10.2374;0.6082;0.3699
Li1N2Hg2,9.9324;0.6427;0.413
Li1N2Eu2,10.3259;0.6059;0.3671
Li1N2Pr2,9.7441;0.6307;0.3978
Li1N2Mg2,11.6941;0.8898;0.7917
Li1N2Sb2,10.0904;0.6253;0.3909
Li1N2Er2,10.2637;0.6165;0.3801
Li1N2Au2,9.6572;0.6135;0.3763
Li1N2Zn2,9.6264;0.6233;0.3886
Li1N2Np2,10.3213;0.6072;0.3686
Li1N2Si2,10.0782;0.6384;0.4075
Li1N2P2,10.2836;0.6214;0.3862
Li1N2Ta2,9.8934;0.6513;0.4242
Li1N2Na2,11.3097;0.5647;0.3189
Li1N2H2,9.7138;0.6542;0.4279
Li1N2Pt2,9.5226;0.5417;0.2934
Li1N2Ge2,9.6519;0.6222;0.3872
Li1N2Pa2,10.3225;0.6074;0.369
Li1N2Yb2,10.303;0.608;0.3696
Li1N2T2,10.3252;0.6068;0.3682
Li1N2Th2,9.7607;0.6361;0.4047
Li1N2Lu2,10.2815;0.5854;0.3426
Li1N2Cd2,10.2983;0.6065;0.3679
Li1N2Br2,11.8354;0.6341;0.4021
Li1N2I2,12.8384;0.5345;0.2857
Li1N2Dy2,10.2992;0.6143;0.3774
Li1N2Sc2,9.8577;0.6384;0.4075
Li1N2Cr2,9.6048;0.6449;0.416
Li1N2D2,10.4277;0.5893;0.3472
Li1N2Cs2,11.7142;0.7925;0.628
Li1N2Tc2,10.4291;0.5856;0.3429
Li1N2Pu2,10.5815;0.5897;0.3478
Li1N2Am2,10.3223;0.6075;0.369
Li1N2Cm2,10.3223;0.6075;0.369
Li1N2Po2,10.3223;0.6075;0.369
Li1Hf2Cl2,10.2228;0.7997;0.6396
Li1Hf2Mg2,9.9201;0.9351;0.8745
Li1Cl2Mg2,10.0099;0.8068;0.6509
Li1B2Mg2,15.0891;0.8693;0.7557
Li1C2Mg2,14.1715;1.0732;1.1518
Li1Zr2Mg2,9.4596;0.9336;0.8716
Li1Mn2Mg2,11.3222;1.159;1.3432
Li1Ti2Mg2,10.1985;0.9978;0.9956
Li1Mg2Na2,9.5207;1.0488;1.0999
Li1Mg2Br2,9.5443;0.954;0.9102
Li1Mg2I2,9.2435;0.9643;0.9299
Li1Mg2Sc2,9.2939;0.9304;0.8657
Li1Mg2Pu2,9.2282;0.959;0.9197
Np1Ba2K2,11.7069;0.8171;0.6676
Np1Mo2Co2,10.4858;0.319;0.1018
Np1Ga2Nb2,12.0792;0.6464;0.4178
Np1N2Nb2,12.2909;0.3695;0.1366
Np1N2Li2,10.3459;0.6025;0.363
Np1B2Mg2,11.2457;0.8629;0.7446
Np1C2Pd2,10.7;0.69;0.4761
Np1C2Mg2,12.3816;0.9116;0.8311
Np1Mg2Li2,9.7763;0.9203;0.8469
Si1Ba2K2,10.9578;0.821;0.6741
Si1Ga2Nb2,12.8088;0.5737;0.3292
Si1N2Nb2,13.0914;0.3134;0.0982
Si1N2Li2,10.7246;0.5941;0.3529
Si1B2Mg2,9.4052;0.8191;0.6709
Si1C2Pd2,10.4627;0.6822;0.4654
Si1C2Mg2,11.5942;0.8774;0.7698
Si1Mg2Li2,9.0667;0.9719;0.9445
P1Ba2K2,10.8735;0.8615;0.7422
P1Mo2Co2,9.8409;0.3562;0.1269
P1Ga2Nb2,13.0903;0.6354;0.4037
P1N2Nb2,12.1952;0.3885;0.1509
P1N2Li2,10.3892;0.6017;0.362
P1B2Mg2,11.3932;0.8863;0.7856
P1C2Pd2,10.5702;0.6896;0.4756
P1C2Mg2,12.3583;0.9243;0.8543
P1Mg2Li2,9.4876;0.9094;0.8271
Ta1Ba2K2,10.7693;0.7437;0.5531
Ta1Mo2Co2,10.208;0.3183;0.1013
Ta1Sn2Nb2,11.2925;0.35;0.1225
Ta1Ga2Nb2,12.7857;0.5705;0.3255
Ta1N2Nb2,11.9992;0.3991;0.1593
Ta1N2C2,9.7674;0.3652;0.1334
Ta1N2Li2,9.9654;0.6106;0.3729
Ta1B2Mg2,11.2401;0.8449;0.7138
Ta1C2Pd2,11.0831;0.6202;0.3846
Ta1C2Mg2,12.6552;0.938;0.8799
Ta1C2Cs2,9.3751;0.8449;0.7138
Na1Ba2K2,11.4293;0.7641;0.5838
Na1Ga2Nb2,13.1236;0.6296;0.3964
Na1N2Nb2,13.1424;0.3262;0.1064
Na1N2Hf2,9.5047;0.6024;0.3629
Na1N2Cl2,11.2099;0.3546;0.1257
Na1N2C2,12.6904;0.5038;0.2538
Na1N2Li2,11.4037;0.5201;0.2705
Na1N2Cs2,10.4276;0.7379;0.5445
Na1B2Mg2,12.8278;0.9679;0.9368
Na1C2Pd2,10.4481;0.6888;0.4744
Na1C2Mg2,12.6966;0.9137;0.8348
Na1Mg2Li2,10.4969;1.0041;1.0081
H1Ba2K2,12.2981;0.8239;0.6788
H1Mo2Co2,10.2759;0.343;0.1177
H1Ga2Nb2,12.9388;0.6271;0.3932
H1N2Nb2,12.2555;0.4137;0.1712
H1N2C2,11.4903;0.6295;0.3963
H1N2Li2,9.9815;0.642;0.4122
H1B2Mg2,11.5552;0.8534;0.7283
H1C2Pd2,12.141;0.5646;0.3187
H1C2Mg2,13.1109;0.815;0.6642
H1C2Cs2,11.6434;0.9085;0.8253
Pt1Ba2K2,10.7453;0.8095;0.6552
Pt1Ga2Nb2,10.2806;0.5747;0.3303
Pt1N2Nb2,10.7269;0.4254;0.1809
Pt1N2Li2,9.5232;0.5428;0.2946
Pt1B2Mg2,9.9875;0.8867;0.7863
Pt1C2Pd2,9.5009;0.6701;0.4491
Pt1C2Mg2,11.1323;0.8088;0.6541
Ge1Ba2K2,11.1377;0.8551;0.7311
Ge1Ga2Nb2,11.7943;0.6509;0.4237
Ge1Al2Nb2,12.362;0.4522;0.2045
Ge1N2Nb2,11.7882;0.4099;0.168
Ge1N2Li2,10.0117;0.6037;0.3645
Ge1B2Mg2,10.8901;0.8664;0.7506
Ge1C2Pd2,11.2284;0.6344;0.4025
Ge1C2Mg2,12.4867;0.8446;0.7134
Ge1C2Cs2,9.3005;0.8215;0.6749
Ge1Mg2Li2,9.3439;0.9067;0.822
Pa1Ba2K2,11.7084;0.8175;0.6683
Pa1Mo2Co2,10.5242;0.3132;0.0981
Pa1Ga2Nb2,13.1607;0.6213;0.3861
Pa1N2Nb2,12.2909;0.3695;0.1366
Pa1N2Li2,10.3461;0.6025;0.363
Pa1B2Mg2,11.2565;0.8584;0.7368
Pa1C2Pd2,10.7062;0.6872;0.4722
Pa1C2Mg2,12.3829;0.9112;0.8302
Pa1Mg2Li2,9.7782;0.9203;0.8469
Te1Ba2K2,10.2205;0.8131;0.6611
Te1Ga2Nb2,10.6122;0.6447;0.4156
Te1N2Nb2,10.0853;0.4246;0.1803
Te1B2Mg2,9.9675;0.8486;0.7202
Te1C2Mg2,10.8295;0.8134;0.6616
Ir1Ba2K2,10.4525;0.8914;0.7945
Ir1Ga2Nb2,10.7467;0.5667;0.3212
Ir1N2Nb2,10.3095;0.3833;0.1469
Ir1C2Mg2,9.9515;0.8549;0.7308
Yb1Ba2K2,11.6723;0.8277;0.6851
Yb1Mo2Co2,10.0578;0.2619;0.0686
Yb1Ga2Nb2,11.5922;0.6196;0.3839
Yb1N2Nb2,12.2738;0.3672;0.1349
Yb1N2Li2,10.3356;0.604;0.3648
Yb1B2Mg2,10.8276;0.8897;0.7915
Yb1C2Pd2,10.5937;0.6712;0.4505
Yb1C2Mg2,12.288;0.9413;0.8861
Yb1Mg2Li2,9.7051;0.9235;0.8528
T1Ba2K2,11.5183;0.8115;0.6586
T1Mo2Co2,10.5242;0.3132;0.0981
T1Ga2Nb2,13.1607;0.6213;0.3861
T1N2Nb2,12.2909;0.3695;0.1366
T1N2Li2,10.3461;0.6025;0.363
T1B2Mg2,11.2536;0.8603;0.7401
T1C2Pd2,10.7062;0.6872;0.4722
T1C2Mg2,12.3822;0.911;0.8298
T1Mg2Li2,9.7777;0.9203;0.847
U1Ba2K2,9.2481;0.7844;0.6152
Th1Ba2K2,11.6373;0.8076;0.6523
Th1Mo2Co2,10.3784;0.3056;0.0934
Th1Ga2Nb2,12.9851;0.603;0.3636
Th1N2Nb2,12.1431;0.3398;0.1155
Th1N2Li2,10.2794;0.6138;0.3768
Th1Y2C2,10.1379;0.3545;0.1257
Th1B2Mg2,11.1951;0.892;0.7956
Th1C2Pd2,11.7443;0.6508;0.4236
Th1C2Mg2,12.5477;0.8606;0.7407
Th1Mg2Li2,9.6913;0.9201;0.8466
Lu1Ba2K2,11.5868;0.8264;0.6829
Lu1Mo2Co2,9.8039;0.3331;0.111
Lu1Ga2Nb2,12.3772;0.7038;0.4953
Lu1N2Nb2,12.1395;0.3399;0.1155
Lu1N2Li2,10.2328;0.6022;0.3626
Lu1B2Mg2,11.2049;0.8457;0.7152
Lu1C2Mg2,11.4419;0.7766;0.603
Lu1Mg2Li2,9.4086;0.9229;0.8518
Ag1Ba2K2,11.354;0.8486;0.7202
Ag1Mo2Co2,10.5415;0.2513;0.0631
Ag1Mo2Tc2,9.7732;0.3642;0.1326
Ag1Ga2Nb2,13.1234;0.6109;0.3731
Ag1N2Nb2,11.3907;0.4345;0.1888
Ag1N2Li2,9.8067;0.5569;0.3102
Ag1B2Mg2,11.9039;0.8425;0.7098
Ag1C2Pd2,11.3555;0.7133;0.5088
Ag1C2Mg2,12.4276;0.8983;0.8069
Ag1Pd2H2,13.4919;0.315;0.0992
Ag1Pd2D2,9.6984;0.3886;0.151
Ag1Mg2Li2,9.8121;0.9308;0.8664
Cd1Ba2K2,11.6799;0.8138;0.6623
Cd1Ga2Nb2,13.0966;0.615;0.3783
Cd1N2Nb2,12.262;0.3738;0.1397
Cd1N2Li2,10.3263;0.6042;0.365
Cd1B2Mg2,11.0594;0.8721;0.7606
Cd1C2Pd2,10.6401;0.6762;0.4572
Cd1C2Mg2,12.2766;0.917;0.8408
Cd1Mg2Li2,9.6329;0.9171;0.8411
Br1Ba2K2,12.368;0.8898;0.7918
Br1Ba2Nd2,8.9522;1.1426;1.3056
Br1K2N2,11.0354;0.4615;0.213
Br1Mo2S2,10.0827;0.3259;0.1062
Br1Mo2Co2,10.1208;0.2687;0.0722
Br1Sn2Nb2,9.5461;0.4811;0.2315
Br1Ga2Nb2,13.0836;0.5958;0.355
Br1N2Nb2,11.8816;0.4074;0.1659
Br1N2Hf2,10.446;0.6693;0.4479
Br1N2C2,9.814;0.3586;0.1286
Br1N2Li2,13.2606;0.6179;0.3818
Br1N2Na2,10.9271;0.476;0.2265
Br1Hf2Li2,9.6092;0.7055;0.4977
Br1B2Mg2,11.9313;0.845;0.714
Br1C2Pd2,11.2448;0.6669;0.4447
Br1C2Mg2,12.5972;0.8822;0.7782
Br1C2Cs2,9.3493;0.8082;0.6531
Br1Mg2Li2,10.5218;0.8946;0.8003
I1Ba2K2,11.5507;0.8256;0.6816
I1Mo2Co2,10.4285;0.3251;0.1057
I1Ga2Nb2,13.0773;0.6031;0.3637
I1N2Nb2,12.6856;0.3348;0.1121
I1N2C2,9.8958;0.3671;0.1347
I1N2Li2,12.9143;0.5163;0.2665
I1B2Mg2,11.2839;0.8594;0.7385
I1C2Pd2,10.9422;0.7057;0.4981
I1C2Mg2,12.5042;0.8717;0.7598
I1Mg2Li2,10.1878;0.9184;0.8435
Dy1Ba2K2,11.6612;0.8185;0.67
Dy1Mo2Co2,10.1597;0.3594;0.1292
Dy1Ga2Nb2,12.9108;0.6345;0.4026
Dy1N2Nb2,12.2805;0.3663;0.1342
Dy1N2Li2,10.3334;0.6063;0.3676
Dy1B2Mg2,10.8404;0.8705;0.7577
Dy1C2Mg2,11.0019;0.8512;0.7246
Dy1Mg2Li2,9.6868;0.9143;0.8359
Sc1Ba2K2,11.6921;0.8087;0.6539
Sc1Mo2Co2,9.9402;0.3753;0.1408
Sc1Ga2Nb2,12.6037;0.6055;0.3666
Sc1N2Nb2,12.2669;0.372;0.1384
Sc1N2Li2,10.3156;0.6074;0.369
Sc1B2Mg2,12.4936;0.9701;0.9411
Sc1C2Pd2,10.8262;0.6832;0.4668
Sc1C2Mg2,12.7844;0.8643;0.747
Sc1Mg2Li2,10.1829;0.9044;0.818
Cr1Ba2K2,11.8054;0.7947;0.6316
Cr1Ga2Nb2,12.189;0.6178;0.3817
Cr1N2Li2,9.7323;0.6612;0.4371
Cr1C2Mg2,10.95;0.8854;0.7839
Cr1Mg2Li2,9.1208;0.8967;0.8041
D1Ba2K2,11.9347;0.7691;0.5915
D1Ba2Nd2,9.2951;1.1233;1.2618
D1Mo2Co2,10.3929;0.3258;0.1061
D1Ga2Nb2,13.1378;0.6503;0.423
D1N2Nb2,12.2908;0.3691;0.1363
D1N2Li2,10.3985;0.618;0.3819
D1B2Mg2,11.9909;0.8766;0.7684
D1C2Pd2,11.0043;0.6671;0.445
D1C2Mg2,12.4378;0.8981;0.8066
D1Mg2Li2,9.7746;0.9443;0.8917
Cs1Ba2K2,12.3666;0.8691;0.7552
Cs1K2N2,9.7104;0.625;0.3907
Cs1K2C2,9.3177;0.7162;0.5129
Cs1La2C2,9.5076;0.7526;0.5664
Cs1Mo2C2,10.5393;0.5621;0.316
Cs1S2C2,9.1879;0.8792;0.773
Cs1Ga2Nb2,12.5232;0.6734;0.4535
Cs1W2C2,9.7766;0.8165;0.6667
Cs1N2Nb2,13.5317;0.4793;0.2297
Cs1N2C2,16.0228;0.7118;0.5066
Cs1N2Li2,11.6805;0.8222;0.6761
Cs1N2Na2,10.2462;0.7294;0.5321
Cs1Nb2C2,10.1289;0.7939;0.6302
Cs1B2Mg2,11.0133;0.8378;0.7019
Cs1C2Pd2,12.4706;0.9024;0.8144
Cs1C2Hg2,13.4097;0.8136;0.662
Cs1C2Rb2,13.4661;1.1513;1.3256
Cs1C2Mg2,13.4541;0.9081;0.8246
Cs1C2Ta2,9.5762;0.8657;0.7495
Cs1C2H2,10.9713;0.8677;0.753
Cs1C2Br2,9.3557;0.7914;0.6263
Cs1Mg2Li2,9.4899;0.9067;0.8222
Tc1Ba2K2,11.7704;0.8218;0.6753
Tc1Ba2Nd2,8.7859;1.2145;1.475
Tc1Mo2Co2,10.5329;0.3116;0.0971
Tc1Ga2Nb2,13.1539;0.6234;0.3886
Tc1N2Nb2,12.2842;0.3644;0.1328
Tc1N2Li2,10.3655;0.5972;0.3566
Tc1B2Mg2,11.5105;0.8691;0.7554
Tc1C2Pd2,10.7471;0.6796;0.4619
Tc1C2Mg2,12.3896;0.9124;0.8325
Tc1Mg2Li2,9.8122;0.9163;0.8396
Pu1Ba2K2,11.9243;0.8248;0.6803
Pu1Ba2Nd2,9.1884;1.1295;1.2757
Pu1Mo2Co2,10.9152;0.3104;0.0963
Pu1Ga2Co2,9.7744;0.4449;0.1979
Pu1Ga2Nb2,11.3125;0.5896;0.3476
Pu1N2Nb2,12.1555;0.3586;0.1286
Pu1N2Li2,10.4521;0.5947;0.3537
Pu1B2Mg2,12.2073;0.7992;0.6388
Pu1C2Pd2,10.9655;0.6811;0.4639
Pu1C2Mg2,12.4207;0.892;0.7957
Pu1Mg2Li2,9.8896;0.9506;0.9036
Am1Ba2K2,11.7084;0.8175;0.6683
Am1Mo2Co2,10.5242;0.3132;0.0981
Am1Ga2Nb2,13.1607;0.6213;0.3861
Am1N2Nb2,12.2909;0.3695;0.1366
Am1N2Li2,10.3461;0.6025;0.363
Am1B2Mg2,11.2565;0.8584;0.7368
Am1C2Pd2,10.6944;0.6853;0.4696
Am1C2Mg2,12.3829;0.9112;0.8302
Am1Mg2Li2,9.7782;0.9203;0.8469
Cm1Ba2K2,11.7084;0.8175;0.6683
Cm1Mo2Co2,10.5242;0.3132;0.0981
Cm1Ga2Nb2,13.1607;0.6213;0.3861
Cm1N2Nb2,12.2909;0.3695;0.1366
Cm1N2Li2,10.3461;0.6025;0.363
Cm1B2Mg2,11.2565;0.8584;0.7368
Cm1C2Pd2,10.7062;0.6872;0.4722
Cm1C2Mg2,12.3829;0.9112;0.8302
Cm1Mg2Li2,9.7782;0.9203;0.8469
Po1Ba2K2,11.7084;0.8175;0.6683
Po1Mo2Co2,10.5242;0.3132;0.0981
Po1Ga2Nb2,13.1607;0.6213;0.3861
Po1N2Nb2,12.2909;0.3695;0.1366
Po1N2Li2,10.3461;0.6025;0.363
Po1B2Mg2,11.2565;0.8584;0.7368
Po1C2Pd2,10.7062;0.6872;0.4722
Po1C2Mg2,12.3829;0.9112;0.8302
Po1Mg2Li2,9.7782;0.9203;0.8469

1311 of 317985 appear to be promising

hp_tune_min_nc_normal:

{'ccp_alpha': 0.0, 'criterion': 'squared_error', 'max_depth': None, 'max_leaf_nodes': None, 'max_samples': None, 'min_impurity_decrease': 0.0, 'min_samples_leaf': 1, 'min_samples_split': 2, 'min_weight_fraction_leaf': 0.0, 'n_estimators': 200, 'n_jobs': None, 'oob_score': False, 'random_state': None, 'verbose': 0, 'warm_start': False, 'max_features': 'sqrt', 'bootstrap': False}

Ba1K2O2,9.3156;0.8846;0.7824
Ba1O2S2,9.3284;1.1814;1.3958
Ba1O2F2,9.4726;1.1573;1.3392
Ba1O2Cl2,12.5729;1.1244;1.2643
Ba1O2P2,9.7;1.1678;1.3639
Ba1S2F2,10.0648;1.1593;1.3439
Ba1F2Cl2,9.3593;1.0069;1.0139
Ba1F2P2,9.7775;1.1248;1.2652
Ba1Ga2N2,9.6858;0.5312;0.2822
K1Ba2O2,11.6006;0.8696;0.7562
K1O2Bi2,11.275;0.776;0.6021
K1O2Te2,10.3203;0.8024;0.6439
K1O2I2,11.3458;0.6911;0.4777
K1Sn2N2,9.7752;0.4813;0.2317
K1Ga2N2,9.7443;0.6112;0.3736
K1N2Pd2,9.5803;0.558;0.3114
K1N2Se2,9.9458;0.5679;0.3225
K1N2Sb2,9.5881;0.4424;0.1958
K1N2Te2,9.9872;0.4892;0.2393
K1N2I2,11.6267;0.6457;0.417
K1Mg2H2,11.9355;0.9512;0.9047
Fe1C2Mg2,9.3198;0.7356;0.541
Fe1Mg2H2,9.1797;0.8426;0.71
As1N2Nb2,11.5274;0.3691;0.1363
As1N2Mg2,9.9569;0.6399;0.4095
As1C2Mg2,9.5299;0.8333;0.6944
Ca1O2Li2,9.5892;0.7344;0.5394
Ca1N2I2,9.7079;0.514;0.2642
Ca1Mg2H2,10.4113;0.7881;0.6211
La1As2N2,9.9973;0.5364;0.2877
La1N2Ge2,9.5587;0.4685;0.2195
Cu1C2Mg2,9.4481;0.6634;0.4402
O1K2Bi2,9.8677;0.895;0.801
O1La2N2,9.7832;0.5786;0.3347
O1Tm2N2,10.1024;0.572;0.3272
O1Nd2N2,10.5075;0.5405;0.2921
O1Sr2N2,10.2172;0.4846;0.2348
O1N2Nb2,9.8173;0.3914;0.1532
O1N2Sm2,9.8986;0.5656;0.3199
O1N2Tb2,10.6576;0.6056;0.3668
O1N2Ce2,9.7597;0.5635;0.3176
O1N2Gd2,10.8852;0.5368;0.2881
O1N2Ho2,10.6129;0.5376;0.289
O1N2Eu2,10.619;0.5805;0.337
O1N2Pr2,10.3185;0.4968;0.2468
O1N2Mg2,11.0224;0.7789;0.6067
O1N2Er2,10.2314;0.6242;0.3896
O1N2Na2,10.1772;0.604;0.3648
O1N2H2,10.6942;0.6577;0.4325
O1N2Yb2,10.7903;0.5246;0.2752
O1N2Dy2,10.841;0.5861;0.3435
O1Be2Mg2,11.6987;0.6484;0.4204
O1B2Mg2,16.2954;0.8106;0.6571
O1B2Na2,10.3799;0.7262;0.5274
O1C2Mg2,13.6468;0.6607;0.4365
O1C2Na2,9.4536;0.6755;0.4563
O1Mg2Li2,10.8378;0.849;0.7208
O1Mg2H2,11.9795;0.8046;0.6473
O1Li2Si2,10.1586;0.5591;0.3126
O1Li2P2,9.5743;0.6296;0.3964
Ru1Mo2Tc2,10.3818;0.3238;0.1049
Tm1As2N2,9.3942;0.6141;0.3772
Tm1N2Ge2,9.62;0.5515;0.3042
Os1N2Mg2,9.3767;0.6391;0.4085
Sn1N2Nb2,9.8674;0.3687;0.1359
Sn1N2Mg2,10.0456;0.6523;0.4255
Nd1As2N2,9.9669;0.5991;0.3589
Nd1N2Ge2,9.9101;0.6098;0.3718
Bi1K2O2,9.8618;0.8689;0.7549
Bi1N2Mg2,10.795;0.5202;0.2706
Bi1N2Li2,9.7926;0.5281;0.2789
Bi1N2Sc2,9.4776;0.5901;0.3482
Pb1N2Mg2,9.7114;0.5376;0.289
S1N2Nb2,11.0446;0.4353;0.1894
S1N2C2,9.6891;0.6593;0.4347
S1N2Zr2,10.1293;0.4049;0.164
S1N2Mg2,11.3299;0.7306;0.5337
S1N2H2,10.5488;0.5794;0.3357
S1B2Mg2,12.8924;0.8835;0.7806
S1B2Li2,9.5661;0.598;0.3576
S1C2Mg2,11.1989;0.9799;0.9602
S1Mg2H2,11.7918;0.6416;0.4117
F1La2N2,9.977;0.5061;0.2562
F1Nd2N2,10.3273;0.5045;0.2545
F1Sr2N2,9.7951;0.5784;0.3346
F1N2Sm2,9.6587;0.565;0.3192
F1N2Tb2,10.1054;0.5451;0.2971
F1N2Ce2,9.5712;0.5531;0.3059
F1N2Gd2,10.6618;0.5422;0.2939
F1N2Ho2,9.5316;0.5254;0.2761
F1N2Eu2,10.2968;0.5703;0.3253
F1N2Pr2,10.1032;0.5206;0.271
F1N2Mg2,10.1889;0.6097;0.3717
F1N2Na2,9.3055;0.724;0.5241
F1N2H2,11.5068;0.6226;0.3876
F1N2Dy2,10.0512;0.5422;0.294
F1Be2Mg2,11.6639;0.6677;0.4459
F1B2Mg2,14.9936;0.7512;0.5644
F1B2Na2,10.9004;0.603;0.3636
F1C2Mg2,11.6057;0.6709;0.4501
F1Mg2Li2,11.2793;0.726;0.527
F1Mg2H2,11.687;0.6924;0.4795
V1O2Li2,9.578;0.4598;0.2114
V1Mg2H2,9.7387;0.9037;0.8167
Ga1N2Nb2,10.1753;0.4212;0.1774
Ga1N2Mg2,10.2025;0.7049;0.4969
Ga1C2Mg2,10.1902;0.7721;0.5961
Ga1Mg2H2,9.3226;0.7919;0.6271
Al1O2Li2,10.4704;0.7385;0.5454
Al1F2Li2,9.6495;0.7326;0.5366
Al1N2C2,10.5553;0.9102;0.8284
Al1N2Mg2,10.236;0.79;0.6241
Al1N2H2,10.9441;0.5109;0.261
Al1B2Mg2,9.298;0.8457;0.7152
Al1C2Mg2,10.6311;0.8131;0.6612
Al1C2H2,9.9666;0.5007;0.2507
Al1Mg2H2,11.7824;0.7876;0.6203
Sr1As2N2,9.6037;0.4952;0.2452
Sr1Pt2Ge2,10.2;0.0;0.0
Co1C2Mg2,9.4626;0.7432;0.5524
Co1Mg2H2,9.1445;0.8819;0.7777
N1Ca2Cl2,10.1831;0.4555;0.2075
N1O2Mg2,10.3712;0.8257;0.6817
N1O2H2,9.5106;0.6227;0.3877
N1S2Mg2,10.1671;0.7312;0.5346
N1S2Li2,10.3109;0.5755;0.3312
N1F2H2,10.5928;0.5981;0.3577
N1Sr2Cl2,9.8426;0.5783;0.3345
N1Be2Mg2,12.9605;0.7681;0.59
N1Nb2Cl2,10.9759;0.556;0.3092
N1Hf2Cl2,11.5229;0.7277;0.5295
N1Cl2Zr2,11.2578;0.5056;0.2557
N1Cl2Mg2,11.2568;0.6381;0.4071
N1Cl2Li2,11.0265;0.527;0.2778
N1Cl2Ta2,9.8803;0.6026;0.3632
N1Cl2Na2,10.3056;0.5481;0.3004
N1Cl2Yb2,9.555;0.6314;0.3986
N1Cl2Sc2,10.1838;0.5458;0.2979
N1B2Mg2,16.0639;0.9373;0.8786
N1B2H2,9.7904;0.7321;0.536
N1C2Mg2,13.083;0.6452;0.4163
N1C2H2,11.6025;0.7696;0.5923
N1Mg2Li2,11.3134;0.779;0.6069
N1Mg2P2,10.198;0.714;0.5098
N1Mg2H2,11.9229;0.8381;0.7024
N1Li2Si2,10.1547;0.6125;0.3751
N1Li2P2,10.251;0.662;0.4382
N1Li2Br2,9.6912;0.5104;0.2605
Be1O2Mg2,12.1363;0.732;0.5358
Be1O2Na2,9.5364;0.7253;0.526
Be1S2Li2,10.004;0.8023;0.6438
Be1F2Mg2,10.7215;0.7992;0.6387
Be1N2C2,10.8111;0.8747;0.7651
Be1N2Mg2,13.0091;0.7512;0.5644
Be1N2H2,9.5459;0.7102;0.5044
Be1B2Mg2,12.4055;0.6389;0.4082
Be1C2Mg2,14.2573;0.8113;0.6582
Be1Mg2H2,10.01;0.8202;0.6727
Y1N2In2,9.8274;0.4963;0.2463
Hf1N2Mg2,10.1313;0.7068;0.4995
Cl1Tm2N2,11.2242;0.561;0.3147
Cl1Nd2N2,9.9086;0.6152;0.3784
Cl1Sr2N2,9.569;0.4962;0.2463
Cl1N2Nb2,11.1509;0.4001;0.1601
Cl1N2Y2,9.871;0.5198;0.2702
Cl1N2Hf2,12.3486;0.7657;0.5863
Cl1N2Sm2,10.5234;0.6373;0.4061
Cl1N2Tb2,11.3713;0.6116;0.374
Cl1N2C2,9.5428;0.502;0.252
Cl1N2Gd2,11.0004;0.6282;0.3946
Cl1N2Zr2,11.8354;0.4306;0.1854
Cl1N2Ho2,11.1421;0.5619;0.3157
Cl1N2Eu2,9.4828;0.5918;0.3502
Cl1N2Pr2,9.4861;0.6033;0.364
Cl1N2Mg2,12.1774;0.8214;0.6748
Cl1N2Er2,11.2377;0.569;0.3238
Cl1N2H2,10.304;0.545;0.297
Cl1N2Yb2,10.6914;0.5838;0.3408
Cl1N2Lu2,10.6239;0.619;0.3832
Cl1N2Dy2,11.3599;0.6108;0.3731
Cl1N2Sc2,10.0537;0.4114;0.1693
Cl1B2Mg2,12.3791;0.8794;0.7733
Cl1B2Li2,10.1261;0.5887;0.3466
Cl1C2Mg2,11.4626;0.9459;0.8947
Cl1Mg2H2,11.4274;0.6549;0.4289
Sm1As2N2,9.8876;0.5524;0.3052
Sm1N2Ge2,9.7997;0.5173;0.2676
Ni1C2Mg2,9.8716;0.7747;0.6001
Ni1Mg2H2,9.4526;0.8746;0.7649
B1O2Mg2,10.1886;0.61;0.3721
B1O2Na2,10.0239;0.6127;0.3754
B1S2Li2,10.3823;0.5874;0.345
B1F2Mg2,10.6012;0.796;0.6336
B1N2C2,10.4341;0.7689;0.5912
B1N2Mg2,12.5269;0.7141;0.5099
B1N2H2,10.333;0.6556;0.4298
B1Be2Mg2,9.5329;0.6433;0.4138
B1Cl2Mg2,9.1747;0.8611;0.7416
B1Cl2Li2,9.414;0.6264;0.3923
B1C2Mg2,15.1205;0.7254;0.5262
B1Mg2H2,11.3301;0.8326;0.6932
B1Li2P2,11.1683;0.6706;0.4497
C1O2Mg2,10.9156;0.8294;0.6879
C1O2Na2,9.6524;0.6666;0.4443
C1S2Mg2,9.4917;0.7983;0.6372
C1F2Mg2,10.2511;0.7555;0.5708
C1N2Nb2,11.3574;0.4348;0.1891
C1N2B2,9.2904;0.7491;0.5612
C1N2Mg2,12.6883;0.5826;0.3394
C1N2H2,11.5612;0.6744;0.4548
C1Be2Mg2,14.1636;0.781;0.61
C1Cl2Mg2,9.4165;0.8206;0.6733
C1B2Mg2,20.5877;0.5974;0.3569
C1B2Na2,10.2477;0.718;0.5156
C1Mg2Li2,10.2787;0.8006;0.641
C1Mg2H2,11.8038;0.8174;0.6681
C1Li2Si2,9.4069;0.6533;0.4268
C1Li2P2,10.6986;0.7661;0.5869
Gd1As2N2,9.6516;0.6066;0.368
Gd1N2Ge2,9.7173;0.5269;0.2776
In1N2Mg2,9.8117;0.6631;0.4397
Pd1N2Mg2,9.52;0.7112;0.5058
Zr1Sn2N2,10.1762;0.4499;0.2024
Zr1N2Sb2,10.0978;0.4701;0.221
Mn1N2Mg2,9.449;0.8161;0.666
Mn1Mg2H2,9.7245;0.9307;0.8662
Ho1As2N2,9.4513;0.6004;0.3605
Ho1N2Ge2,9.5063;0.5414;0.2931
Se1N2Nb2,11.5155;0.4226;0.1786
Se1N2Zr2,10.5782;0.4289;0.184
Se1N2Mg2,10.8622;0.6983;0.4877
Se1C2Mg2,9.6897;0.8219;0.6755
Ti1O2Li2,10.4273;0.4359;0.19
Ti1F2Li2,9.9843;0.5581;0.3115
Ti1N2Mg2,9.6036;0.7847;0.6157
Ti1N2Sb2,9.7928;0.5936;0.3524
Ti1N2Li2,9.384;0.6803;0.4628
Ti1C2Li2,9.7368;0.7896;0.6234
Ti1Mg2H2,10.3791;0.9705;0.9419
Hg1N2Mg2,9.377;0.706;0.4984
Eu1As2N2,9.8655;0.5363;0.2876
Eu1Ga2N2,9.8942;0.5959;0.3551
Eu1N2Ge2,9.6412;0.485;0.2352
Rb1As2N2,9.7851;0.5501;0.3026
Rb1O2Sn2,9.5335;0.6999;0.4898
Rb1O2Se2,9.845;0.6296;0.3963
Rb1Ga2N2,9.9388;0.6679;0.446
Rb1N2Se2,9.8681;0.7014;0.492
Rb1N2I2,10.2956;0.5408;0.2925
Pr1As2N2,9.9562;0.5588;0.3122
Pr1N2Ge2,9.6205;0.524;0.2745
Mg1O2Be2,9.5499;0.7462;0.5569
Mg1O2B2,10.5058;0.841;0.7073
Mg1O2C2,10.6508;0.797;0.6352
Mg1O2Li2,11.278;0.7223;0.5218
Mg1Sn2N2,9.5401;0.4964;0.2464
Mg1F2Be2,10.2966;0.7289;0.5312
Mg1F2B2,10.7894;0.7638;0.5835
Mg1F2C2,9.9313;0.8175;0.6683
Mg1F2Li2,12.2471;0.6506;0.4233
Mg1F2H2,10.17;0.6963;0.4849
Mg1Al2H2,9.4427;0.7839;0.6146
Mg1N2Be2,9.8123;0.7065;0.4992
Mg1N2B2,10.8723;0.8421;0.7091
Mg1N2C2,11.8795;0.912;0.8318
Mg1N2Li2,10.1351;0.7068;0.4996
Mg1N2H2,11.5927;0.7179;0.5154
Mg1N2Te2,9.5145;0.5268;0.2776
Mg1Be2C2,10.8241;0.9088;0.8258
Mg1B2C2,11.2962;0.7384;0.5452
Mg1C2H2,10.9485;0.7006;0.4909
Mg1Si2H2,9.8899;0.7842;0.615
Sb1N2Nb2,9.9564;0.4135;0.171
Sb1N2Mg2,10.0539;0.632;0.3995
Au1N2Mg2,9.3128;0.705;0.4971
Zn1N2Nb2,9.8843;0.4135;0.171
Zn1N2Mg2,9.3201;0.6842;0.4681
Zn1C2Mg2,9.4467;0.7493;0.5614
Zn1Mg2H2,9.4122;0.8821;0.7781
Li1O2Mg2,13.3905;0.8444;0.713
Li1Sn2N2,9.5584;0.5382;0.2896
Li1Bi2N2,9.6363;0.6282;0.3947
Li1Pb2N2,9.687;0.5497;0.3021
Li1S2Be2,9.8204;0.6912;0.4777
Li1F2Mg2,13.0606;0.731;0.5344
Li1Al2B2,9.529;0.6909;0.4773
Li1N2Hf2,9.9162;0.6934;0.4808
Li1N2Mg2,13.7534;0.933;0.8704
Li1N2Sb2,9.8292;0.5335;0.2847
Li1N2Te2,9.9897;0.469;0.22
Li1N2I2,9.9282;0.5015;0.2515
Li1Be2P2,9.608;0.6063;0.3676
Li1B2Mg2,12.1461;0.9694;0.9398
Li1B2Si2,11.329;0.8746;0.7649
Li1C2Mg2,14.7568;0.6879;0.4732
Li1Mg2H2,9.6867;0.9233;0.8525
Si1N2Nb2,10.0492;0.3916;0.1533
Si1N2C2,11.2102;0.8116;0.6587
Si1N2Mg2,11.1835;0.7624;0.5813
Si1N2H2,11.5951;0.5032;0.2532
Si1B2Mg2,12.587;0.9616;0.9247
Si1C2Mg2,10.0897;0.7435;0.5528
Si1C2H2,10.6181;0.5524;0.3051
Si1Mg2H2,12.1662;0.8078;0.6525
P1N2Nb2,11.3482;0.3783;0.1431
P1N2Zr2,10.2277;0.4156;0.1727
P1N2Mg2,11.8133;0.7333;0.5377
P1N2H2,10.437;0.5954;0.3545
P1N2Yb2,9.6745;0.5423;0.2941
P1B2Mg2,12.702;0.903;0.8153
P1B2Li2,9.4303;0.6522;0.4254
P1C2Mg2,11.495;0.9592;0.92
P1Mg2H2,11.9945;0.8271;0.6841
Na1Sn2N2,9.6671;0.4594;0.2111
Na1F2Mg2,10.3965;0.7658;0.5865
Na1F2Li2,9.5106;0.6162;0.3797
Na1N2Mg2,9.3914;0.773;0.5976
Na1N2Sb2,9.5473;0.4534;0.2056
Na1N2H2,9.9665;0.4933;0.2434
Na1N2Te2,9.6531;0.4898;0.2399
Na1N2I2,10.0917;0.4703;0.2212
Na1Mg2H2,11.916;0.8522;0.7262
H1O2Mg2,12.2502;0.6687;0.4472
H1S2Mg2,9.842;0.9183;0.8433
H1F2N2,9.4926;0.7326;0.5367
H1F2Mg2,11.3807;0.5692;0.324
H1Al2N2,9.359;0.7012;0.4917
H1Al2Mg2,9.2961;0.8154;0.6649
H1N2B2,10.9453;0.7467;0.5575
H1N2C2,12.3197;0.7882;0.6213
H1N2Mg2,11.756;0.7341;0.539
H1Be2Mg2,10.4135;0.6243;0.3898
H1Cl2Mg2,10.4809;0.8332;0.6943
H1B2Mg2,13.0597;0.8268;0.6836
H1C2Mg2,12.6297;0.8446;0.7133
H1Mg2Li2,10.6253;0.861;0.7414
H1Mg2Si2,9.4051;0.8111;0.6578
H1Mg2P2,9.7195;0.9789;0.9583
H1Mg2Br2,9.4211;0.7165;0.5134
Pt1N2Mg2,9.7507;0.7264;0.5277
Ge1N2Nb2,10.5074;0.3478;0.1209
Ge1N2Mg2,9.8853;0.6779;0.4596
Te1N2Nb2,9.8647;0.4423;0.1956
Te1N2Mg2,10.4947;0.7208;0.5195
Ir1N2Mg2,9.3271;0.704;0.4956
Br1N2Nb2,11.0321;0.418;0.1748
Br1N2Y2,10.0467;0.5491;0.3015
Br1N2Hf2,10.0159;0.6168;0.3804
Br1N2Zr2,12.4991;0.4108;0.1688
Br1N2Mg2,11.6184;0.7264;0.5277
Br1N2Sc2,11.2244;0.466;0.2171
Br1C2Mg2,9.6853;0.8442;0.7127
Br1Mg2H2,9.1662;0.8807;0.7756
I1N2Nb2,11.1866;0.5016;0.2516
I1N2Zr2,11.3923;0.4983;0.2483
I1N2Ti2,10.5929;0.4625;0.2139
I1N2Mg2,11.8028;0.6971;0.486
I1N2Sc2,10.8252;0.4574;0.2092
Dy1As2N2,9.4802;0.6195;0.3838
Dy1N2Ge2,9.5124;0.5344;0.2856
Sc1Sn2N2,10.2888;0.4607;0.2123
Sc1N2In2,10.0412;0.5166;0.2669
Sc1N2Sb2,10.3716;0.5218;0.2723
Sc1Mg2H2,10.6725;0.8711;0.7589
Cs1As2N2,9.6248;0.5559;0.3091
Cs1O2Ga2,9.5788;0.7095;0.5034
Cs1Ga2N2,9.655;0.6518;0.4249
Tc1N2Nb2,9.8352;0.3347;0.112
Po1N2Mg2,9.5778;0.5951;0.3541

369 of 285852 appear to be promising

hp_tune_sug_nc_normal:

{'ccp_alpha': 0.0, 'criterion': 'squared_error', 'max_depth': None, 'max_leaf_nodes': None, 'max_samples': None, 'min_impurity_decrease': 0.0, 'min_samples_leaf': 1, 'min_samples_split': 2, 'min_weight_fraction_leaf': 0.0, 'n_estimators': 200, 'n_jobs': None, 'oob_score': False, 'random_state': None, 'verbose': 0, 'warm_start': False, 'max_features': 'sqrt', 'bootstrap': False}

Ba1K2O2,11.7338;1.0287;1.0583
Ba1K2F2,10.6052;0.9204;0.8471
Ba1As2N2,9.4838;0.6483;0.4202
Ba1O2S2,12.6565;1.1622;1.3507
Ba1O2F2,10.0658;1.0515;1.1056
Ba1O2Sr2,9.437;0.8504;0.7232
Ba1O2Cl2,12.1058;1.1506;1.3238
Ba1O2Rb2,10.0927;0.9541;0.9103
Ba1O2P2,13.6793;1.3541;1.8335
Ba1S2F2,12.5652;0.9943;0.9887
Ba1S2N2,9.9053;1.0356;1.0724
Ba1F2Cl2,9.9853;1.0318;1.0647
Ba1F2P2,12.1683;0.946;0.8949
Ba1N2Cl2,9.2688;0.8579;0.736
Ba1N2P2,9.8473;1.0797;1.1657
Ba1Cl2H2,9.4456;0.669;0.4476
K1Ba2O2,11.4999;0.9744;0.9495
K1Ba2F2,9.2373;0.8324;0.6929
K1As2N2,9.4921;0.5459;0.298
K1O2Bi2,9.9022;0.7065;0.4991
K1O2Te2,9.7307;0.7236;0.5236
K1O2I2,9.6949;0.6993;0.489
K1N2Te2,10.0113;0.6832;0.4667
K1N2I2,10.819;0.6262;0.3921
K1Mg2H2,11.0486;0.8952;0.8014
As1N2Nb2,10.8042;0.4018;0.1614
Ca1Mg2H2,9.669;0.7953;0.6325
La1Ba2O2,10.7141;0.9247;0.8551
La1As2N2,9.5006;0.5056;0.2556
Cu1Pd2H2,11.339;0.4758;0.2264
Cu1Rh2H2,9.6168;0.6027;0.3633
O1Ba2N2,9.6741;0.7234;0.5233
O1K2Bi2,11.0989;0.8927;0.797
O1K2F2,9.4143;0.6875;0.4727
O1K2N2,9.7363;0.607;0.3684
O1Tm2N2,10.076;0.7225;0.522
O1F2Rb2,10.0263;0.8999;0.8099
O1N2Nb2,10.8138;0.2805;0.0787
O1N2Hf2,12.0607;0.6284;0.3949
O1N2Tb2,9.6625;0.7269;0.5284
O1N2Gd2,9.5837;0.7091;0.5028
O1N2Ho2,10.3365;0.7469;0.5578
O1N2Eu2,9.9383;0.7661;0.587
O1N2Mg2,10.8047;0.7258;0.5268
O1N2Er2,10.2871;0.7125;0.5076
O1N2Yb2,9.5146;0.5958;0.355
O1N2Dy2,9.6482;0.7073;0.5003
O1Be2Mg2,9.4978;0.7493;0.5615
O1B2Mg2,13.4749;0.7255;0.5264
O1B2Na2,10.3077;0.7758;0.6018
O1Mg2Li2,10.9612;0.7947;0.6316
O1Mg2H2,10.2349;0.8971;0.8049
O1Li2Si2,10.0825;0.602;0.3624
Ru1Mo2Tc2,10.846;0.2923;0.0855
Os1O2Cs2,9.307;0.7856;0.6171
Nd1Ba2O2,10.4108;0.9321;0.8688
Bi1K2O2,10.558;0.913;0.8336
Bi1K2F2,9.9842;0.6701;0.449
S1Tm2N2,9.6307;0.7287;0.531
S1N2Nb2,12.2032;0.3299;0.1088
S1N2Hf2,12.5669;0.6253;0.391
S1N2Ho2,9.2802;0.7284;0.5306
S1N2Er2,9.7685;0.7188;0.5167
S1N2Ta2,9.5365;0.5176;0.2679
S1B2Mg2,12.39;0.7773;0.6042
S1Mg2H2,9.9774;0.8667;0.7512
F1Ba2O2,9.3243;0.7633;0.5826
F1Ba2N2,9.7769;0.8983;0.807
F1Ba2H2,9.001;1.1084;1.2285
F1K2O2,9.898;0.6675;0.4456
F1K2N2,9.4758;0.6516;0.4246
F1O2Rb2,10.0993;0.8247;0.6802
F1Al2Li2,9.6802;0.5187;0.2691
F1Sr2N2,9.288;0.7127;0.508
F1N2Hf2,11.2436;0.6397;0.4092
F1N2Gd2,9.5103;0.6965;0.4851
F1N2Ho2,9.372;0.6845;0.4686
F1N2Eu2,9.7582;0.8286;0.6866
F1N2Mg2,9.8487;0.6724;0.4521
F1N2H2,10.4384;0.5272;0.2779
F1B2Mg2,14.3149;0.7967;0.6347
F1B2Na2,10.2402;0.7806;0.6093
F1Mg2Li2,10.4461;0.6965;0.4851
F1Mg2H2,10.6132;0.855;0.731
Al1B2Mg2,12.5626;0.8588;0.7375
Al1B2Li2,9.6932;0.7881;0.6211
Al1Mg2H2,9.6809;0.7381;0.5447
Sr1Ba2O2,10.0239;0.8348;0.6969
Re1O2Cs2,9.6638;0.7932;0.6292
N1Ba2Cl2,10.5743;0.5275;0.2783
N1K2O2,10.1472;0.6532;0.4267
N1K2F2,9.6382;0.622;0.3868
N1K2Cl2,9.9048;0.5485;0.3008
N1Ca2Cl2,11.4592;0.4432;0.1964
N1La2Cl2,9.9677;0.6064;0.3677
N1O2Rb2,9.7428;0.6701;0.4491
N1O2Mg2,10.0578;0.6296;0.3964
N1Tm2Cl2,11.67;0.577;0.3329
N1Nd2Cl2,10.3059;0.5913;0.3496
N1F2Rb2,9.947;0.6572;0.4319
N1F2Mg2,9.7654;0.6862;0.4708
N1V2Cl2,10.4574;0.5158;0.266
N1Sr2Cl2,11.2334;0.4862;0.2364
N1Re2Cl2,9.6755;0.6374;0.4063
N1W2Cl2,9.5162;0.6024;0.3629
N1Be2Mg2,10.4317;0.6833;0.467
N1Nb2Cl2,12.1751;0.5623;0.3162
N1Y2Cl2,11.1561;0.4465;0.1993
N1Hf2Cl2,16.3251;0.4811;0.2314
N1Cl2Sm2,10.2265;0.5454;0.2975
N1Cl2Tb2,10.9041;0.5582;0.3116
N1Cl2Ce2,9.4532;0.6287;0.3953
N1Cl2Gd2,10.8979;0.563;0.317
N1Cl2Zr2,13.1967;0.5004;0.2504
N1Cl2Ho2,11.547;0.545;0.297
N1Cl2Eu2,10.6741;0.6647;0.4418
N1Cl2Rb2,10.127;0.6211;0.3857
N1Cl2Pr2,10.3064;0.5783;0.3344
N1Cl2Mg2,10.5615;0.6425;0.4128
N1Cl2Er2,11.8794;0.581;0.3376
N1Cl2Li2,10.2823;0.5261;0.2768
N1Cl2Ta2,12.4004;0.6435;0.4141
N1Cl2Na2,10.9871;0.5276;0.2784
N1Cl2Yb2,11.254;0.6303;0.3973
N1Cl2Lu2,11.1263;0.599;0.3587
N1Cl2Dy2,10.8724;0.5442;0.2962
N1Cl2Sc2,11.699;0.4611;0.2126
N1Cl2Cs2,9.587;0.5619;0.3157
N1Cl2Tc2,9.6092;0.6174;0.3812
N1B2Mg2,13.1036;1.0121;1.0243
N1Mg2Li2,11.1241;0.7739;0.599
N1Mg2H2,9.6354;0.754;0.5685
N1Li2Si2,9.5515;0.6289;0.3955
N1Li2Br2,10.2959;0.6111;0.3735
N1Li2I2,10.042;0.5982;0.3578
Be1O2Mg2,9.6072;0.7047;0.4966
Be1S2Li2,9.6493;0.6243;0.3898
Be1F2Mg2,10.1924;0.8009;0.6414
Be1N2Mg2,9.5371;0.7975;0.636
Be1Cl2Li2,9.5606;0.5886;0.3464
Be1B2Mg2,12.853;0.7225;0.5219
Nb1N2Te2,9.3064;0.6988;0.4883
Y1Ba2O2,10.0893;0.8389;0.7038
Y1N2Sb2,9.5045;0.6562;0.4306
Y1N2Te2,9.4597;0.7717;0.5956
Hf1O2Cs2,9.4887;0.7378;0.5444
Hf1Sn2N2,10.5478;0.7317;0.5355
Hf1N2In2,9.7488;0.7456;0.5559
Hf1N2Sb2,10.9591;0.5758;0.3316
Hf1N2Te2,10.7042;0.6863;0.4711
Hf1N2I2,9.7442;0.6208;0.3853
Cl1Ba2N2,9.7223;0.5884;0.3463
Cl1K2O2,10.3823;0.6824;0.4657
Cl1Ca2N2,10.3868;0.5182;0.2685
Cl1La2N2,10.4665;0.608;0.3697
Cl1O2Rb2,9.5974;0.7902;0.6245
Cl1Mo2N2,9.7728;0.4536;0.2058
Cl1Tm2N2,13.5446;0.6279;0.3942
Cl1Nd2N2,11.7756;0.632;0.3995
Cl1Sr2N2,10.8868;0.5534;0.3063
Cl1Re2N2,9.5585;0.4933;0.2434
Cl1W2N2,9.9165;0.5679;0.3225
Cl1N2Nb2,13.7122;0.3776;0.1426
Cl1N2Y2,11.8801;0.47;0.2209
Cl1N2Hf2,19.1766;0.4893;0.2394
Cl1N2Sm2,12.3192;0.6483;0.4203
Cl1N2Tb2,12.8884;0.6012;0.3614
Cl1N2Ce2,10.4323;0.6414;0.4114
Cl1N2Gd2,12.7922;0.5926;0.3511
Cl1N2Zr2,13.6397;0.4536;0.2058
Cl1N2Ho2,13.4919;0.6119;0.3745
Cl1N2Eu2,11.3597;0.7407;0.5487
Cl1N2Pr2,10.9385;0.6423;0.4126
Cl1N2Mg2,10.5428;0.6338;0.4017
Cl1N2Er2,13.8072;0.6222;0.3872
Cl1N2Ta2,12.8475;0.5565;0.3097
Cl1N2H2,9.8083;0.5347;0.2859
Cl1N2Yb2,12.0193;0.6287;0.3953
Cl1N2Lu2,13.1021;0.6865;0.4713
Cl1N2Dy2,12.8526;0.6429;0.4134
Cl1N2Sc2,11.4715;0.4375;0.1914
Cl1B2Mg2,11.7436;0.7524;0.5661
Cl1B2Li2,10.0204;0.8524;0.7266
Cl1Mg2H2,10.5161;0.7415;0.5498
Sm1Ba2O2,9.8284;0.7875;0.6202
Ce1Ba2O2,9.1849;0.8304;0.6896
B1O2Mg2,10.4944;0.7026;0.4937
B1S2Li2,9.5615;0.7284;0.5305
B1F2Mg2,10.5019;0.6838;0.4676
B1N2Mg2,11.5034;0.7984;0.6375
B1Be2Si2,9.5301;0.7005;0.4907
B1Cl2Li2,9.4401;0.5863;0.3437
B1Mg2H2,9.8607;0.8725;0.7613
B1Li2Si2,10.4124;0.8279;0.6853
B1Li2P2,10.1607;0.654;0.4277
Gd1Ba2O2,9.7211;0.804;0.6464
Pd1Cu2H2,11.5844;0.479;0.2295
Zr1N2Sb2,9.6576;0.5939;0.3527
Se1N2Nb2,11.6443;0.4397;0.1933
Se1N2Hf2,11.3541;0.6917;0.4785
Se1N2Ta2,9.7974;0.5209;0.2713
Ti1Mg2H2,9.2653;0.8402;0.7059
Eu1Ba2O2,10.2596;0.8573;0.735
Rb1Ba2O2,9.1507;0.8551;0.7313
Rb1As2N2,9.6483;0.5561;0.3093
Rb1O2S2,9.1588;0.9971;0.9942
Rb1O2Se2,9.4951;0.6521;0.4253
Rb1N2Te2,9.3526;0.7318;0.5355
Rb1N2I2,9.9083;0.7462;0.5568
Pr1Ba2O2,10.1374;0.8872;0.7871
Mg1O2Li2,9.488;0.6046;0.3655
Mg1F2N2,9.7988;0.6548;0.4288
Mg1F2Li2,10.0224;0.7247;0.5252
Mg1F2H2,9.3588;0.8571;0.7347
Mg1Al2B2,10.0798;0.8043;0.6469
Mg1N2B2,10.0466;0.8352;0.6975
Mg1B2Si2,10.2267;0.7886;0.6218
Mg1Li2Na2,9.9297;0.3984;0.1587
Mg1Si2H2,9.3737;0.824;0.6789
Rh1Cu2H2,9.5195;0.5396;0.2912
Au1Cu2H2,11.1339;0.5572;0.3105
Li1O2Mg2,11.1515;0.7925;0.628
Li1F2Mg2,12.2186;0.9472;0.8971
Li1N2Mg2,11.415;0.9118;0.8315
Li1B2Mg2,12.7475;0.8704;0.7576
Li1B2Si2,11.3672;0.9634;0.9282
Si1N2Mg2,9.8121;0.6869;0.4718
Si1N2H2,10.0082;0.4612;0.2127
Si1B2Mg2,16.4604;1.0722;1.1495
Si1B2Li2,9.7671;0.8333;0.6944
Si1B2Na2,9.589;0.7774;0.6044
Si1Mg2H2,10.7903;0.7792;0.6071
P1K2O2,9.6311;0.5699;0.3248
P1N2Nb2,11.6464;0.3565;0.1271
P1N2Hf2,11.1421;0.6655;0.4428
P1N2Ta2,9.5936;0.6217;0.3866
P1B2Mg2,13.8721;0.9385;0.8808
P1B2Li2,9.289;0.8311;0.6907
P1Mg2H2,10.1231;0.7644;0.5844
Ta1O2Cs2,9.5439;0.7497;0.5621
Na1N2Mg2,9.6281;0.9164;0.8399
Na1B2Mg2,11.0599;1.0021;1.0042
Na1Mg2H2,10.286;0.8222;0.676
H1Ba2F2,9.2857;0.8702;0.7573
H1O2Mg2,10.4612;0.8289;0.6871
H1F2Mg2,10.6885;0.8;0.64
H1Al2Mg2,9.2853;0.7705;0.5937
H1Sr2Cl2,9.5143;0.613;0.3758
H1N2Mg2,9.6421;0.7466;0.5574
H1Hf2Cl2,11.3525;0.5644;0.3185
H1Cl2Mg2,9.4752;0.6781;0.4598
H1B2Mg2,12.3035;0.9456;0.8941
H1Mg2Li2,11.0379;0.745;0.555
H1Mg2Si2,9.3849;0.8079;0.6527
Pt1Cu2H2,10.9362;0.5043;0.2543
Te1N2Nb2,9.6122;0.5254;0.2761
Ir1Cu2H2,9.7048;0.5397;0.2913
Yb1Ba2O2,9.3934;0.7436;0.553
Ag1Pd2H2,9.6681;0.4495;0.202
Br1K2O2,9.3867;0.7316;0.5352
Br1Tm2N2,10.9632;0.6179;0.3818
Br1N2Nb2,11.5346;0.3942;0.1554
Br1N2Y2,10.6655;0.651;0.4238
Br1N2Hf2,14.2214;0.5798;0.3362
Br1N2Zr2,12.1202;0.5232;0.2737
Br1N2Ho2,10.7014;0.5455;0.2975
Br1N2Er2,11.0098;0.6208;0.3854
Br1N2Ta2,9.8748;0.5451;0.2971
Br1N2Lu2,10.1549;0.575;0.3306
Br1N2Dy2,9.8972;0.5656;0.3199
Br1N2Sc2,10.763;0.4986;0.2486
I1V2N2,9.4914;0.5863;0.3438
I1N2Nb2,11.8501;0.6176;0.3815
I1N2Hf2,12.2896;0.7446;0.5545
I1N2Zr2,10.7491;0.5955;0.3546
I1N2Ti2,10.2761;0.4916;0.2417
I1N2Mg2,9.5299;0.6371;0.4058
I1N2Ta2,10.0617;0.6262;0.3922
I1N2Sc2,10.3035;0.5002;0.2502
I1N2Tc2,9.3514;0.6588;0.4341
Sc1N2Sb2,9.8119;0.5168;0.267
Sc1N2Te2,9.6019;0.7231;0.5228
Sc1Mg2H2,9.2343;0.8824;0.7787
Cs1Ba2O2,9.217;0.853;0.7277
Cs1O2Nd2,9.1862;0.8479;0.7189
Cs1O2Y2,9.496;0.7642;0.584
Cs1O2Sm2,9.4764;0.7333;0.5377
Cs1O2Tb2,9.7032;0.7786;0.6063
Cs1O2Gd2,9.7888;0.7428;0.5517
Cs1O2Ho2,9.577;0.7834;0.6137
Cs1O2Dy2,9.4371;0.7738;0.5988

291 of 219450 appear to be promising

