hp_tune_blank_nc_normal:

{'ccp_alpha': 0.0, 'criterion': 'squared_error', 'max_depth': None, 'max_leaf_nodes': None, 'max_samples': None, 'min_impurity_decrease': 0.0, 'min_samples_leaf': 1, 'min_samples_split': 2, 'min_weight_fraction_leaf': 0.0, 'n_estimators': 200, 'n_jobs': None, 'oob_score': False, 'random_state': None, 'verbose': 0, 'warm_start': False, 'max_features': 'sqrt', 'bootstrap': False}

Ba1K3As3,10.0994;0.7417;0.5501
Ba1K3Ca3,10.4137;0.6938;0.4814
Ba1K3La3,10.3916;0.6592;0.4346
Ba1K3Cu3,10.3085;0.7517;0.5651
Ba1K3O3,14.8254;0.7157;0.5123
Ba1K3Ru3,9.974;0.7483;0.5599
Ba1K3Tm3,10.7408;0.7582;0.5748
Ba1K3Os3,10.1442;0.7668;0.5879
Ba1K3Sn3,9.9848;0.7641;0.5839
Ba1K3Nd3,11.9176;0.8935;0.7984
Ba1K3Bi3,13.9298;0.7034;0.4948
Ba1K3Pb3,11.877;0.7709;0.5942
Ba1K3F3,10.9707;0.7278;0.5297
Ba1K3V3,10.3925;0.7284;0.5306
Ba1K3Sr3,11.7078;0.7631;0.5823
Ba1K3Co3,9.3025;0.7031;0.4943
Ba1K3Re3,10.1447;0.779;0.6068
Ba1K3W3,10.1939;0.7557;0.5711
Ba1K3N3,11.9561;0.637;0.4057
Ba1K3Be3,10.6218;0.7082;0.5016
Ba1K3Tl3,10.6054;0.7878;0.6206
Ba1K3Y3,9.5434;0.8029;0.6447
Ba1K3Hf3,10.8837;0.8152;0.6645
Ba1K3Cl3,11.9824;0.6175;0.3813
Ba1K3Sm3,10.8035;0.7493;0.5615
Ba1K3Tb3,10.5402;0.7298;0.5326
Ba1K3B3,10.5978;0.7441;0.5536
Ba1K3Gd3,10.5949;0.7654;0.5859
Ba1K3In3,10.2813;0.7107;0.5051
Ba1K3Zr3,10.9723;0.7023;0.4933
Ba1K3Mn3,10.6253;0.7588;0.5757
Ba1K3Ho3,10.5241;0.7646;0.5846
Ba1K3Se3,10.161;0.734;0.5387
Ba1K3Ti3,9.6727;0.6216;0.3864
Ba1K3Hg3,9.4985;0.7236;0.5236
Ba1K3Eu3,10.7604;0.7552;0.5703
Ba1K3Rb3,12.9828;0.9401;0.8838
Ba1K3Er3,10.7104;0.7494;0.5616
Ba1K3Rh3,9.8477;0.7671;0.5885
Ba1K3Au3,9.5267;0.7635;0.5829
Ba1K3Zn3,10.345;0.7654;0.5859
Ba1K3Li3,9.4627;0.7462;0.5568
Ba1K3Np3,10.7715;0.7548;0.5697
Ba1K3Si3,9.4034;0.7202;0.5188
Ba1K3P3,9.9836;0.7699;0.5927
Ba1K3Ta3,10.0774;0.7344;0.5393
Ba1K3Na3,9.7111;0.7724;0.5966
Ba1K3H3,11.7022;0.704;0.4956
Ba1K3Pt3,9.7945;0.6885;0.4741
Ba1K3Pa3,10.7664;0.7551;0.5701
Ba1K3Ir3,9.3854;0.8191;0.6709
Ba1K3Yb3,10.7244;0.7551;0.5702
Ba1K3T3,10.5854;0.73;0.533
Ba1K3Th3,10.56;0.7252;0.5258
Ba1K3Lu3,10.566;0.7796;0.6077
Ba1K3Ag3,9.7652;0.7409;0.549
Ba1K3Cd3,10.7074;0.7526;0.5665
Ba1K3Br3,11.9008;0.7056;0.4979
Ba1K3I3,10.6205;0.7717;0.5955
Ba1K3Dy3,10.6427;0.7621;0.5809
Ba1K3Sc3,10.7787;0.7473;0.5585
Ba1K3Cr3,10.902;0.7167;0.5137
Ba1K3D3,11.0858;0.7741;0.5992
Ba1K3Cs3,11.9418;0.7602;0.5778
Ba1K3Tc3,10.9869;0.7502;0.5628
Ba1K3Pu3,10.7386;0.7587;0.5756
Ba1K3Am3,10.7599;0.7543;0.5689
Ba1K3Cm3,10.7599;0.7543;0.5689
Ba1K3Po3,10.7599;0.7543;0.5689
Ba1Mo3C3,10.488;0.365;0.1332
Ba1Nd3Sr3,10.0279;0.8989;0.808
Ba1Bi3Rb3,11.2048;0.8375;0.7013
Ba1N3Cl3,13.7039;0.3877;0.1503
Ba1N3Li3,9.8842;0.6103;0.3724
Ba1B3Mg3,14.3706;0.9456;0.8942
Ba1C3Mg3,10.0759;0.8031;0.645
K1Ba3Fe3,10.3632;0.7061;0.4986
K1Ba3As3,11.6239;0.6586;0.4338
K1Ba3Ca3,12.4378;0.628;0.3944
K1Ba3La3,12.0985;0.6639;0.4407
K1Ba3Cu3,12.0595;0.6674;0.4455
K1Ba3O3,15.4696;0.6617;0.4379
K1Ba3Mo3,9.8573;0.6824;0.4657
K1Ba3Ru3,11.7612;0.6494;0.4217
K1Ba3Tm3,12.7316;0.6441;0.4149
K1Ba3Os3,11.9766;0.693;0.4802
K1Ba3Sn3,11.7949;0.6698;0.4486
K1Ba3Nd3,13.7877;0.69;0.4761
K1Ba3Bi3,16.4363;0.6821;0.4652
K1Ba3Pb3,14.197;0.6612;0.4372
K1Ba3S3,10.5782;0.708;0.5013
K1Ba3F3,12.7855;0.6098;0.3718
K1Ba3V3,12.043;0.6545;0.4283
K1Ba3Ga3,9.8202;0.6271;0.3933
K1Ba3Al3,9.5071;0.6413;0.4112
K1Ba3Sr3,13.3153;0.7277;0.5296
K1Ba3Co3,10.8499;0.6467;0.4182
K1Ba3Re3,11.7381;0.6974;0.4864
K1Ba3W3,11.7705;0.7151;0.5113
K1Ba3N3,12.8554;0.6205;0.385
K1Ba3Be3,12.5853;0.6219;0.3867
K1Ba3Nb3,10.064;0.579;0.3352
K1Ba3Tl3,12.3036;0.665;0.4422
K1Ba3Y3,11.4318;0.6791;0.4611
K1Ba3Hf3,12.7771;0.6944;0.4822
K1Ba3Cl3,13.2926;0.4833;0.2336
K1Ba3Sm3,12.7759;0.6449;0.4159
K1Ba3Ni3,10.8986;0.6829;0.4664
K1Ba3Tb3,12.4521;0.6301;0.397
K1Ba3B3,12.4083;0.594;0.3528
K1Ba3Gd3,12.5072;0.6453;0.4164
K1Ba3In3,11.941;0.7165;0.5134
K1Ba3Pd3,10.8462;0.651;0.4238
K1Ba3Zr3,12.5355;0.6574;0.4322
K1Ba3Mn3,12.5508;0.6377;0.4066
K1Ba3Ho3,12.4142;0.6578;0.4326
K1Ba3Se3,11.8282;0.675;0.4556
K1Ba3Ti3,11.5405;0.6277;0.394
K1Ba3Hg3,11.2488;0.6546;0.4285
K1Ba3Eu3,12.7683;0.6446;0.4155
K1Ba3Rb3,14.3881;0.7041;0.4958
K1Ba3Pr3,10.2388;0.6247;0.3902
K1Ba3Sb3,10.1204;0.5743;0.3298
K1Ba3Er3,12.6556;0.6506;0.4233
K1Ba3Rh3,12.0795;0.5564;0.3096
K1Ba3Au3,10.8489;0.6453;0.4165
K1Ba3Zn3,12.1239;0.6426;0.4129
K1Ba3Li3,10.8374;0.6827;0.4661
K1Ba3Np3,12.7865;0.646;0.4173
K1Ba3Si3,11.2259;0.6487;0.4208
K1Ba3P3,11.8791;0.7028;0.4939
K1Ba3Ta3,11.5823;0.7041;0.4958
K1Ba3Na3,11.4658;0.6615;0.4375
K1Ba3H3,13.1026;0.5913;0.3496
K1Ba3Pt3,11.1736;0.6482;0.4201
K1Ba3Ge3,11.0016;0.758;0.5745
K1Ba3Pa3,12.7867;0.6465;0.418
K1Ba3Te3,9.7846;0.7268;0.5283
K1Ba3Ir3,10.8335;0.769;0.5913
K1Ba3Yb3,12.6793;0.6427;0.4131
K1Ba3T3,12.5899;0.642;0.4121
K1Ba3U3,9.6092;0.556;0.3092
K1Ba3Th3,12.4384;0.6127;0.3754
K1Ba3Lu3,12.4518;0.651;0.4238
K1Ba3Ag3,11.5086;0.6489;0.4211
K1Ba3Cd3,12.6428;0.6459;0.4172
K1Ba3Br3,13.5382;0.5948;0.3538
K1Ba3I3,12.555;0.6624;0.4388
K1Ba3Dy3,12.5616;0.6523;0.4255
K1Ba3Sc3,12.6942;0.6518;0.4248
K1Ba3Cr3,12.3581;0.6151;0.3783
K1Ba3D3,12.9597;0.625;0.3907
K1Ba3Cs3,13.5377;0.6714;0.4508
K1Ba3Tc3,12.9341;0.6425;0.4128
K1Ba3Pu3,12.6295;0.6375;0.4064
K1Ba3Am3,12.7843;0.646;0.4174
K1Ba3Cm3,12.7844;0.6461;0.4174
K1Ba3Po3,12.7844;0.6461;0.4174
K1N3Nb3,9.6504;0.4335;0.1879
K1N3Cl3,13.8934;0.2951;0.0871
K1N3Li3,10.6034;0.4789;0.2294
K1N3Br3,10.3924;0.4864;0.2365
K1N3Cs3,10.4049;0.6968;0.4855
K1B3Mg3,11.4793;0.9805;0.9613
Fe1Ba3K3,11.0107;0.7024;0.4933
Fe1Ca3Li3,10.759;0.2838;0.0806
Fe1Mo3C3,10.3523;0.3343;0.1117
Fe1N3Nb3,9.7651;0.3482;0.1212
Fe1N3Cl3,12.257;0.4039;0.1631
Fe1N3Li3,10.1381;0.6067;0.3681
Fe1B3Mg3,15.1765;0.9535;0.9092
Fe1C3Mg3,10.4395;0.8201;0.6726
Fe1Mg3Li3,10.1328;0.8793;0.7732
As1Ba3K3,11.0037;0.6452;0.4162
As1Ca3Li3,10.6881;0.3382;0.1144
As1Mo3C3,11.7487;0.1816;0.033
As1N3Nb3,10.0187;0.3927;0.1542
As1N3Cl3,12.5171;0.4108;0.1688
As1N3Li3,10.2223;0.5611;0.3149
As1B3Mg3,15.1825;0.9291;0.8631
As1C3Mg3,10.8093;0.7498;0.5623
As1Mg3Li3,9.8211;0.8996;0.8093
Ca1Ba3K3,11.624;0.6104;0.3726
Ca1Mo3C3,12.074;0.1663;0.0277
Ca1N3Nb3,10.0631;0.3697;0.1367
Ca1N3Cl3,12.6209;0.3992;0.1594
Ca1N3Li3,10.3871;0.5645;0.3186
Ca1B3Mg3,15.4479;0.9058;0.8206
Ca1C3Mg3,11.9962;0.7251;0.5257
Ca1Mg3Li3,9.8898;0.8926;0.7967
La1Ba3K3,11.1201;0.6706;0.4497
La1Ca3Li3,10.7823;0.3119;0.0973
La1Mo3C3,11.7113;0.1559;0.0243
La1N3Cl3,11.5078;0.4843;0.2345
La1B3Mg3,14.9641;0.9339;0.8722
La1C3Mg3,10.9593;0.788;0.6209
La1Mg3Li3,9.7203;0.847;0.7173
Cu1Ba3K3,11.5522;0.695;0.4831
Cu1Ca3Li3,11.0414;0.3035;0.0921
Cu1Mo3C3,11.6731;0.1661;0.0276
Cu1N3Nb3,9.9903;0.3688;0.136
Cu1N3Cl3,12.5089;0.4251;0.1807
Cu1N3Li3,10.2548;0.6164;0.3799
Cu1B3Mg3,16.2597;0.8572;0.7347
Cu1C3Mg3,11.2263;0.8217;0.6752
Cu1Pd3H3,13.0167;0.3455;0.1194
Cu1Mg3Li3,10.2067;0.9287;0.8625
O1Ba3K3,11.8858;0.7094;0.5033
O1Ca3Li3,11.1576;0.274;0.0751
O1Mo3C3,11.4405;0.1891;0.0358
O1N3Nb3,11.4872;0.2511;0.063
O1N3Cl3,12.5774;0.3871;0.1499
O1N3Li3,10.6732;0.4917;0.2418
O1B3Mg3,15.245;0.882;0.7779
O1C3Mg3,10.9179;0.8;0.64
O1Mg3Li3,9.8061;0.836;0.6989
Mo1Ba3K3,11.086;0.645;0.416
Mo1N3Nb3,9.6625;0.3625;0.1314
Mo1N3Cl3,12.3098;0.4038;0.1631
Mo1N3C3,9.8406;0.3502;0.1227
Mo1N3Li3,9.6573;0.5943;0.3532
Mo1Nb3C3,11.618;0.2729;0.0745
Mo1B3Mg3,15.1279;0.9594;0.9205
Mo1C3Hg3,10.4803;0.4567;0.2086
Mo1C3Mg3,12.3719;0.6988;0.4883
Ru1Ba3K3,11.1728;0.7059;0.4983
Ru1Ca3Li3,10.5052;0.3205;0.1027
Ru1Mo3C3,12.0137;0.1922;0.0369
Ru1N3Cl3,12.1112;0.4704;0.2212
Ru1N3Li3,9.9227;0.5689;0.3237
Ru1B3Mg3,14.6044;0.9244;0.8546
Ru1C3Mg3,10.1063;0.8074;0.6519
Ru1Mg3Li3,9.5536;0.9109;0.8298
Tm1Ba3K3,11.8123;0.6778;0.4594
Tm1Ca3Li3,11.2285;0.2901;0.0841
Tm1Mo3C3,12.0212;0.17;0.0289
Tm1N3Nb3,10.0729;0.3704;0.1372
Tm1N3Cl3,12.6272;0.4001;0.1601
Tm1N3Li3,10.3722;0.5784;0.3345
Tm1B3Mg3,15.5614;0.8702;0.7572
Tm1C3Mg3,10.9837;0.7735;0.5983
Tm1Mg3Li3,10.0116;0.8896;0.7914
Os1Ba3K3,11.4563;0.6836;0.4673
Os1Ca3Li3,10.6203;0.3228;0.1042
Os1Mo3C3,11.7108;0.229;0.0524
Os1Mo3Tc3,9.8209;0.3161;0.0999
Os1N3Cl3,12.2687;0.4096;0.1677
Os1N3Li3,10.0778;0.5987;0.3584
Os1B3Mg3,14.4412;0.9703;0.9415
Os1C3Mg3,10.5255;0.7665;0.5876
Os1Mg3Li3,9.688;0.9016;0.8129
Sn1Ba3K3,11.0409;0.706;0.4985
Sn1Ca3Li3,10.066;0.367;0.1347
Sn1Mo3C3,10.8938;0.3244;0.1052
Sn1Al3Nb3,9.8389;0.6904;0.4766
Sn1N3Nb3,10.0607;0.3771;0.1422
Sn1N3Cl3,12.0099;0.4575;0.2093
Sn1N3Li3,9.7908;0.6124;0.375
Sn1B3Mg3,13.4599;0.8989;0.808
Sn1C3Mg3,9.9461;0.788;0.6209
Sn1Mg3Li3,9.1467;0.8839;0.7812
Nd1Ba3K3,13.0063;0.7907;0.6252
Nd1Ba3Sr3,9.5964;0.9598;0.9212
Nd1Ca3Li3,11.031;0.3438;0.1182
Nd1Mo3C3,10.2401;0.3776;0.1426
Nd1N3Nb3,10.0637;0.3801;0.1445
Nd1N3Cl3,12.6129;0.4014;0.1611
Nd1N3Li3,10.3495;0.5691;0.3239
Nd1B3Mg3,14.8583;0.9055;0.8199
Nd1C3Mg3,10.16;0.8042;0.6468
Nd1Mg3Li3,9.9321;0.8733;0.7627
Bi1Ba3K3,17.062;0.7532;0.5673
Bi1Ba3Pb3,11.9305;0.2959;0.0876
Bi1Ba3Rb3,10.498;0.7201;0.5186
Bi1Mo3C3,11.2758;0.2711;0.0735
Bi1N3Nb3,9.5913;0.4191;0.1757
Bi1N3Cl3,12.0822;0.4567;0.2086
Bi1B3Mg3,14.3977;0.8904;0.7928
Bi1C3Mg3,10.6014;0.7735;0.5983
Pb1Ba3K3,12.5443;0.6164;0.3799
Pb1Ca3Li3,10.2754;0.2817;0.0793
Pb1Mo3C3,11.1168;0.2806;0.0788
Pb1N3Nb3,9.6491;0.3645;0.1329
Pb1N3Cl3,12.3169;0.4253;0.1809
Pb1N3Li3,10.2389;0.5446;0.2965
Pb1B3Mg3,15.3327;0.7716;0.5954
Pb1C3Mg3,11.0341;0.8427;0.7101
Pb1Mg3Li3,10.1691;0.915;0.8373
S1Ba3K3,11.717;0.6686;0.447
S1Ca3Li3,10.5998;0.3311;0.1096
S1Mo3C3,11.9983;0.1696;0.0288
S1N3Nb3,9.5738;0.4416;0.195
S1N3Cl3,12.4899;0.3965;0.1572
S1N3Li3,10.2309;0.5859;0.3432
S1B3Mg3,15.3994;0.8885;0.7895
S1C3Mg3,11.0058;0.7766;0.6031
S1Mg3Li3,9.7935;0.9015;0.8127
F1Ba3K3,11.6096;0.6327;0.4003
F1Ca3Li3,10.7165;0.3293;0.1084
F1Mo3C3,11.4125;0.2811;0.079
F1N3Nb3,9.7097;0.3635;0.1322
F1N3Cl3,12.3543;0.4509;0.2033
F1N3Li3,10.0043;0.5617;0.3155
F1B3Mg3,14.4986;0.8182;0.6694
F1C3Mg3,10.7264;0.7874;0.6199
F1Mg3Li3,10.1158;0.8025;0.6441
V1Ba3K3,11.6133;0.6891;0.4748
V1Ca3Li3,11.0396;0.296;0.0876
V1Mo3C3,12.0249;0.2105;0.0443
V1N3Cl3,12.1571;0.3884;0.1508
V1N3Li3,9.9981;0.5786;0.3348
V1B3Mg3,15.4587;0.9104;0.8289
V1C3Mg3,10.4052;0.7716;0.5953
V1Mg3Li3,9.9739;0.8804;0.7751
Ga1Ba3K3,9.6863;0.5759;0.3317
Ga1N3Cl3,10.8016;0.4055;0.1644
Ga1B3Mg3,11.6565;0.9609;0.9234
Al1Ba3K3,9.3843;0.6626;0.4391
Al1Sn3Nb3,11.3227;0.5224;0.2729
Al1N3Nb3,10.8409;0.4845;0.2347
Al1N3Cl3,10.3686;0.4373;0.1912
Al1B3Mg3,14.8407;0.8868;0.7864
Sr1Ba3K3,12.5401;0.7217;0.5209
Sr1Ca3Li3,11.041;0.2977;0.0887
Sr1Mo3C3,11.9873;0.1699;0.0289
Sr1N3Nb3,10.1409;0.4124;0.1701
Sr1N3Cl3,14.1566;0.4118;0.1696
Sr1N3Li3,10.5132;0.5764;0.3323
Sr1B3Mg3,15.4646;0.9048;0.8187
Sr1C3Mg3,11.0659;0.757;0.573
Sr1Mg3Li3,9.9561;0.8891;0.7905
Co1Ba3K3,10.9899;0.6849;0.469
Co1Ca3Li3,9.9355;0.3835;0.147
Co1Mo3C3,10.7269;0.3398;0.1155
Co1Ga3Pu3,10.9628;0.3696;0.1366
Co1N3Cl3,11.4454;0.4787;0.2292
Co1B3Mg3,15.9683;0.9331;0.8707
Co1C3Mg3,11.4266;0.8204;0.6731
Co1Mg3Li3,10.6487;0.9452;0.8933
Re1Ba3K3,10.9605;0.7136;0.5093
Re1Ca3Li3,10.0711;0.3429;0.1176
Re1Mo3C3,12.4471;0.1869;0.0349
Re1N3Nb3,9.9321;0.3868;0.1496
Re1N3Cl3,12.4976;0.4224;0.1784
Re1N3Li3,10.2098;0.5597;0.3132
Re1B3Mg3,14.9235;0.8374;0.7013
Re1C3Mg3,11.1109;0.7591;0.5763
Re1Mg3Li3,9.6569;0.9032;0.8158
W1Ba3K3,10.9576;0.7482;0.5598
W1Ca3Li3,10.811;0.3524;0.1242
W1Mo3C3,11.9262;0.1684;0.0284
W1N3Nb3,9.8056;0.3712;0.1378
W1N3Cl3,12.4291;0.4409;0.1944
W1N3Li3,9.9856;0.5892;0.3471
W1Nb3C3,9.9729;0.2894;0.0838
W1B3Mg3,15.6185;0.9113;0.8304
W1C3Mg3,11.785;0.753;0.5669
W1Mg3Li3,9.6346;0.8667;0.7511
N1Ba3K3,11.9485;0.6943;0.4821
N1Ba3Cl3,12.0394;0.5052;0.2552
N1K3Cl3,11.73;0.4561;0.208
N1Fe3Cl3,11.0126;0.5887;0.3466
N1As3Cl3,11.5844;0.525;0.2756
N1As3Li3,9.4285;0.6034;0.3641
N1Ca3Cl3,11.6639;0.5301;0.281
N1Ca3C3,9.7939;0.3701;0.137
N1Ca3Li3,12.3415;0.4076;0.1661
N1La3Cl3,10.8581;0.574;0.3295
N1Cu3Cl3,11.3095;0.5233;0.2738
N1O3Cl3,10.629;0.5007;0.2507
N1O3Li3,10.1134;0.4609;0.2124
N1Mo3Cl3,10.0992;0.4471;0.1999
N1Mo3C3,11.0852;0.3214;0.1033
N1Ru3Cl3,11.1199;0.5957;0.3548
N1Tm3Cl3,11.6071;0.5489;0.3013
N1Tm3Li3,9.6481;0.6139;0.3769
N1Os3Cl3,11.2936;0.5347;0.2859
N1Sn3Cl3,11.1223;0.5314;0.2823
N1Nd3Cl3,11.5498;0.5513;0.3039
N1Nd3Li3,9.5888;0.6063;0.3676
N1Bi3Cl3,11.136;0.5652;0.3194
N1Pb3Cl3,11.614;0.5366;0.2879
N1Pb3Li3,10.4265;0.4462;0.1991
N1S3Cl3,10.4204;0.5891;0.347
N1F3Cl3,11.6464;0.5492;0.3016
N1V3Cl3,11.3191;0.5193;0.2697
N1Ga3Cl3,9.7593;0.5199;0.2702
N1Sr3Cl3,12.9342;0.5337;0.2849
N1Sr3Li3,9.7441;0.596;0.3552
N1Co3Cl3,10.0462;0.532;0.283
N1Re3Cl3,11.5826;0.5433;0.2951
N1Re3Li3,9.4531;0.5978;0.3574
N1W3Cl3,11.399;0.5292;0.28
N1Be3Cl3,11.614;0.5324;0.2834
N1Nb3Cl3,11.2069;0.4733;0.224
N1Nb3C3,14.5478;0.312;0.0973
N1Tl3Cl3,11.7617;0.5305;0.2814
N1Tl3Li3,9.664;0.608;0.3697
N1Y3Cl3,10.1843;0.5409;0.2926
N1Hf3Cl3,15.4561;0.7232;0.523
N1Hf3Li3,13.3445;0.7669;0.5881
N1Cl3Sm3,11.7042;0.541;0.2927
N1Cl3Ni3,10.6789;0.5229;0.2734
N1Cl3Tb3,11.2263;0.5355;0.2868
N1Cl3B3,10.3376;0.6452;0.4162
N1Cl3C3,11.1533;0.4384;0.1922
N1Cl3Gd3,11.49;0.553;0.3058
N1Cl3In3,11.1983;0.5102;0.2603
N1Cl3Pd3,10.8155;0.5426;0.2944
N1Cl3Zr3,11.8669;0.3121;0.0974
N1Cl3Mn3,11.5092;0.5556;0.3087
N1Cl3Ho3,11.5173;0.5508;0.3033
N1Cl3Se3,11.1832;0.5327;0.2838
N1Cl3Ti3,11.1971;0.4646;0.2159
N1Cl3Hg3,11.6939;0.5319;0.2829
N1Cl3Eu3,11.6574;0.5351;0.2863
N1Cl3Rb3,10.7963;0.5852;0.3425
N1Cl3Pr3,11.5508;0.5612;0.3149
N1Cl3Mg3,10.5496;0.6686;0.4471
N1Cl3Sb3,10.7723;0.5668;0.3213
N1Cl3Er3,11.5816;0.5617;0.3155
N1Cl3Rh3,10.5217;0.5571;0.3104
N1Cl3Au3,11.0351;0.5303;0.2812
N1Cl3Zn3,11.0687;0.5782;0.3343
N1Cl3Li3,12.1787;0.4399;0.1935
N1Cl3Np3,11.6642;0.5344;0.2855
N1Cl3Si3,10.8233;0.5009;0.2509
N1Cl3P3,11.5504;0.5399;0.2915
N1Cl3Ta3,11.7596;0.4965;0.2465
N1Cl3Na3,12.2115;0.4254;0.1809
N1Cl3H3,11.621;0.4919;0.242
N1Cl3Pt3,10.5985;0.5742;0.3297
N1Cl3Ge3,10.417;0.5224;0.2729
N1Cl3Pa3,11.663;0.534;0.2852
N1Cl3Te3,9.5606;0.6172;0.381
N1Cl3Ir3,10.1418;0.5168;0.2671
N1Cl3Yb3,11.5807;0.5437;0.2956
N1Cl3T3,11.6569;0.5386;0.2901
N1Cl3Th3,11.1308;0.5496;0.3021
N1Cl3Lu3,11.5148;0.532;0.2831
N1Cl3Cd3,11.5785;0.5396;0.2912
N1Cl3Br3,11.2127;0.4759;0.2265
N1Cl3I3,11.8792;0.507;0.257
N1Cl3Dy3,11.5448;0.5466;0.2988
N1Cl3Sc3,11.1544;0.5319;0.2829
N1Cl3Cr3,10.6095;0.541;0.2927
N1Cl3D3,11.9293;0.5147;0.2649
N1Cl3Cs3,12.7884;0.6222;0.3871
N1Cl3Tc3,11.8592;0.5092;0.2593
N1Cl3Pu3,11.597;0.4987;0.2487
N1Cl3Am3,11.6434;0.5388;0.2903
N1Cl3Cm3,11.6439;0.5387;0.2902
N1Cl3Po3,11.6439;0.5387;0.2902
N1Sm3Li3,9.6584;0.6124;0.375
N1B3Mg3,13.3814;0.9699;0.9407
N1C3Hg3,10.0114;0.45;0.2025
N1C3Mg3,12.1235;0.6899;0.476
N1C3Li3,9.8301;0.533;0.2841
N1C3Ta3,10.3032;0.2196;0.0482
N1C3Na3,12.6345;0.5008;0.2508
N1C3H3,10.3765;0.5979;0.3575
N1C3I3,9.9444;0.41;0.1681
N1C3Cs3,13.162;0.7676;0.5893
N1Gd3Li3,9.5676;0.6153;0.3786
N1Pd3Li3,9.719;0.5112;0.2614
N1Zr3Li3,9.935;0.3756;0.1411
N1Mn3Li3,9.572;0.6104;0.3725
N1Ho3Li3,9.6002;0.6119;0.3744
N1Eu3Li3,9.6488;0.6107;0.373
N1Pr3Li3,9.5711;0.6132;0.376
N1Mg3Li3,11.8487;0.728;0.53
N1Er3Li3,9.5957;0.6294;0.3961
N1Li3Np3,9.6552;0.6142;0.3772
N1Li3Na3,10.3414;0.5994;0.3592
N1Li3Pa3,9.6556;0.6123;0.3749
N1Li3Yb3,9.6337;0.6153;0.3786
N1Li3T3,9.6536;0.6134;0.3763
N1Li3Lu3,9.5118;0.6033;0.364
N1Li3Cd3,9.5887;0.6197;0.384
N1Li3Br3,11.0631;0.5356;0.2869
N1Li3I3,12.5895;0.5438;0.2957
N1Li3Dy3,9.606;0.6157;0.3791
N1Li3D3,9.733;0.5858;0.3432
N1Li3Cs3,11.0691;0.7539;0.5683
N1Li3Tc3,9.6891;0.6014;0.3617
N1Li3Pu3,9.5276;0.59;0.3482
N1Li3Am3,9.6535;0.6131;0.3759
N1Li3Cm3,9.6535;0.6131;0.3759
N1Li3Po3,9.6535;0.6131;0.3759
Be1Ba3K3,11.7123;0.6403;0.41
Be1Mo3C3,11.7747;0.1839;0.0338
Be1N3Nb3,10.0044;0.3531;0.1247
Be1N3Cl3,12.5509;0.4072;0.1658
Be1B3Mg3,13.7174;0.6691;0.4476
Be1C3Mg3,10.9555;0.7749;0.6005
Nb1Ba3K3,9.8115;0.6633;0.4399
Nb1Mo3C3,12.0781;0.177;0.0313
Nb1Al3Ge3,10.4991;0.5639;0.3179
Nb1N3Cl3,12.4273;0.4143;0.1716
Nb1N3C3,10.5555;0.3431;0.1177
Nb1N3Li3,10.0936;0.596;0.3552
Nb1B3Mg3,13.5647;0.857;0.7344
Nb1C3Mg3,11.6662;0.7225;0.522
Tl1Ba3K3,11.4732;0.7045;0.4963
Tl1Ca3Li3,11.2274;0.294;0.0864
Tl1Mo3C3,11.5342;0.2699;0.0728
Tl1Sn3Nb3,9.6462;0.428;0.1832
Tl1N3Nb3,10.1302;0.364;0.1325
Tl1N3Cl3,12.6289;0.4;0.16
Tl1N3Li3,10.3773;0.5747;0.3303
Tl1B3Mg3,13.9438;1.0949;1.1988
Tl1C3Mg3,10.1784;0.6998;0.4897
Tl1Mg3Li3,9.6994;0.8809;0.7759
Y1Ba3K3,11.0736;0.7287;0.531
Y1Ca3Li3,9.9226;0.3333;0.1111
Y1N3Cl3,12.1952;0.4308;0.1856
Y1N3Li3,9.9404;0.592;0.3504
Y1Ni3Pd3,10.4311;0.54;0.2916
Y1B3Mg3,11.5902;0.9338;0.8719
Y1C3Pd3,11.2527;0.7557;0.5711
Y1C3Th3,9.7103;0.3838;0.1473
Hf1Ba3K3,11.8941;0.7063;0.4988
Hf1Ca3Li3,12.5615;0.3971;0.1577
Hf1O3Li3,10.3369;0.4571;0.2089
Hf1N3Nb3,10.7998;0.2958;0.0875
Hf1N3Cl3,17.2092;0.4491;0.2017
Hf1N3Li3,15.2518;0.6462;0.4176
Hf1Cl3Li3,11.1809;0.6684;0.4467
Hf1Cl3Ta3,9.5029;0.6539;0.4275
Hf1B3Mg3,15.5299;0.8612;0.7417
Hf1C3Mg3,11.0055;0.7708;0.5941
Hf1Mg3Li3,10.882;0.8451;0.7143
Cl1Ba3K3,12.3371;0.6663;0.4439
Cl1K3N3,10.4296;0.5087;0.2587
Cl1Ca3Li3,11.3773;0.3228;0.1042
Cl1Mo3C3,11.8107;0.1707;0.0292
Cl1Sr3N3,9.8591;0.5458;0.2979
Cl1N3Nb3,11.8569;0.3917;0.1534
Cl1N3Hf3,11.7842;0.715;0.5113
Cl1N3C3,10.2147;0.4442;0.1973
Cl1N3Zr3,9.859;0.3453;0.1193
Cl1N3Li3,13.0815;0.5323;0.2833
Cl1N3Na3,10.2563;0.472;0.2228
Cl1N3I3,9.4959;0.6078;0.3694
Cl1N3Cs3,10.6016;0.7469;0.5578
Cl1Hf3Li3,9.8094;0.753;0.567
Cl1B3Mg3,15.7446;0.8923;0.7961
Cl1C3Mg3,10.9904;0.7852;0.6165
Cl1Mg3Li3,10.4523;0.8466;0.7168
Sm1Ba3K3,11.8211;0.6766;0.4578
Sm1Ca3Li3,11.2296;0.2951;0.0871
Sm1Mo3C3,12.0839;0.1634;0.0267
Sm1N3Nb3,10.0295;0.3634;0.1321
Sm1N3Cl3,12.6274;0.4005;0.1604
Sm1N3Li3,10.373;0.5794;0.3357
Sm1B3Mg3,15.1807;0.9492;0.9009
Sm1C3Mg3,10.9956;0.7779;0.6052
Sm1Mg3Li3,10.0157;0.8929;0.7973
Ni1Ba3K3,10.7612;0.7317;0.5354
Ni1Mo3C3,11.2583;0.2699;0.0728
Ni1N3Nb3,9.6841;0.3712;0.1378
Ni1N3Cl3,12.4331;0.4139;0.1713
Ni1N3Li3,10.3693;0.6136;0.3765
Ni1Nb3C3,10.1405;0.4161;0.1731
Ni1B3Mg3,14.554;0.9043;0.8178
Ni1C3Mg3,11.1523;0.7641;0.5839
Ni1Mg3Li3,9.3354;0.9479;0.8986
Tb1Ba3K3,11.5915;0.6626;0.439
Tb1Ca3Li3,10.6515;0.334;0.1115
Tb1N3Cl3,12.0961;0.3844;0.1478
Tb1N3Li3,9.8458;0.6091;0.371
Tb1B3Mg3,13.9538;0.8602;0.7399
Tb1Mg3Li3,9.8121;0.8776;0.7701
Ce1N3Cl3,9.8313;0.4641;0.2154
Ce1B3Mg3,11.1318;0.7917;0.6267
B1Ba3K3,11.6728;0.628;0.3944
B1Mo3C3,9.9554;0.2756;0.0759
B1N3Cl3,11.7417;0.4806;0.231
B1N3Li3,9.5608;0.5925;0.351
B1C3Mg3,12.6541;0.8036;0.6458
B1Mg3Li3,10.7161;0.8485;0.72
C1Ba3Mg3,11.0426;0.8711;0.7588
C1Fe3Mg3,11.2337;0.9038;0.8168
C1As3Mg3,11.7637;0.8482;0.7194
C1Ca3N3,9.6248;0.3835;0.1471
C1Ca3Mg3,11.8381;0.8058;0.6493
C1La3Mg3,10.4976;0.8161;0.6659
C1Cu3Mg3,10.9078;0.7788;0.6065
C1O3Mg3,11.8964;0.8986;0.8075
C1Mo3Mg3,10.8591;0.8214;0.6747
C1Ru3Mg3,11.0185;0.8855;0.784
C1Tm3Mg3,11.7231;0.877;0.7691
C1Os3Mg3,11.3563;0.8578;0.7358
C1Sn3Mg3,10.6503;0.8937;0.7987
C1Nd3Mg3,11.114;0.8947;0.8005
C1Bi3Mg3,10.9507;0.8686;0.7544
C1Pb3Mg3,12.0762;0.9303;0.8655
C1S3Mg3,12.0613;0.8673;0.7523
C1F3Mg3,11.8959;0.8909;0.7936
C1V3Mg3,11.0776;0.8697;0.7564
C1Ga3Mg3,9.4027;0.9241;0.854
C1Sr3N3,9.6075;0.4004;0.1603
C1Sr3Mg3,12.0003;0.8515;0.7251
C1Co3Mg3,11.5617;0.8651;0.7485
C1Re3Mg3,11.8126;0.891;0.7938
C1W3Mg3,11.9458;0.8581;0.7364
C1N3Nb3,13.4112;0.2691;0.0724
C1N3Cl3,11.9662;0.3715;0.138
C1N3Pd3,9.6017;0.5724;0.3277
C1N3Hg3,9.9759;0.486;0.2362
C1N3Mg3,12.6715;0.7622;0.5809
C1N3Li3,10.9617;0.5065;0.2565
C1N3Ta3,10.9886;0.2426;0.0589
C1N3Na3,11.8824;0.4573;0.2091
C1N3H3,10.1905;0.5798;0.3361
C1N3I3,9.9323;0.3979;0.1583
C1N3Cs3,12.1462;0.7291;0.5316
C1Be3Mg3,11.7999;0.8553;0.7316
C1Nb3Mg3,12.3066;0.9017;0.8131
C1Tl3Mg3,11.0995;0.7908;0.6254
C1Y3Pd3,10.5596;0.8394;0.7045
C1Y3Mg3,9.5576;0.7938;0.6301
C1Hf3Mg3,11.9117;0.8676;0.7527
C1Cl3Mg3,12.0225;0.89;0.7921
C1Sm3Mg3,11.8801;0.893;0.7975
C1Ni3Mg3,11.2459;0.8677;0.7529
C1Tb3Mg3,9.6609;0.74;0.5476
C1B3Pd3,12.5834;0.7208;0.5195
C1B3Mg3,21.4621;0.776;0.6021
C1Gd3Mg3,11.2133;0.866;0.7499
C1In3Mg3,11.4274;0.8036;0.6458
C1Pd3Mg3,12.1369;0.8548;0.7307
C1Zr3Mg3,11.1957;0.902;0.8136
C1Mn3Mg3,12.6031;0.9427;0.8887
C1Ho3Mg3,11.9781;0.8671;0.7518
C1Se3Mg3,11.8979;0.8588;0.7375
C1Ti3Mg3,11.5151;0.9038;0.8169
C1Hg3Mg3,11.7449;0.7833;0.6135
C1Eu3Mg3,11.932;0.8773;0.7697
C1Rb3Mg3,9.2444;0.8299;0.6888
C1Pr3Mg3,11.4845;0.8637;0.746
C1Mg3Sb3,10.9388;0.8163;0.6664
C1Mg3Er3,11.5278;0.8609;0.7411
C1Mg3Rh3,10.268;0.761;0.5792
C1Mg3Au3,10.5148;0.8092;0.6549
C1Mg3Zn3,10.3297;0.811;0.6578
C1Mg3Li3,14.047;0.8874;0.7875
C1Mg3Np3,11.9333;0.8771;0.7692
C1Mg3Si3,10.2609;0.8463;0.7163
C1Mg3P3,11.8778;0.8939;0.799
C1Mg3Ta3,12.4899;0.8741;0.7641
C1Mg3Na3,12.1314;0.8894;0.791
C1Mg3H3,12.2583;0.8515;0.725
C1Mg3Pt3,10.8374;0.7693;0.5919
C1Mg3Ge3,11.0441;0.8927;0.7968
C1Mg3Pa3,11.9336;0.8755;0.7664
C1Mg3Te3,10.0056;0.6892;0.4749
C1Mg3Ir3,10.1844;0.698;0.4872
C1Mg3Yb3,11.849;0.8846;0.7826
C1Mg3T3,11.9318;0.8767;0.7687
C1Mg3Th3,11.9995;0.8443;0.7128
C1Mg3Lu3,11.4255;0.8385;0.7031
C1Mg3Ag3,10.759;0.8432;0.711
C1Mg3Cd3,10.3113;0.8139;0.6624
C1Mg3Br3,11.9326;0.8198;0.672
C1Mg3I3,12.1187;0.8494;0.7214
C1Mg3Dy3,11.1863;0.8687;0.7547
C1Mg3Sc3,12.337;0.9158;0.8388
C1Mg3Cr3,9.5555;0.914;0.8354
C1Mg3D3,12.102;0.9049;0.8188
C1Mg3Cs3,9.6232;0.8509;0.724
C1Mg3Tc3,12.0184;0.8846;0.7826
C1Mg3Pu3,11.9312;0.8813;0.7766
C1Mg3Am3,11.9304;0.8759;0.7671
C1Mg3Cm3,11.9304;0.8759;0.7671
C1Mg3Po3,11.9304;0.8759;0.7671
Gd1Ba3K3,11.6326;0.679;0.4611
Gd1Ca3Li3,10.7933;0.3031;0.0919
Gd1Mo3C3,10.7395;0.3313;0.1098
Gd1N3Nb3,10.0088;0.374;0.1399
Gd1N3Cl3,12.5751;0.3935;0.1548
Gd1N3Li3,10.3134;0.5864;0.3439
Gd1B3Mg3,14.3771;0.8915;0.7948
Gd1C3Mg3,10.4167;0.7886;0.6219
Gd1Mg3Li3,9.8809;0.8932;0.7978
In1Ba3K3,11.5825;0.6933;0.4806
In1Ca3Li3,10.9691;0.31;0.0961
In1Mo3C3,11.2036;0.2896;0.0839
In1N3Cl3,12.3122;0.4359;0.19
In1N3Li3,10.0676;0.5139;0.2641
In1B3Mg3,13.254;0.9158;0.8386
In1C3Mg3,10.0459;0.7206;0.5193
In1Mg3Li3,9.5233;0.786;0.6178
Pd1Ba3K3,10.4703;0.6095;0.3716
Pd1Ca3Li3,10.4054;0.2639;0.0697
Pd1Mo3C3,10.9295;0.2723;0.0741
Pd1N3Cl3,11.8514;0.4276;0.1828
Pd1N3Li3,9.9083;0.5627;0.3167
Pd1B3Mg3,15.0172;0.9298;0.8645
Pd1C3Mg3,10.3289;0.7483;0.56
Pd1Mg3Li3,9.3785;0.9172;0.8413
Zr1Ba3K3,11.9892;0.6469;0.4185
Zr1Ca3Li3,10.3311;0.3289;0.1082
Zr1Mo3C3,11.3756;0.1388;0.0193
Zr1N3Nb3,9.8524;0.3501;0.1226
Zr1N3Cl3,12.7297;0.0675;0.0046
Zr1N3Li3,11.3194;0.4078;0.1663
Zr1B3Mg3,15.7703;0.8757;0.7668
Zr1C3Mg3,10.8853;0.8238;0.6786
Zr1Mg3Li3,10.3898;0.8863;0.7854
Mn1Ba3K3,11.7145;0.6634;0.4401
Mn1Ca3Li3,10.8418;0.3019;0.0912
Mn1Mo3C3,11.5652;0.2678;0.0717
Mn1N3Nb3,10.0146;0.3569;0.1274
Mn1N3Cl3,12.6145;0.4006;0.1605
Mn1N3Li3,10.3392;0.5818;0.3385
Mn1B3Mg3,22.5031;1.112;1.2364
Mn1C3Mg3,11.6157;0.8613;0.7418
Mn1Mg3Li3,12.4167;0.9728;0.9463
Ho1Ba3K3,11.5536;0.6728;0.4527
Ho1Ca3Li3,10.8844;0.3228;0.1042
Ho1Mo3C3,11.9371;0.205;0.042
Ho1N3Nb3,10.0401;0.3603;0.1298
Ho1N3Cl3,12.6141;0.397;0.1576
Ho1N3Li3,10.3498;0.5774;0.3333
Ho1B3Mg3,14.8632;0.8981;0.8065
Ho1C3Mg3,10.9786;0.7847;0.6157
Ho1Mg3Li3,9.9194;0.8896;0.7915
Se1Ba3K3,11.8093;0.6658;0.4433
Se1Ca3Li3,11.1711;0.289;0.0835
Se1Mo3C3,11.0956;0.2227;0.0496
Se1N3Nb3,9.7763;0.4044;0.1636
Se1N3Cl3,12.6118;0.3972;0.1578
Se1N3Li3,10.3532;0.5791;0.3354
Se1B3Mg3,15.5882;0.8854;0.7839
Se1C3Mg3,10.9637;0.7613;0.5795
Se1Mg3Li3,9.991;0.8857;0.7845
Ti1Ba3K3,11.0518;0.6558;0.4301
Ti1Ca3Li3,11.1571;0.2697;0.0727
Ti1O3Li3,9.9341;0.2107;0.0444
Ti1Mo3C3,11.9293;0.1233;0.0152
Ti1N3Nb3,13.6303;0.3125;0.0976
Ti1N3Cl3,12.818;0.3604;0.1299
Ti1N3C3,10.0141;0.4575;0.2093
Ti1N3Li3,10.9229;0.5573;0.3105
Ti1B3Mg3,17.4684;0.8896;0.7913
Ti1C3Mg3,12.0815;0.7565;0.5723
Ti1Mg3Li3,11.2986;0.8742;0.7642
Hg1Ba3K3,11.0402;0.6908;0.4773
Hg1Mo3C3,12.9262;0.3149;0.0992
Hg1N3Nb3,10.0801;0.3672;0.1348
Hg1N3Cl3,12.6269;0.4;0.16
Hg1N3C3,9.8452;0.4672;0.2183
Hg1B3Mg3,12.8495;0.9866;0.9733
Hg1C3Mg3,11.1483;0.7403;0.548
Hg1C3Cs3,10.1;0.9362;0.8764
Eu1Ba3K3,11.823;0.6784;0.4602
Eu1Ca3Li3,11.2309;0.2977;0.0886
Eu1Mo3C3,11.5658;0.2489;0.0619
Eu1N3Nb3,9.9892;0.3741;0.1399
Eu1N3Cl3,12.6263;0.3993;0.1595
Eu1N3Li3,10.3693;0.5755;0.3312
Eu1B3Mg3,15.391;0.9496;0.9018
Eu1C3Mg3,10.998;0.7771;0.604
Eu1Mg3Li3,10.0094;0.8869;0.7866
Rb1Ba3K3,13.6364;0.7924;0.6279
Rb1Ba3Bi3,10.8165;0.6951;0.4832
Rb1N3Cl3,11.8349;0.4614;0.2129
Rb1N3Li3,9.4614;0.5671;0.3217
Rb1B3Mg3,14.0766;0.9364;0.8768
Rb1C3Cs3,9.3519;1.0154;1.031
Pr1Ba3K3,9.4676;0.6503;0.4229
Pr1Ca3Li3,11.0097;0.3052;0.0932
Pr1Mo3C3,11.2176;0.1992;0.0397
Pr1N3Nb3,9.9649;0.374;0.1399
Pr1N3Cl3,12.5764;0.3939;0.1552
Pr1N3Li3,10.3077;0.5702;0.3251
Pr1B3Mg3,15.2929;0.8824;0.7786
Pr1C3Mg3,10.6096;0.7844;0.6153
Pr1Mg3Li3,9.9422;0.8946;0.8003
Mg1Ba3K3,11.8104;0.6362;0.4047
Mg1As3Li3,9.6287;0.5999;0.3599
Mg1Ca3Li3,12.0409;0.5866;0.3441
Mg1La3Li3,9.7619;0.6232;0.3884
Mg1Cu3Li3,9.6584;0.6474;0.4192
Mg1O3Li3,11.0901;0.5673;0.3218
Mg1Mo3C3,11.737;0.2482;0.0616
Mg1Tm3Li3,10.0629;0.6075;0.3691
Mg1Os3Li3,9.5064;0.6153;0.3786
Mg1Nd3Li3,9.8896;0.6049;0.3659
Mg1Pb3Li3,10.0313;0.5949;0.3539
Mg1F3Li3,9.8487;0.6312;0.3984
Mg1V3Ti3,9.711;0.8418;0.7086
Mg1V3Li3,9.6193;0.6427;0.413
Mg1Sr3Li3,9.9696;0.6136;0.3765
Mg1Re3Li3,9.4678;0.6252;0.3909
Mg1W3Li3,9.7286;0.582;0.3387
Mg1N3Nb3,11.4176;0.5541;0.307
Mg1N3Cl3,16.0307;0.5875;0.3452
Mg1N3C3,9.7653;0.5249;0.2755
Mg1N3Li3,12.7845;0.6311;0.3983
Mg1Tl3Li3,10.0584;0.6037;0.3645
Mg1Hf3Cl3,10.3924;0.8344;0.6963
Mg1Hf3Li3,11.6812;0.6035;0.3643
Mg1Cl3B3,9.3742;0.7606;0.5785
Mg1Cl3Ti3,9.9998;0.8312;0.6909
Mg1Cl3Li3,11.5852;0.6475;0.4193
Mg1Sm3Li3,10.0928;0.5979;0.3574
Mg1Tb3Li3,9.7589;0.5902;0.3483
Mg1B3Ti3,9.5003;1.2871;1.6567
Mg1B3Li3,9.8984;0.7268;0.5282
Mg1Gd3Li3,9.8437;0.6424;0.4127
Mg1Zr3Li3,9.8813;0.6289;0.3955
Mg1Mn3Li3,9.791;0.5721;0.3273
Mg1Ho3Li3,9.9073;0.6169;0.3806
Mg1Eu3Li3,10.0798;0.5968;0.3562
Mg1Pr3Li3,9.9246;0.5985;0.3583
Mg1Er3Li3,9.9231;0.5911;0.3494
Mg1Li3Np3,10.0904;0.5995;0.3593
Mg1Li3Ta3,9.4199;0.6385;0.4077
Mg1Li3Na3,10.1621;0.5973;0.3567
Mg1Li3Pa3,10.0916;0.595;0.354
Mg1Li3Yb3,10.0331;0.5945;0.3534
Mg1Li3T3,10.0886;0.5964;0.3557
Mg1Li3Th3,9.5948;0.5986;0.3583
Mg1Li3Lu3,9.681;0.6672;0.4451
Mg1Li3Cd3,9.6495;0.579;0.3352
Mg1Li3Br3,10.7654;0.5684;0.3231
Mg1Li3I3,10.7221;0.6375;0.4064
Mg1Li3Dy3,9.8996;0.6035;0.3642
Mg1Li3Sc3,10.0908;0.5951;0.3541
Mg1Li3D3,10.0744;0.6385;0.4077
Mg1Li3Cs3,9.7129;0.6312;0.3984
Mg1Li3Tc3,10.1544;0.613;0.3758
Mg1Li3Pu3,9.6427;0.6173;0.381
Mg1Li3Am3,10.0883;0.5968;0.3562
Mg1Li3Cm3,10.0883;0.5968;0.3562
Mg1Li3Po3,10.0883;0.5968;0.3562
Sb1Ba3K3,10.89;0.6475;0.4192
Sb1Ca3Li3,10.9805;0.3164;0.1001
Sb1Mo3C3,11.8877;0.19;0.0361
Sb1N3Nb3,9.7058;0.3927;0.1542
Sb1N3Cl3,12.5056;0.4188;0.1754
Sb1N3Li3,10.2874;0.5719;0.3271
Sb1B3Mg3,15.3644;0.8801;0.7746
Sb1C3Mg3,10.8715;0.771;0.5945
Sb1Mg3Li3,9.8966;0.8901;0.7923
Er1Ba3K3,11.7485;0.6874;0.4726
Er1Ca3Li3,10.9095;0.2742;0.0752
Er1Mo3C3,11.7209;0.1957;0.0383
Er1N3Nb3,10.0524;0.3681;0.1355
Er1N3Cl3,12.6117;0.4077;0.1662
Er1N3Li3,10.3319;0.5906;0.3488
Er1B3Mg3,15.2144;0.8474;0.718
Er1C3Mg3,10.8992;0.7669;0.5882
Er1Mg3Li3,9.9302;0.8932;0.7977
Rh1Ba3K3,10.955;0.6296;0.3964
Rh1Mo3C3,9.7353;0.3014;0.0908
Rh1N3Cl3,11.4892;0.4362;0.1903
Rh1B3Mg3,14.4638;0.843;0.7106
Rh1C3Mg3,9.4081;0.7362;0.542
Au1Ba3K3,11.8444;0.6878;0.473
Au1Ca3Li3,11.07;0.3202;0.1025
Au1Mo3C3,11.9834;0.1729;0.0299
Au1N3Nb3,9.9158;0.3586;0.1286
Au1N3Cl3,12.5706;0.3962;0.157
Au1N3Li3,10.3167;0.5705;0.3255
Au1B3Mg3,14.0815;0.8922;0.7961
Au1C3Mg3,10.7892;0.7196;0.5178
Au1Pd3H3,10.0504;0.3244;0.1052
Au1Mg3Li3,9.7441;0.8275;0.6847
Zn1Ba3K3,11.345;0.6629;0.4394
Zn1Mo3C3,11.2847;0.2564;0.0657
Zn1N3Cl3,12.2941;0.4221;0.1782
Zn1N3Li3,9.9968;0.5888;0.3467
Zn1B3Mg3,11.3928;0.9403;0.8842
Zn1C3Mg3,9.6133;0.6981;0.4873
Li1Ba3K3,10.243;0.6833;0.4669
Li1K3N3,9.8561;0.498;0.248
Li1As3N3,9.7147;0.5335;0.2846
Li1Ca3N3,10.6205;0.5157;0.266
Li1O3N3,10.1115;0.4506;0.203
Li1O3Mg3,9.5598;0.8576;0.7355
Li1Ru3N3,9.5021;0.5336;0.2847
Li1Tm3N3,9.926;0.5339;0.285
Li1Tm3Mg3,9.1761;0.934;0.8723
Li1Os3N3,9.6037;0.5385;0.29
Li1Nd3N3,9.8652;0.512;0.2621
Li1Pb3N3,9.7879;0.487;0.2372
Li1Pb3Mg3,9.2518;0.9537;0.9095
Li1F3N3,9.6576;0.5337;0.2848
Li1F3Mg3,9.5203;0.8383;0.7028
Li1V3N3,9.6119;0.5062;0.2562
Li1V3Mg3,9.1233;0.9464;0.8957
Li1Sr3N3,10.1684;0.5216;0.272
Li1Sr3Mg3,9.189;0.9347;0.8737
Li1Re3N3,9.754;0.5365;0.2878
Li1N3Nb3,11.1997;0.4831;0.2334
Li1N3Tl3,9.9659;0.5299;0.2807
Li1N3Hf3,14.0145;0.6217;0.3865
Li1N3Cl3,13.9629;0.3537;0.1251
Li1N3Sm3,9.9456;0.5325;0.2835
Li1N3Ni3,9.4705;0.6005;0.3606
Li1N3C3,10.2837;0.4862;0.2364
Li1N3Gd3,9.8559;0.5446;0.2966
Li1N3In3,9.5438;0.459;0.2107
Li1N3Zr3,10.4675;0.351;0.1232
Li1N3Mn3,9.8512;0.5288;0.2796
Li1N3Ho3,9.872;0.5386;0.2901
Li1N3Eu3,9.9302;0.5322;0.2832
Li1N3Pr3,9.859;0.5245;0.2751
Li1N3Mg3,11.4217;0.78;0.6084
Li1N3Er3,9.8908;0.5457;0.2978
Li1N3Zn3,9.5293;0.5261;0.2767
Li1N3Np3,9.9382;0.5333;0.2844
Li1N3P3,9.6018;0.556;0.3092
Li1N3Ta3,9.5225;0.5534;0.3063
Li1N3Na3,10.8858;0.4398;0.1935
Li1N3Pa3,9.9351;0.5326;0.2837
Li1N3Yb3,9.9146;0.5362;0.2875
Li1N3T3,9.933;0.5328;0.2839
Li1N3Lu3,9.8021;0.5433;0.2952
Li1N3Cd3,9.8763;0.538;0.2895
Li1N3Br3,10.3519;0.6116;0.3741
Li1N3I3,12.7552;0.5056;0.2557
Li1N3Dy3,9.879;0.5421;0.2939
Li1N3D3,10.0303;0.521;0.2714
Li1N3Cs3,11.4583;0.701;0.4914
Li1N3Tc3,10.0349;0.5409;0.2926
Li1N3Pu3,9.7986;0.5369;0.2882
Li1N3Am3,9.9311;0.5335;0.2846
Li1N3Cm3,9.9311;0.5335;0.2846
Li1N3Po3,9.9311;0.5335;0.2846
Li1Hf3Cl3,11.3122;0.7486;0.5603
Li1Hf3Mg3,9.9757;0.8464;0.7164
Li1Cl3Mg3,10.5564;0.8233;0.6777
Li1Sm3Mg3,9.2062;0.9351;0.8744
Li1B3Mg3,16.8366;0.9282;0.8616
Li1C3Mg3,12.5426;0.8469;0.7172
Li1In3Mg3,9.3994;0.7875;0.6202
Li1Zr3Mg3,9.4979;0.8952;0.8014
Li1Mn3Mg3,11.5838;1.0284;1.0577
Li1Ti3Mg3,9.4919;0.9296;0.8641
Li1Eu3Mg3,9.1863;0.9299;0.8647
Li1Pr3Mg3,9.0869;0.9364;0.8768
Li1Mg3Er3,9.1098;0.9382;0.8802
Li1Mg3Np3,9.1981;0.9323;0.8692
Li1Mg3Na3,9.6417;0.919;0.8446
Li1Mg3Pa3,9.197;0.9319;0.8685
Li1Mg3Yb3,9.1446;0.9246;0.8549
Li1Mg3T3,9.1946;0.9317;0.8681
Li1Mg3Br3,9.7309;0.8954;0.8018
Li1Mg3I3,9.6275;0.9087;0.8258
Li1Mg3Dy3,9.0689;0.939;0.8818
Li1Mg3Sc3,9.6305;0.9293;0.8636
Li1Mg3D3,9.3444;0.9464;0.8956
Li1Mg3Tc3,9.322;0.9532;0.9085
Li1Mg3Am3,9.1939;0.9322;0.8691
Li1Mg3Cm3,9.1939;0.9322;0.8691
Li1Mg3Po3,9.1939;0.9322;0.8691
Np1Ba3K3,11.8351;0.6797;0.462
Np1Ca3Li3,11.2536;0.2877;0.0828
Np1Mo3C3,12.0839;0.1634;0.0267
Np1N3Nb3,10.0801;0.3672;0.1348
Np1N3Cl3,12.6275;0.4005;0.1604
Np1N3Li3,10.3729;0.5789;0.3351
Np1B3Mg3,15.6548;0.9037;0.8167
Np1C3Mg3,10.9975;0.7774;0.6043
Np1Mg3Li3,10.0181;0.8889;0.7901
Si1Ba3K3,11.7086;0.6718;0.4513
Si1Ca3Li3,10.5751;0.2968;0.0881
Si1Mo3C3,11.2563;0.2051;0.0421
Si1N3Nb3,10.3931;0.3703;0.1371
Si1N3Cl3,12.5166;0.4161;0.1731
Si1N3Li3,10.3916;0.5634;0.3174
Si1B3Mg3,15.2213;0.9258;0.8571
Si1C3Mg3,10.8827;0.7823;0.6119
Si1Mg3Li3,9.7582;0.8666;0.7511
P1Ba3K3,11.3277;0.7304;0.5335
P1Ca3Li3,11.1513;0.2849;0.0812
P1Mo3C3,11.983;0.183;0.0335
P1N3Nb3,10.0843;0.3557;0.1265
P1N3Cl3,12.6263;0.4029;0.1623
P1N3Li3,10.3704;0.5752;0.3308
P1B3Mg3,15.5436;0.885;0.7832
P1C3Mg3,10.9471;0.8056;0.649
P1Mg3Li3,9.9745;0.8951;0.8012
Ta1Ba3K3,10.7683;0.7227;0.5223
Ta1Ca3Li3,10.8247;0.3695;0.1365
Ta1Sn3Nb3,10.7811;0.3883;0.1508
Ta1N3Nb3,9.9762;0.3353;0.1124
Ta1N3Cl3,12.595;0.4017;0.1613
Ta1N3C3,9.6745;0.3595;0.1292
Ta1N3Li3,10.339;0.5628;0.3167
Ta1B3Mg3,15.3104;0.9004;0.8107
Ta1C3Mg3,11.4552;0.7726;0.597
Ta1Mg3Li3,9.8968;0.8946;0.8002
Na1Ba3K3,11.3623;0.6839;0.4678
Na1Ca3Li3,11.1828;0.2813;0.0792
Na1Mo3C3,11.1158;0.2681;0.0719
Na1N3Nb3,11.1448;0.418;0.1747
Na1N3Cl3,14.324;0.2958;0.0875
Na1N3C3,12.4843;0.4929;0.2429
Na1N3Li3,11.2732;0.5217;0.2722
Na1B3Mg3,16.4546;0.9756;0.9518
Na1C3Mg3,11.4949;0.7685;0.5906
Na1Mg3Li3,10.4456;0.9018;0.8132
H1Ba3K3,11.9014;0.6356;0.404
H1Ca3Li3,10.549;0.3173;0.1007
H1Mo3C3,12.0283;0.2054;0.0422
H1N3Nb3,9.8724;0.4256;0.1811
H1N3Cl3,12.5423;0.4148;0.172
H1N3C3,10.4587;0.5782;0.3343
H1N3Li3,10.3154;0.6448;0.4158
H1B3Mg3,15.3094;0.9167;0.8403
H1C3Mg3,11.5884;0.7938;0.6301
H1Mg3Li3,9.7334;0.8587;0.7374
Pt1Ba3K3,11.407;0.7012;0.4916
Pt1Ca3Li3,9.9694;0.2525;0.0638
Pt1Mo3C3,11.5202;0.2081;0.0433
Pt1N3Nb3,9.6348;0.3985;0.1588
Pt1N3Cl3,12.4346;0.4042;0.1634
Pt1N3Li3,9.8257;0.5768;0.3327
Pt1B3Mg3,14.6416;0.8847;0.7828
Pt1C3Mg3,10.4893;0.788;0.6209
Ge1Ba3K3,11.1261;0.6926;0.4797
Ge1Ca3Li3,10.5705;0.3805;0.1448
Ge1Mo3C3,11.0803;0.2997;0.0898
Ge1Al3Nb3,11.4422;0.6088;0.3707
Ge1N3Nb3,9.8468;0.3797;0.1442
Ge1N3Cl3,12.3818;0.4034;0.1627
Ge1N3Li3,10.127;0.5677;0.3223
Ge1B3Mg3,15.2064;0.8705;0.7577
Ge1C3Mg3,11.5035;0.7943;0.6309
Ge1Mg3Li3,9.7576;0.8932;0.7979
Pa1Ba3K3,11.8301;0.6791;0.4612
Pa1Ca3Li3,11.256;0.2891;0.0836
Pa1Mo3C3,12.0839;0.1634;0.0267
Pa1N3Nb3,10.0801;0.3672;0.1348
Pa1N3Cl3,12.627;0.4002;0.1602
Pa1N3Li3,10.3724;0.5787;0.3349
Pa1B3Mg3,15.654;0.9087;0.8258
Pa1C3Mg3,10.9975;0.777;0.6037
Pa1Mg3Li3,10.0169;0.8885;0.7894
Te1Ba3K3,10.7121;0.8186;0.6701
Te1Ca3Li3,9.8479;0.4057;0.1646
Te1Mo3C3,10.2236;0.2991;0.0894
Te1N3Cl3,11.6159;0.4906;0.2406
Te1N3Li3,9.5572;0.6327;0.4003
Te1B3Mg3,14.0758;0.9132;0.8338
Te1C3Mg3,9.9529;0.6069;0.3683
Ir1Ba3K3,10.0812;0.8438;0.7121
Ir1Mo3C3,10.0767;0.2979;0.0887
Ir1N3Cl3,10.7387;0.4263;0.1817
Ir1B3Mg3,13.5516;0.8777;0.7703
Ir1C3Mg3,9.421;0.7104;0.5046
Yb1Ba3K3,11.7778;0.6706;0.4497
Yb1Ca3Li3,11.1195;0.2831;0.0802
Yb1Mo3C3,11.9168;0.1728;0.0299
Yb1N3Nb3,10.0674;0.3677;0.1352
Yb1N3Cl3,12.6227;0.3987;0.1589
Yb1N3Li3,10.3604;0.5801;0.3365
Yb1B3Mg3,14.8224;0.8517;0.7254
Yb1C3Mg3,11.0142;0.7736;0.5985
Yb1Mg3Li3,9.9946;0.8856;0.7842
T1Ba3K3,11.6361;0.6744;0.4548
T1Ca3Li3,11.2534;0.2889;0.0835
T1Mo3C3,12.0839;0.1634;0.0267
T1N3Nb3,10.0801;0.3672;0.1348
T1N3Cl3,12.627;0.4002;0.1602
T1N3Li3,10.3724;0.5787;0.3349
T1B3Mg3,15.6531;0.9092;0.8267
T1C3Mg3,10.9975;0.777;0.6037
T1Mg3Li3,10.0168;0.8884;0.7892
U1N3Cl3,10.123;0.553;0.3058
U1B3Mg3,10.6727;0.8188;0.6704
Th1Ba3K3,11.7554;0.6614;0.4374
Th1Ca3Li3,10.955;0.3231;0.1044
Th1La3C3,10.7311;0.2611;0.0682
Th1Mo3C3,11.8101;0.1782;0.0318
Th1N3Nb3,9.969;0.3771;0.1422
Th1N3Cl3,12.5597;0.3996;0.1597
Th1N3Li3,10.2995;0.5795;0.3358
Th1Y3C3,9.7038;0.3731;0.1392
Th1B3Mg3,15.4183;0.898;0.8064
Th1C3Mg3,11.782;0.8234;0.6779
Th1Mg3Li3,9.9202;0.884;0.7814
Lu1Ba3K3,11.7747;0.7079;0.5011
Lu1Ca3Li3,10.725;0.3079;0.0948
Lu1Mo3C3,11.2394;0.2775;0.077
Lu1N3Nb3,10.02;0.372;0.1384
Lu1N3Cl3,12.58;0.3937;0.155
Lu1N3Li3,10.3066;0.5843;0.3414
Lu1B3Mg3,15.2635;0.9259;0.8572
Lu1C3Mg3,11.303;0.781;0.61
Lu1Mg3Li3,9.9074;0.8963;0.8034
Ag1Ba3K3,11.8207;0.6267;0.3928
Ag1Ca3Li3,10.9628;0.3024;0.0914
Ag1Mo3C3,12.0481;0.1687;0.0285
Ag1S3D3,9.3512;0.6945;0.4823
Ag1N3Nb3,10.049;0.3713;0.1379
Ag1N3Cl3,12.6026;0.4072;0.1658
Ag1N3Li3,10.3366;0.5886;0.3464
Ag1B3Mg3,15.4586;0.916;0.8391
Ag1C3Mg3,10.998;0.7747;0.6001
Ag1Mg3Li3,9.9204;0.8977;0.8059
Cd1Ba3K3,11.8276;0.6795;0.4617
Cd1Ca3Li3,11.1895;0.2947;0.0868
Cd1Mo3C3,11.3858;0.2098;0.044
Cd1N3Nb3,10.0746;0.3651;0.1333
Cd1N3Cl3,12.6281;0.4001;0.1601
Cd1N3Li3,10.3635;0.5842;0.3413
Cd1B3Mg3,15.5928;0.9047;0.8184
Cd1C3Mg3,10.9556;0.7764;0.6027
Cd1Mg3Li3,9.9755;0.8812;0.7764
Br1Ba3K3,12.183;0.6471;0.4187
Br1Ca3Li3,11.9868;0.3903;0.1524
Br1O3Li3,9.8107;0.4024;0.1619
Br1Mo3S3,13.4;0.0;0.0
Br1Mo3C3,11.885;0.2;0.04
Br1Mo3Tc3,10.5921;0.3506;0.123
Br1Sn3Nb3,9.7059;0.448;0.2007
Br1N3Nb3,10.0266;0.3554;0.1263
Br1N3Cl3,12.4947;0.4478;0.2005
Br1N3Li3,11.9854;0.5852;0.3424
Br1B3Mg3,15.6886;0.8811;0.7763
Br1C3Mg3,10.9359;0.7485;0.5603
Br1Mg3Li3,10.6921;0.8839;0.7813
I1Ba3K3,11.6488;0.7101;0.5042
I1Ca3Li3,11.842;0.3369;0.1135
I1Mo3C3,11.9661;0.1806;0.0326
I1N3Nb3,10.7409;0.4036;0.1629
I1N3Cl3,12.7881;0.3741;0.1399
I1N3C3,9.6017;0.4123;0.17
I1N3Li3,13.4725;0.5139;0.264
I1B3Mg3,15.6058;0.8889;0.7901
I1C3Mg3,11.1353;0.7746;0.6001
I1Mg3Li3,10.4965;0.9122;0.8322
Dy1Ba3K3,11.7438;0.6829;0.4663
Dy1Ca3Li3,11.0148;0.3256;0.106
Dy1Mo3C3,10.5887;0.2854;0.0814
Dy1N3Nb3,10.0535;0.3693;0.1364
Dy1N3Cl3,12.6184;0.3953;0.1563
Dy1N3Li3,10.356;0.5791;0.3354
Dy1B3Mg3,14.9897;0.9272;0.8597
Dy1C3Mg3,10.3096;0.7662;0.5871
Dy1Mg3Li3,9.9586;0.894;0.7992
Sc1Ba3K3,11.8397;0.67;0.4489
Sc1Ca3Li3,11.0929;0.3056;0.0934
Sc1Mo3C3,12.0015;0.1754;0.0308
Sc1N3Nb3,10.0748;0.3712;0.1378
Sc1N3Cl3,12.6235;0.404;0.1632
Sc1N3Li3,10.3618;0.5812;0.3378
Sc1B3Mg3,16.4397;0.914;0.8353
Sc1C3Mg3,11.4243;0.776;0.6022
Sc1Mg3Li3,10.4936;0.9046;0.8184
Cr1Ba3K3,11.6708;0.6914;0.478
Cr1Ca3Li3,10.6429;0.3159;0.0998
Cr1Mo3C3,9.7431;0.285;0.0812
Cr1N3Cl3,11.6638;0.4445;0.1976
Cr1N3Li3,9.4654;0.6017;0.3621
Cr1B3Mg3,11.6522;0.8945;0.8002
Cr1C3Mg3,9.6597;0.7723;0.5964
Cr1Mg3Li3,9.4391;0.8535;0.7284
D1Ba3K3,11.9044;0.6496;0.422
D1Ca3Li3,11.094;0.2766;0.0765
D1Mo3C3,12.0839;0.1634;0.0267
D1N3Nb3,10.0848;0.3644;0.1328
D1N3Cl3,12.6221;0.403;0.1624
D1N3Li3,10.3804;0.5683;0.323
D1B3Mg3,15.5684;0.9312;0.8671
D1C3Mg3,11.0139;0.7705;0.5937
D1Mg3Li3,10.0072;0.8841;0.7816
Cs1Ba3K3,12.6556;0.6656;0.443
Cs1K3N3,9.6309;0.7219;0.5211
Cs1Ca3Li3,10.5029;0.2902;0.0842
Cs1N3Nb3,11.5906;0.5719;0.3271
Cs1N3Cl3,13.6598;0.512;0.2621
Cs1N3C3,12.6121;0.7476;0.5589
Cs1N3Li3,11.7464;0.7124;0.5075
Cs1B3Mg3,15.2584;0.8833;0.7801
Cs1C3Hg3,10.0874;0.9355;0.8751
Cs1C3Rb3,9.3089;1.0044;1.0089
Cs1Mg3Li3,9.7168;0.8912;0.7943
Tc1Ba3K3,11.8381;0.679;0.461
Tc1Ca3Li3,11.2568;0.2858;0.0817
Tc1Mo3C3,12.0839;0.1634;0.0267
Tc1N3Nb3,10.0789;0.3662;0.1341
Tc1N3Cl3,12.6277;0.4006;0.1605
Tc1N3Li3,10.3731;0.5789;0.3351
Tc1B3Mg3,15.6578;0.9115;0.8308
Tc1C3Mg3,10.9968;0.7761;0.6023
Tc1Mg3Li3,10.0182;0.8885;0.7894
Pu1Ba3K3,11.7652;0.6792;0.4613
Pu1Ca3Li3,10.3537;0.3148;0.0991
Pu1Mo3C3,12.0259;0.1675;0.028
Pu1N3Nb3,9.9204;0.3585;0.1285
Pu1N3Cl3,12.5235;0.3885;0.151
Pu1N3Li3,10.2536;0.5767;0.3326
Pu1B3Mg3,14.7399;0.877;0.7691
Pu1C3Mg3,10.9659;0.7866;0.6188
Pu1Mg3Li3,9.7463;0.9105;0.829
Am1Ba3K3,11.8301;0.6791;0.4612
Am1Ca3Li3,11.256;0.2891;0.0836
Am1Mo3C3,12.0839;0.1634;0.0267
Am1N3Nb3,10.0801;0.3672;0.1348
Am1N3Cl3,12.627;0.4002;0.1602
Am1N3Li3,10.3724;0.5787;0.3349
Am1B3Mg3,15.654;0.9087;0.8258
Am1C3Mg3,10.9975;0.777;0.6037
Am1Mg3Li3,10.0169;0.8885;0.7894
Cm1Ba3K3,11.8301;0.6791;0.4612
Cm1Ca3Li3,11.256;0.2891;0.0836
Cm1Mo3C3,12.0839;0.1634;0.0267
Cm1N3Nb3,10.0801;0.3672;0.1348
Cm1N3Cl3,12.627;0.4002;0.1602
Cm1N3Li3,10.3724;0.5787;0.3349
Cm1B3Mg3,15.654;0.9087;0.8258
Cm1C3Mg3,10.9975;0.777;0.6037
Cm1Mg3Li3,10.0169;0.8885;0.7894
Po1Ba3K3,11.8301;0.6791;0.4612
Po1Ca3Li3,11.256;0.2891;0.0836
Po1Mo3C3,12.0839;0.1634;0.0267
Po1N3Nb3,10.0801;0.3672;0.1348
Po1N3Cl3,12.627;0.4002;0.1602
Po1N3Li3,10.3724;0.5787;0.3349
Po1B3Mg3,15.654;0.9087;0.8258
Po1C3Mg3,10.9975;0.777;0.6037
Po1Mg3Li3,10.0169;0.8885;0.7894

1229 of 317985 appear to be promising

hp_tune_min_nc_normal:

{'ccp_alpha': 0.0, 'criterion': 'squared_error', 'max_depth': None, 'max_leaf_nodes': None, 'max_samples': None, 'min_impurity_decrease': 0.0, 'min_samples_leaf': 1, 'min_samples_split': 2, 'min_weight_fraction_leaf': 0.0, 'n_estimators': 200, 'n_jobs': None, 'oob_score': False, 'random_state': None, 'verbose': 0, 'warm_start': False, 'max_features': 'sqrt', 'bootstrap': False}

Ba1O3Cl3,9.745;0.6903;0.4765
Ba1F3Cl3,9.4621;0.62;0.3844
K1Ba3Bi3,10.332;0.736;0.5417
K1Ba3Pb3,9.7362;0.6659;0.4435
K1O3I3,10.8653;0.8912;0.7943
K1Sn3N3,9.807;0.5004;0.2504
K1F3Li3,9.4305;0.6581;0.4332
K1N3In3,9.5235;0.518;0.2683
K1N3Pd3,9.8595;0.4173;0.1742
K1N3Sb3,9.6562;0.5322;0.2832
K1N3I3,10.0706;0.492;0.2421
K1Mg3H3,13.1701;1.0269;1.0545
Fe1Mg3H3,10.7561;0.7417;0.5502
As1N3Nb3,12.6141;0.3459;0.1196
As1B3Mg3,9.3111;0.777;0.6038
As1B3Li3,9.7877;0.7778;0.605
As1Mg3H3,9.5275;0.6604;0.4361
Ca1O3Li3,9.8967;0.582;0.3388
Ca1F3Li3,10.2767;0.6746;0.455
Ca1Mg3H3,12.5621;0.9147;0.8367
Cu1O3Li3,9.794;0.5699;0.3248
Cu1N3Nb3,10.0062;0.4511;0.2035
Cu1N3C3,9.7405;0.7712;0.5947
Cu1Mg3H3,11.1393;0.776;0.6022
O1Tm3N3,11.3693;0.5774;0.3334
O1Nd3N3,9.7308;0.6389;0.4082
O1S3Li3,9.7139;0.7203;0.5188
O1F3Mg3,9.6375;0.7509;0.5638
O1N3Nb3,11.685;0.2305;0.0531
O1N3Y3,9.7178;0.5127;0.2629
O1N3Hf3,11.6293;0.6136;0.3765
O1N3Sm3,9.9045;0.6007;0.3608
O1N3Tb3,10.3467;0.4965;0.2465
O1N3Gd3,10.5115;0.5906;0.3488
O1N3Ho3,10.86;0.6122;0.3748
O1N3Mg3,11.0754;0.6421;0.4123
O1N3Er3,11.1752;0.5887;0.3466
O1N3Yb3,10.0313;0.4726;0.2234
O1N3Lu3,11.043;0.6658;0.4433
O1N3Dy3,10.5932;0.5818;0.3385
O1Be3Mg3,10.501;0.8535;0.7285
O1Cl3Mg3,9.505;0.6708;0.45
O1Cl3Li3,9.4801;0.6433;0.4139
O1B3Mg3,16.8304;0.9646;0.9305
O1B3Na3,10.4828;0.7631;0.5823
O1C3Mg3,13.3243;0.8153;0.6648
O1Mg3H3,11.2353;0.7062;0.4987
O1Li3P3,10.2405;0.658;0.433
Mo1N3Nb3,9.9412;0.3383;0.1144
Ru1Mo3C3,10.0078;0.2721;0.074
Ru1Mo3Tc3,11.1836;0.3764;0.1417
Ru1N3Nb3,9.8623;0.3232;0.1044
Os1N3Nb3,9.7036;0.3146;0.099
Sn1N3Nb3,10.3494;0.3989;0.1591
Nd1Sn3N3,9.9178;0.5999;0.3599
Bi1Ba3Pb3,9.5844;0.5052;0.2552
Bi1N3Ti3,9.9649;0.5225;0.2731
Bi1N3Mg3,9.7965;0.7259;0.527
Bi1N3Tc3,9.5363;0.5831;0.34
Pb1N3Ti3,9.8853;0.5038;0.2538
S1N3Nb3,12.0813;0.4044;0.1635
S1N3Hf3,9.8394;0.6068;0.3683
S1N3C3,10.6425;0.8937;0.7987
S1N3Mg3,10.0147;0.6542;0.428
S1Be3B3,9.7603;0.9323;0.8692
S1B3C3,9.0133;0.993;0.986
S1B3Mg3,16.1329;0.922;0.8502
S1B3Li3,9.224;0.9773;0.955
S1C3Mg3,10.3912;0.8203;0.6729
S1Mg3H3,12.4948;0.8715;0.7596
F1O3Mg3,9.6166;0.655;0.429
F1Tm3N3,11.4362;0.5301;0.281
F1Nd3N3,10.0829;0.6827;0.4661
F1N3Nb3,10.0961;0.3267;0.1067
F1N3Y3,9.6618;0.5311;0.2821
F1N3Hf3,10.4446;0.6042;0.365
F1N3Sm3,10.1185;0.6084;0.3701
F1N3Tb3,10.4593;0.4535;0.2057
F1N3Gd3,10.6775;0.5403;0.2919
F1N3Ho3,11.1539;0.5224;0.2729
F1N3Pr3,9.5277;0.6204;0.3849
F1N3Mg3,10.4994;0.653;0.4264
F1N3Er3,11.3312;0.5429;0.2947
F1N3H3,9.4765;0.6559;0.4302
F1N3Yb3,9.8811;0.4588;0.2105
F1N3Lu3,10.9995;0.6095;0.3715
F1N3Dy3,10.9132;0.524;0.2746
F1Be3Mg3,11.4451;0.8363;0.6995
F1Cl3Mg3,9.402;0.6232;0.3884
F1B3Mg3,18.3847;0.9873;0.9748
F1B3Na3,10.8581;0.8025;0.644
F1C3Mg3,12.3691;0.7428;0.5517
F1Mg3H3,10.9119;0.6229;0.3881
F1Li3Si3,9.388;0.6198;0.3841
F1Li3P3,9.5522;0.7427;0.5516
V1O3Li3,10.4086;0.5819;0.3386
V1Mg3H3,11.3763;0.6562;0.4306
Ga1N3Nb3,10.7354;0.4485;0.2012
Ga1B3Li3,10.8783;0.8466;0.7167
Ga1C3Mg3,9.3141;0.8293;0.6878
Ga1Mg3H3,10.4425;0.6733;0.4534
Al1O3Li3,9.4917;0.7746;0.6
Al1N3Nb3,10.475;0.4388;0.1926
Al1N3H3,9.428;0.6397;0.4092
Al1B3Mg3,12.5529;0.9345;0.8732
Al1C3Mg3,10.4196;0.8556;0.7321
Al1Mg3H3,11.3294;0.7106;0.505
Sr1N3Pd3,9.5021;0.5314;0.2824
Sr1Mg3H3,9.519;0.8178;0.6688
Co1N3Nb3,9.7769;0.4404;0.1939
Co1Mg3H3,10.776;0.768;0.5898
W1Cu3H3,9.7206;0.581;0.3376
W1Mo3C3,10.5246;0.2531;0.064
N1O3Mg3,11.0793;0.8895;0.7912
N1S3Li3,9.8384;0.6098;0.3719
N1Be3Mg3,11.2464;0.7967;0.6348
N1Nb3Cl3,10.398;0.6107;0.3729
N1Hf3Cl3,11.5415;0.5927;0.3513
N1Cl3Zr3,10.8356;0.5215;0.272
N1Cl3Mg3,10.7457;0.6367;0.4054
N1Cl3Li3,10.6964;0.5505;0.3031
N1Cl3Ta3,9.7443;0.6434;0.4139
N1Cl3Na3,9.6074;0.4353;0.1894
N1Cl3Sc3,9.8748;0.3776;0.1426
N1B3Mg3,18.7062;0.8227;0.6769
N1B3Na3,9.4708;0.704;0.4957
N1C3Mg3,12.8691;0.7327;0.5368
N1C3H3,11.4932;0.7615;0.5798
N1Mg3Li3,10.4156;0.8728;0.7618
N1Mg3H3,10.9721;0.6674;0.4454
N1Li3Si3,9.3991;0.615;0.3782
N1Li3P3,10.9674;0.744;0.5536
Be1O3Mg3,11.8393;0.9951;0.9902
Be1S3Li3,10.1576;0.7547;0.5696
Be1F3Mg3,11.8031;0.8198;0.672
Be1N3Mg3,12.9037;0.749;0.561
Be1Cl3Li3,9.9106;0.655;0.429
Be1B3Mg3,14.8619;0.7479;0.5594
Be1C3Mg3,13.2048;1.0048;1.0096
Be1Mg3H3,10.5981;0.7058;0.4982
Nb1Mo3C3,10.8234;0.2399;0.0575
Y1Sn3N3,9.9335;0.5429;0.2947
Y1B3Pd3,10.8631;0.6966;0.4852
Y1Mg3H3,9.4372;0.814;0.6626
Hf1Sn3N3,10.4855;0.5417;0.2934
Hf1N3In3,10.3236;0.5569;0.3101
Hf1N3Mg3,9.3457;0.7546;0.5695
Hf1N3Sb3,10.4927;0.5419;0.2936
Hf1N3Te3,10.1748;0.6022;0.3626
Cl1Tm3N3,12.1323;0.6627;0.4391
Cl1Nd3N3,9.5281;0.6037;0.3645
Cl1N3Nb3,12.5544;0.4246;0.1802
Cl1N3Y3,10.0691;0.5844;0.3415
Cl1N3Hf3,14.2231;0.7194;0.5175
Cl1N3Sm3,10.0811;0.6571;0.4318
Cl1N3Tb3,11.3207;0.6081;0.3698
Cl1N3C3,9.4012;0.7331;0.5375
Cl1N3Gd3,10.5553;0.6521;0.4252
Cl1N3Zr3,11.6044;0.4984;0.2485
Cl1N3Ho3,11.9273;0.654;0.4277
Cl1N3Mg3,11.2328;0.7173;0.5145
Cl1N3Er3,11.9086;0.6678;0.446
Cl1N3Ta3,11.6622;0.4808;0.2311
Cl1N3Yb3,11.04;0.5207;0.2711
Cl1N3Lu3,11.7595;0.6816;0.4646
Cl1N3Dy3,11.6943;0.6584;0.4335
Cl1B3Mg3,13.9046;0.9806;0.9616
Cl1B3Li3,9.4173;0.957;0.9159
Cl1C3Mg3,10.7274;0.755;0.57
Cl1Mg3H3,11.8794;0.8326;0.6932
Sm1Sn3N3,9.6526;0.5861;0.3436
Ni1N3Nb3,9.6199;0.4478;0.2005
Ni1Mg3H3,10.8352;0.7894;0.6231
B1O3Mg3,10.7752;0.7936;0.6299
B1O3Na3,9.8146;0.5981;0.3577
B1S3Li3,10.8066;0.7707;0.594
B1F3Mg3,11.1134;0.7789;0.6067
B1N3C3,9.5569;0.8028;0.6446
B1N3Mg3,12.0341;0.8794;0.7733
B1Cl3Li3,10.2915;0.6419;0.412
B1C3Mg3,14.0125;0.9251;0.8557
B1Mg3H3,11.3847;0.7627;0.5817
B1Li3P3,11.2554;0.7482;0.5598
C1O3Mg3,10.8532;0.7679;0.5896
C1S3Li3,9.4777;0.6356;0.404
C1F3Mg3,10.4605;0.6546;0.4285
C1N3Nb3,11.6215;0.4957;0.2457
C1N3Mg3,11.6485;0.7052;0.4974
C1N3Ta3,9.7556;0.4177;0.1745
C1N3H3,10.8929;0.7022;0.4931
C1Be3Mg3,10.332;0.7469;0.5578
C1Cl3Mg3,9.332;0.7827;0.6127
C1Cl3Li3,10.0269;0.5215;0.272
C1B3Mg3,23.7249;0.7178;0.5152
C1B3Na3,9.9322;0.7836;0.6141
C1Mg3H3,11.2089;0.7971;0.6354
C1Li3P3,10.6859;0.7122;0.5073
Gd1Sn3N3,9.4837;0.5741;0.3296
In1N3Nb3,10.0744;0.4139;0.1713
Pd1Cu3H3,10.0075;0.5734;0.3288
Pd1N3Nb3,10.0426;0.3512;0.1234
Zr1Ga3Nb3,10.0504;0.5685;0.3232
Mn1O3Li3,9.8367;0.5741;0.3296
Mn1N3Nb3,9.6845;0.4691;0.2201
Mn1C3Mg3,9.2431;0.8982;0.8068
Mn1Mg3H3,11.2933;0.8127;0.6605
Se1N3Nb3,12.0498;0.4318;0.1864
Se1N3Hf3,10.377;0.5424;0.2942
Se1N3Mg3,9.6925;0.6646;0.4418
Se1B3Mg3,9.8465;0.8123;0.6599
Se1B3Li3,11.418;0.8857;0.7845
Se1Mg3H3,9.567;0.7215;0.5206
Ti1O3Li3,10.9593;0.5519;0.3046
Ti1F3Li3,9.9315;0.5215;0.272
Ti1Ga3Nb3,9.9027;0.5802;0.3367
Ti1N3Nb3,10.1821;0.4065;0.1653
Ti1N3Mg3,9.5159;0.7889;0.6223
Ti1Mg3H3,12.2312;0.744;0.5536
Hg1N3Nb3,10.2537;0.4488;0.2014
Rb1O3I3,9.6519;0.6669;0.4447
Rb1N3Pd3,9.9641;0.4093;0.1676
Rb1N3I3,9.6267;0.5425;0.2943
Rb1Mg3H3,10.333;0.9018;0.8132
Pr1Sn3N3,9.8248;0.5973;0.3568
Mg1O3Li3,10.4234;0.6771;0.4584
Mg1F3Li3,10.046;0.7089;0.5026
Mg1N3Nb3,10.4829;0.6074;0.369
Mg1N3C3,9.9603;0.8215;0.6749
Mg1N3H3,9.9873;0.6929;0.4801
Mg1B3C3,11.3666;0.9134;0.8342
Sb1N3Nb3,10.9151;0.4533;0.2055
Rh1Mo3C3,9.9157;0.3045;0.0927
Rh1Mo3Tc3,9.9398;0.3971;0.1577
Rh1N3Nb3,9.8032;0.351;0.1232
Au1Cu3H3,10.1849;0.5746;0.3301
Au1N3Nb3,9.8134;0.4314;0.1861
Zn1N3Nb3,10.7244;0.4051;0.1641
Zn1Mg3H3,9.8705;0.7341;0.5389
Li1O3Mg3,13.3274;0.9063;0.8213
Li1F3Mg3,14.0254;1.0011;1.0023
Li1N3Mg3,14.3025;0.9236;0.8531
Li1Be3P3,9.5121;0.747;0.558
Li1B3Mg3,13.8607;1.0083;1.0167
Li1B3Si3,10.3447;0.8791;0.7729
Li1C3Mg3,13.6703;0.937;0.8779
Li1Mg3H3,10.9347;0.8131;0.6611
Si1N3Nb3,11.4998;0.4333;0.1878
Si1N3C3,10.4307;0.724;0.5242
Si1N3Mg3,9.7704;0.6738;0.454
Si1N3H3,10.1022;0.6122;0.3748
Si1B3Mg3,15.9289;0.8953;0.8015
Si1C3Mg3,10.5862;0.8505;0.7234
Si1Mg3H3,12.076;0.6979;0.487
P1Tm3N3,10.0575;0.543;0.2949
P1N3Nb3,11.9179;0.4589;0.2106
P1N3Hf3,10.2438;0.4385;0.1923
P1N3Ho3,9.7574;0.5085;0.2585
P1N3Mg3,10.0882;0.7065;0.4992
P1N3Er3,9.7981;0.5372;0.2886
P1N3Lu3,9.6603;0.5919;0.3504
P1N3Dy3,9.6467;0.5419;0.2936
P1Be3B3,9.3797;0.8255;0.6814
P1B3Mg3,16.6416;0.9178;0.8424
P1C3Mg3,11.4648;0.7814;0.6106
P1Mg3H3,12.6089;0.8286;0.6865
Ta1Ga3Nb3,10.6774;0.5948;0.3537
Na1O3Mg3,9.6465;0.8856;0.7843
Na1F3Mg3,10.1792;0.8419;0.7088
Na1F3Li3,9.5995;0.6059;0.3672
Na1N3Mg3,11.3571;0.893;0.7975
Na1B3Mg3,10.2999;1.0495;1.1015
Na1C3Mg3,9.2356;0.8366;0.7
Na1Mg3H3,12.0285;0.8865;0.7859
H1O3Mg3,12.6365;0.908;0.8245
H1S3Li3,9.5784;0.6954;0.4836
H1F3Mg3,10.8961;0.751;0.564
H1N3C3,10.0168;0.8082;0.6532
H1N3Mg3,11.3574;0.7331;0.5374
H1Be3Mg3,10.7537;0.8049;0.6479
H1Cl3Mg3,10.2567;0.6528;0.4262
H1Cl3Li3,9.7076;0.6715;0.451
H1B3Mg3,16.7778;0.6985;0.4879
H1B3Na3,9.4594;0.7581;0.5748
H1C3Mg3,11.4456;0.6795;0.4618
H1Mg3Li3,10.9329;0.7709;0.5943
H1Mg3P3,9.4875;0.8228;0.6769
H1Li3P3,9.5776;0.663;0.4395
Pt1Cu3H3,10.2832;0.5808;0.3374
Pt1N3Nb3,9.9513;0.3462;0.1198
Ge1N3Nb3,11.584;0.3434;0.1179
Ge1B3Li3,9.8494;0.8131;0.6611
Ge1Mg3H3,9.5505;0.6929;0.4801
Te1N3Nb3,10.7664;0.4559;0.2078
Ir1Cu3H3,9.5851;0.5482;0.3005
Ir1Mo3Re3,9.9057;0.1305;0.017
Cd1N3Nb3,10.7439;0.374;0.1399
Br1Mo3S3,13.4;0.0;0.0
Br1N3Nb3,12.0161;0.4141;0.1715
Br1N3Hf3,11.6786;0.609;0.3709
Br1N3Zr3,10.9045;0.4719;0.2227
Br1N3Mg3,10.3526;0.6833;0.4669
Br1B3Mg3,10.0088;0.8083;0.6533
Br1B3Li3,11.5581;0.9308;0.8665
Br1C3Mg3,9.6082;0.7376;0.544
Br1Mg3H3,9.5196;0.7171;0.5143
I1N3Nb3,11.2972;0.4381;0.192
I1N3Hf3,10.9593;0.5014;0.2514
I1N3Zr3,10.2784;0.4916;0.2416
I1N3Ti3,10.4068;0.5605;0.3142
I1N3Mg3,9.9038;0.6448;0.4158
Sc1O3Li3,10.0888;0.5948;0.3538
Sc1Sn3N3,10.216;0.4894;0.2395
Sc1F3Li3,9.9858;0.6038;0.3646
Sc1N3In3,9.507;0.5652;0.3194
Sc1Mg3H3,13.1403;0.7878;0.6207
Cr1O3Li3,9.8392;0.6226;0.3876
Cr1Mg3H3,10.0964;0.65;0.4225
Cs1As3N3,9.6852;0.4612;0.2127
Cs1Ga3N3,9.5168;0.5879;0.3457
Cs1N3Pd3,9.5848;0.4876;0.2378
Tc1N3Nb3,10.3614;0.2891;0.0836
Po1N3Ti3,9.5528;0.4941;0.2441

322 of 285852 appear to be promising

hp_tune_sug_nc_normal:

{'ccp_alpha': 0.0, 'criterion': 'squared_error', 'max_depth': None, 'max_leaf_nodes': None, 'max_samples': None, 'min_impurity_decrease': 0.0, 'min_samples_leaf': 1, 'min_samples_split': 2, 'min_weight_fraction_leaf': 0.0, 'n_estimators': 200, 'n_jobs': None, 'oob_score': False, 'random_state': None, 'verbose': 0, 'warm_start': False, 'max_features': 'sqrt', 'bootstrap': False}

Ba1K3O3,9.4203;0.8911;0.794
Ba1K3F3,10.4612;0.6833;0.4669
Ba1O3S3,10.7001;0.995;0.9901
Ba1O3Cl3,9.6248;0.9279;0.861
Ba1O3P3,10.4777;0.9865;0.9731
Ba1O3Br3,10.193;0.9602;0.9221
Ba1S3F3,9.0201;1.0579;1.1192
Ba1F3Na3,9.442;0.8312;0.6909
K1Ba3Bi3,10.4479;0.5666;0.321
K1Ba3Pb3,10.6228;0.6148;0.378
K1Ba3Po3,9.5567;0.608;0.3696
K1O3I3,10.5344;0.6219;0.3867
K1F3Li3,9.2422;0.8269;0.6838
K1N3Pd3,9.6576;0.6234;0.3887
K1N3Sb3,9.5618;0.6106;0.3729
K1Be3B3,10.6317;1.0702;1.1454
K1Mg3H3,11.193;0.9577;0.9173
Fe1B3Mg3,11.0058;1.0411;1.0838
Fe1B3Li3,9.6603;0.823;0.6773
As1N3Nb3,11.3493;0.4223;0.1783
As1B3Li3,10.4191;0.9179;0.8426
Ca1Be3B3,9.8303;0.9363;0.8766
Ca1B3Li3,9.831;0.7397;0.5472
Ca1Mg3H3,10.2939;0.9723;0.9455
Cu1B3Li3,10.1813;0.9672;0.9354
Cu1Mg3H3,9.376;0.6757;0.4566
O1N3Nb3,11.2982;0.2413;0.0582
O1Be3Mg3,11.4264;0.8516;0.7251
O1B3Mg3,15.5464;0.9958;0.9917
O1B3Na3,10.845;0.9112;0.8303
O1Mg3Li3,9.5577;0.715;0.5113
O1Mg3H3,10.0202;0.8756;0.7666
O1Li3Si3,9.5993;0.7968;0.6349
Ru1Mo3Tc3,11.0896;0.2943;0.0866
Sn1N3Nb3,10.0265;0.3499;0.1224
S1N3Nb3,10.5357;0.4187;0.1753
S1B3Mg3,12.1164;0.9387;0.8812
S1B3Li3,9.8722;0.8274;0.6846
S1Mg3H3,10.0734;0.8823;0.7785
F1K3O3,9.8906;0.6686;0.4471
F1Be3Mg3,11.4443;0.7332;0.5376
F1B3Mg3,15.7477;0.9092;0.8266
F1B3Na3,10.4434;0.9011;0.8119
F1Mg3Li3,10.2817;0.7205;0.5191
F1Mg3H3,10.0303;0.85;0.7226
F1Li3Si3,9.3235;0.7457;0.5561
V1Al3Nb3,10.4702;0.5456;0.2977
V1B3Mg3,11.3168;1.0141;1.0284
V1B3Li3,9.4303;0.6985;0.4879
V1Mg3H3,9.6676;0.7936;0.6298
Ga1N3Nb3,9.7696;0.4025;0.162
Ga1B3Li3,10.9906;0.7652;0.5855
Al1N3Mg3,9.5041;0.7533;0.5674
Al1B3Mg3,12.0149;0.8942;0.7995
Al1B3Li3,10.0241;0.6391;0.4084
Al1Mg3H3,10.6488;0.81;0.6561
Sr1Ba3Pb3,9.508;0.5119;0.262
Co1B3Mg3,9.9095;0.8369;0.7004
Co1B3Li3,9.9329;0.8014;0.6423
N1K3O3,9.4612;0.6349;0.4031
N1Be3Mg3,12.7558;1.1016;1.2136
N1Nb3Cl3,10.219;0.665;0.4422
N1Hf3Cl3,10.6216;0.642;0.4121
N1Cl3Zr3,10.0633;0.567;0.3215
N1B3Mg3,15.1826;1.0705;1.146
N1B3Na3,9.9057;0.9542;0.9104
N1Mg3Li3,10.6878;0.8807;0.7756
N1Mg3H3,9.5233;0.8533;0.7281
N1Li3Si3,10.1029;0.8824;0.7785
Be1O3Mg3,10.2941;0.7127;0.5079
Be1S3Li3,9.4257;0.7878;0.6207
Be1F3Mg3,9.5834;0.5981;0.3577
Be1N3Mg3,11.4202;0.8295;0.6881
Be1B3Mg3,21.0431;1.086;1.1794
Be1B3Na3,9.98;0.9188;0.8442
Be1Li3P3,9.368;0.8106;0.657
Cl1N3Nb3,10.9655;0.4834;0.2337
Cl1N3Y3,9.7794;0.5359;0.2872
Cl1N3Zr3,10.2272;0.4385;0.1923
Cl1B3Mg3,11.7001;0.9123;0.8324
Cl1B3Li3,10.0557;0.7529;0.5669
Cl1Mg3H3,10.2787;0.8749;0.7655
Ni1B3Mg3,9.5519;0.8712;0.7589
Ni1B3Li3,10.0238;0.8063;0.6501
B1N3Mg3,10.6692;0.7982;0.6371
B1Be3Mg3,10.3962;0.8307;0.69
B1Mg3H3,9.7485;0.8819;0.7777
B1Li3Si3,9.2559;0.8659;0.7498
B1Li3P3,9.5284;0.7803;0.6089
Pd1Cu3H3,9.7824;0.511;0.2611
Mn1B3Mg3,11.1576;1.144;1.3088
Mn1B3Li3,9.8993;0.7801;0.6085
Mn1Mg3H3,9.4666;0.7462;0.5568
Se1N3Nb3,10.7957;0.4353;0.1895
Se1B3Li3,10.1517;0.973;0.9467
Ti1O3Li3,9.6464;0.5233;0.2739
Ti1Al3Nb3,9.8232;0.4864;0.2365
Ti1N3Nb3,9.8862;0.4106;0.1686
Ti1B3Mg3,10.8951;1.1734;1.3768
Ti1B3Li3,10.0106;0.715;0.5112
Ti1Mg3H3,10.4095;0.9165;0.84
Rb1Ba3Pb3,9.9731;0.5607;0.3144
Rb1O3Br3,9.5267;0.7017;0.4924
Rb1O3I3,9.6448;0.6942;0.4818
Rb1N3Pd3,9.8955;0.6214;0.3861
Rb1Be3B3,9.3584;0.764;0.5837
Mg1O3Li3,9.984;0.8503;0.723
Mg1F3Li3,9.4758;0.6861;0.4707
Mg1B3Li3,9.8055;0.813;0.661
Sb1N3Nb3,10.5897;0.3606;0.13
Rh1Mo3Tc3,10.1382;0.2654;0.0704
Rh1Al3Nb3,9.85;0.5085;0.2585
Au1Cu3H3,10.7355;0.5173;0.2676
Zn1B3Li3,10.2668;0.943;0.8893
Li1O3Mg3,11.099;0.6911;0.4776
Li1F3Mg3,10.7285;0.683;0.4665
Li1Al3B3,9.4095;0.8522;0.7263
Li1N3Mg3,12.065;0.9045;0.8182
Li1Be3Mg3,9.3242;0.9257;0.8569
Li1B3Mg3,17.4695;1.0924;1.1934
Li1B3Si3,11.1651;0.9438;0.8908
Li1B3Na3,9.4886;0.7738;0.5988
Li1Mg3H3,9.3783;0.8831;0.7798
Si1N3Nb3,9.5984;0.53;0.2809
Si1N3Mg3,9.3937;0.7148;0.5109
Si1B3Mg3,15.1268;1.1053;1.2217
Si1B3Li3,10.2355;0.7506;0.5634
Si1Mg3H3,10.5228;0.7998;0.6397
P1O3Sr3,9.4889;0.6179;0.3818
P1N3Nb3,10.5894;0.4096;0.1678
P1B3Mg3,12.3045;0.9828;0.966
P1B3Li3,9.6436;0.7745;0.5998
P1Mg3H3,9.9496;0.8375;0.7014
Ta1Al3Nb3,9.7498;0.4497;0.2022
Na1N3Mg3,9.3066;0.8137;0.6621
Na1B3Mg3,12.8772;1.04;1.0816
Na1Mg3H3,10.1269;0.9027;0.8148
H1O3Mg3,10.6184;0.7268;0.5282
H1F3Mg3,9.5443;0.6444;0.4152
H1N3Mg3,10.0742;0.8241;0.6791
H1Be3Mg3,10.6193;0.7841;0.6148
H1Nb3Cl3,9.381;0.6777;0.4593
H1Hf3Cl3,10.0745;0.594;0.3529
H1B3Mg3,14.7222;0.8928;0.7971
H1B3Na3,10.9267;0.9142;0.8357
H1Mg3Li3,10.6905;0.8316;0.6916
H1Li3Si3,9.2289;0.7943;0.6309
Pt1Cu3H3,10.8958;0.4529;0.2051
Ge1N3Nb3,10.3146;0.4688;0.2198
Ge1B3Li3,10.4142;0.8122;0.6597
Te1N3Nb3,10.1245;0.4002;0.1602
Ag1Pd3H3,10.0337;0.4953;0.2454
Cd1N3Nb3,9.736;0.4492;0.2018
Br1Mo3S3,13.4;0.0;0.0
Br1N3Nb3,10.6493;0.4315;0.1862
Br1N3Zr3,10.0729;0.468;0.219
Br1B3Li3,10.539;0.9447;0.8924
I1N3Nb3,10.0792;0.5282;0.279
Sc1B3Mg3,10.0675;1.0311;1.0631
Sc1B3Li3,9.4027;0.7454;0.5556
Sc1Mg3H3,10.3703;0.9212;0.8486
Cr1B3Mg3,11.6119;1.0663;1.137
Cr1B3Li3,10.0388;0.7337;0.5382
Cr1Mg3H3,9.584;0.7979;0.6366
Cs1Ba3Pb3,10.2212;0.5285;0.2793
Cs1O3S3,9.5017;0.814;0.6626
Cs1O3Se3,9.4495;0.6948;0.4827
Cs1O3P3,9.7266;0.7079;0.5011
Tc1Al3Nb3,9.6081;0.4815;0.2318
Tc1B3Mg3,9.0283;1.0182;1.0368
Po1Ba3Pb3,9.566;0.5394;0.2909

171 of 219450 appear to be promising

