hp_tune_blank_nc_normal:

{'ccp_alpha': 0.0, 'criterion': 'squared_error', 'max_depth': None, 'max_leaf_nodes': None, 'max_samples': None, 'min_impurity_decrease': 0.0, 'min_samples_leaf': 1, 'min_samples_split': 2, 'min_weight_fraction_leaf': 0.0, 'n_estimators': 200, 'n_jobs': None, 'oob_score': False, 'random_state': None, 'verbose': 0, 'warm_start': False, 'max_features': 'sqrt', 'bootstrap': False}

Ba1K4La4,9.9055;1.0296;1.0601
Ba1K4O4,10.6211;0.7481;0.5597
Ba1K4Nd4,10.3734;0.9672;0.9354
Ba1K4Bi4,12.7513;0.6866;0.4715
Ba1K4Pb4,11.5984;0.7934;0.6295
Ba1K4N4,9.5394;0.6945;0.4823
Ba1K4Y4,9.7975;0.6867;0.4715
Ba1Ca4La4,9.1057;1.4813;2.1944
Ba1Ca4Nd4,10.3498;1.0937;1.1961
Ba1La4Cu4,9.5601;1.3444;1.8075
Ba1La4O4,10.3072;1.6931;2.8667
Ba1La4Mo4,9.5123;1.1757;1.3822
Ba1La4Tm4,9.6236;1.4446;2.087
Ba1La4Os4,10.1181;1.25;1.5625
Ba1La4Nd4,18.0443;1.8511;3.4266
Ba1La4F4,9.9529;1.3706;1.8786
Ba1La4Sr4,10.4353;1.3573;1.8422
Ba1La4W4,9.2908;1.408;1.9824
Ba1La4Be4,9.1718;1.451;2.1054
Ba1La4Tl4,9.2092;1.4829;2.199
Ba1La4Hf4,9.5965;1.338;1.7904
Ba1La4Cl4,9.8203;1.2037;1.4488
Ba1La4Sm4,9.2724;1.4692;2.1586
Ba1La4Tb4,8.8711;1.5008;2.2525
Ba1La4Gd4,9.1322;1.4625;2.139
Ba1La4Ho4,8.8365;1.4423;2.0801
Ba1La4Se4,9.5771;1.4397;2.0727
Ba1La4Hg4,9.4099;1.4384;2.0691
Ba1La4Eu4,9.3976;1.4606;2.1334
Ba1La4Rb4,11.6869;1.5081;2.2743
Ba1La4Np4,9.5442;1.4673;2.153
Ba1La4Ta4,9.1995;1.4264;2.0347
Ba1La4Na4,8.8753;1.5079;2.2737
Ba1La4Pa4,9.5352;1.471;2.1638
Ba1La4Yb4,9.224;1.4782;2.1851
Ba1La4T4,9.3222;1.4722;2.1674
Ba1La4Th4,9.1254;1.439;2.0706
Ba1La4Lu4,8.7419;1.3754;1.8918
Ba1La4Cd4,8.77;1.5042;2.2625
Ba1La4Br4,9.2007;1.397;1.9515
Ba1La4I4,9.1396;1.5022;2.2566
Ba1La4Dy4,9.2258;1.4907;2.2222
Ba1La4Sc4,11.4099;1.3825;1.9113
Ba1La4D4,9.8522;1.3916;1.9367
Ba1La4Cs4,9.2049;1.5096;2.279
Ba1La4Tc4,9.9368;1.5045;2.2636
Ba1La4Pu4,9.2449;1.4626;2.1393
Ba1La4Am4,9.5357;1.4714;2.1651
Ba1La4Cm4,9.5353;1.4709;2.1635
Ba1La4Po4,9.5353;1.4709;2.1635
Ba1Cu4Nd4,8.9429;1.1053;1.2217
Ba1O4Nd4,13.3474;1.1955;1.4292
Ba1O4Rb4,10.988;1.0219;1.0442
Ba1Mo4C4,10.54;0.3699;0.1368
Ba1Tm4Nd4,10.6023;1.0738;1.153
Ba1Os4Nd4,8.9942;1.1458;1.3128
Ba1Sn4Nd4,9.4077;1.0222;1.0448
Ba1Nd4Bi4,10.4671;1.0739;1.1533
Ba1Nd4Pb4,10.0496;1.0326;1.0662
Ba1Nd4S4,9.011;1.0914;1.1912
Ba1Nd4F4,11.3205;1.0667;1.1379
Ba1Nd4V4,9.5184;1.0046;1.0093
Ba1Nd4Sr4,13.3118;1.069;1.1429
Ba1Nd4Re4,9.9127;0.9283;0.8618
Ba1Nd4W4,10.8218;1.1193;1.2528
Ba1Nd4Be4,10.3426;1.0716;1.1484
Ba1Nd4Tl4,10.7908;1.0776;1.1613
Ba1Nd4Hf4,10.7967;1.1362;1.291
Ba1Nd4Cl4,10.5591;1.0722;1.1496
Ba1Nd4Sm4,10.5014;1.1207;1.256
Ba1Nd4Tb4,10.2613;1.1537;1.3311
Ba1Nd4Gd4,10.5061;1.0754;1.1564
Ba1Nd4In4,10.2871;1.0959;1.2011
Ba1Nd4Zr4,9.3619;1.0378;1.0771
Ba1Nd4Mn4,10.1243;1.1267;1.2694
Ba1Nd4Ho4,10.2555;1.0991;1.2079
Ba1Nd4Se4,10.4896;1.0914;1.1912
Ba1Nd4Ti4,9.7302;0.9701;0.9412
Ba1Nd4Hg4,10.4934;1.0299;1.0608
Ba1Nd4Eu4,10.5629;1.1083;1.2282
Ba1Nd4Rb4,12.2526;1.19;1.4161
Ba1Nd4Pr4,9.9289;1.1392;1.2979
Ba1Nd4Er4,10.0777;1.0092;1.0184
Ba1Nd4Rh4,9.3376;0.9554;0.9128
Ba1Nd4Zn4,9.9026;1.0915;1.1913
Ba1Nd4Np4,10.6393;1.0863;1.1799
Ba1Nd4P4,9.0492;1.1412;1.3024
Ba1Nd4Ta4,11.0011;1.0613;1.1264
Ba1Nd4Na4,10.0351;1.0893;1.1865
Ba1Nd4H4,11.2761;1.1025;1.2154
Ba1Nd4Pa4,10.6071;1.0876;1.183
Ba1Nd4Yb4,10.4735;1.0444;1.0909
Ba1Nd4T4,10.3785;1.1245;1.2645
Ba1Nd4Th4,10.0303;1.0341;1.0694
Ba1Nd4Lu4,10.1424;1.0856;1.1785
Ba1Nd4Cd4,10.2507;1.0892;1.1863
Ba1Nd4Br4,10.1299;1.1011;1.2123
Ba1Nd4I4,10.2945;1.0791;1.1645
Ba1Nd4Dy4,10.5072;1.0784;1.163
Ba1Nd4Sc4,10.5999;1.0647;1.1336
Ba1Nd4D4,11.2872;1.0573;1.118
Ba1Nd4Cs4,10.2606;1.0081;1.0163
Ba1Nd4Tc4,11.4611;1.0404;1.0824
Ba1Nd4Pu4,10.5255;1.0479;1.0981
Ba1Nd4Am4,10.5933;1.0883;1.1844
Ba1Nd4Cm4,10.5929;1.0884;1.1846
Ba1Nd4Po4,10.5929;1.0884;1.1846
Ba1Bi4Rb4,12.788;0.8795;0.7736
Ba1Ga4Nb4,11.6799;0.5842;0.3413
Ba1Al4Nb4,11.4945;0.5376;0.289
Ba1Sr4Rb4,9.9917;1.0448;1.0916
Ba1N4Cl4,11.1255;0.5078;0.2579
Ba1N4Li4,9.9495;0.5826;0.3395
Ba1B4Mg4,13.0835;1.0098;1.0197
Ba1C4Mg4,11.3429;0.7785;0.6061
K1Ba4As4,9.3393;0.7301;0.5331
K1Ba4Ca4,10.1126;0.6918;0.4786
K1Ba4La4,13.2443;1.0506;1.1037
K1Ba4Cu4,9.4777;0.7455;0.5558
K1Ba4O4,13.0263;0.8413;0.7078
K1Ba4Ru4,9.4061;0.7125;0.5076
K1Ba4Tm4,10.4434;0.746;0.5564
K1Ba4Os4,9.9792;0.691;0.4775
K1Ba4Sn4,10.0565;0.6773;0.4588
K1Ba4Nd4,13.8499;1.065;1.1343
K1Ba4Bi4,17.1818;0.7459;0.5564
K1Ba4Pb4,15.2163;0.7975;0.636
K1Ba4F4,10.5695;0.7518;0.5652
K1Ba4V4,9.7346;0.727;0.5285
K1Ba4Sr4,11.1292;0.6288;0.3954
K1Ba4Re4,9.8879;0.7912;0.626
K1Ba4W4,9.6965;0.6987;0.4881
K1Ba4N4,11.5537;0.7779;0.6052
K1Ba4Be4,10.3329;0.7368;0.5429
K1Ba4Tl4,9.7185;0.7649;0.5851
K1Ba4Y4,12.6259;0.86;0.7395
K1Ba4Hf4,10.5816;0.7758;0.6019
K1Ba4Cl4,11.3071;0.6972;0.4861
K1Ba4Sm4,10.3995;0.7492;0.5614
K1Ba4Tb4,10.276;0.7542;0.5688
K1Ba4B4,9.6732;0.7247;0.5252
K1Ba4Gd4,10.3747;0.7358;0.5414
K1Ba4In4,9.9551;0.721;0.5198
K1Ba4Zr4,10.5208;0.749;0.561
K1Ba4Mn4,10.2301;0.7542;0.5689
K1Ba4Ho4,10.2549;0.7499;0.5623
K1Ba4Se4,9.8941;0.6982;0.4874
K1Ba4Ti4,9.9672;0.6859;0.4704
K1Ba4Eu4,10.4451;0.7433;0.5525
K1Ba4Rb4,11.8471;0.7503;0.563
K1Ba4Pr4,9.4052;0.6664;0.4441
K1Ba4Er4,10.2372;0.7568;0.5727
K1Ba4Rh4,10.2896;0.7335;0.5381
K1Ba4Zn4,10.1188;0.7738;0.5988
K1Ba4Np4,10.486;0.7396;0.5471
K1Ba4P4,9.4676;0.7574;0.5737
K1Ba4Ta4,9.8246;0.739;0.5461
K1Ba4Na4,9.6482;0.7269;0.5283
K1Ba4H4,11.3275;0.7708;0.5941
K1Ba4Pt4,9.6125;0.7219;0.5211
K1Ba4Pa4,10.4633;0.7416;0.55
K1Ba4Yb4,10.3595;0.7454;0.5557
K1Ba4T4,10.342;0.7389;0.5459
K1Ba4Th4,10.2633;0.7432;0.5523
K1Ba4Lu4,10.282;0.7427;0.5516
K1Ba4Ag4,9.334;0.8152;0.6646
K1Ba4Cd4,10.324;0.7427;0.5515
K1Ba4Br4,11.1146;0.7345;0.5395
K1Ba4I4,10.3276;0.7393;0.5466
K1Ba4Dy4,10.3642;0.7467;0.5576
K1Ba4Sc4,10.4427;0.751;0.564
K1Ba4Cr4,9.698;0.7366;0.5426
K1Ba4D4,10.6585;0.7767;0.6032
K1Ba4Cs4,10.3336;0.7299;0.5328
K1Ba4Tc4,10.701;0.7371;0.5434
K1Ba4Pu4,10.4277;0.749;0.561
K1Ba4Am4,10.4593;0.7412;0.5493
K1Ba4Cm4,10.4596;0.7412;0.5493
K1Ba4Po4,10.4596;0.7412;0.5493
K1Bi4Pb4,9.5252;0.5736;0.3291
K1Pb4N4,9.4538;0.7175;0.5148
K1Ga4Nb4,10.3944;0.6012;0.3614
K1Al4Nb4,9.8695;0.5235;0.274
K1N4Cl4,11.7412;0.4556;0.2075
K1N4Li4,10.5913;0.5119;0.262
K1N4Br4,10.1004;0.6297;0.3965
K1B4Mg4,11.3751;1.0502;1.1029
Fe1Ba4Nd4,9.8652;1.0606;1.1249
Fe1Ca4Li4,10.6874;0.3721;0.1385
Fe1Mo4C4,11.5899;0.277;0.0767
Fe1Ga4Nb4,13.0382;0.5424;0.2942
Fe1Al4Nb4,12.7991;0.5537;0.3066
Fe1N4Li4,10.3354;0.5349;0.2862
Fe1B4Mg4,16.178;1.1574;1.3396
Fe1C4Mg4,12.7927;0.8343;0.696
Fe1Mg4Li4,9.635;0.9517;0.9058
As1Mo4C4,11.4911;0.2964;0.0878
As1Ga4Nb4,13.5749;0.5135;0.2637
As1Al4Nb4,12.9296;0.4797;0.2302
As1N4Li4,9.8624;0.6074;0.369
As1B4Mg4,14.0079;0.9196;0.8457
As1C4Mg4,11.8739;0.9405;0.8845
Ca1Ba4K4,9.2343;0.7757;0.6017
Ca1Ba4La4,9.1936;1.5126;2.288
Ca1Ba4Nd4,10.4008;1.2767;1.6299
Ca1Mo4Re4,9.9238;0.1855;0.0344
Ca1Mo4C4,12.2995;0.1497;0.0224
Ca1Ga4Nb4,14.413;0.4587;0.2104
Ca1Al4Nb4,12.7132;0.5001;0.2501
Ca1N4Li4,10.3622;0.5523;0.305
Ca1B4Mg4,14.8763;1.0054;1.0108
Ca1C4Mg4,13.2737;0.8929;0.7974
La1Ba4K4,12.226;1.0969;1.2032
La1Ba4O4,9.2732;1.5284;2.336
La1Ba4Mo4,9.6337;1.0648;1.1338
La1Ba4Tm4,8.8592;1.419;2.0134
La1Ba4Nd4,18.4782;1.6722;2.7964
La1Ba4Bi4,9.1847;1.1121;1.2367
La1Ba4F4,9.3883;1.3106;1.7176
La1Ba4Sr4,9.7634;1.3458;1.8112
La1Ba4W4,8.8296;1.3618;1.8545
La1Ba4Tl4,8.6561;1.44;2.0737
La1Ba4Hf4,8.8366;1.2511;1.5652
La1Ba4Cl4,9.362;1.0992;1.2083
La1Ba4Se4,8.6038;1.424;2.0278
La1Ba4Eu4,8.562;1.44;2.0735
La1Ba4Rb4,11.0181;1.3382;1.7908
La1Ba4Rh4,9.119;1.3054;1.704
La1Ba4Np4,8.6616;1.44;2.0737
La1Ba4Ta4,8.7931;1.3773;1.897
La1Ba4H4,9.5442;1.3897;1.9313
La1Ba4Pa4,8.6364;1.4394;2.072
La1Ba4Sc4,9.6585;1.3868;1.9233
La1Ba4D4,9.3999;1.3809;1.907
La1Ba4Tc4,9.4329;1.4477;2.0959
La1Ba4Pu4,8.5731;1.4407;2.0757
La1Ba4Am4,8.6325;1.4382;2.0685
La1Ba4Cm4,8.6322;1.4381;2.068
La1Ba4Po4,8.6322;1.4381;2.068
La1Ca4Li4,10.312;0.3856;0.1487
La1Mo4Re4,9.8262;0.2062;0.0425
La1Mo4C4,12.0413;0.1691;0.0286
La1Mo4Tc4,10.104;0.2995;0.0897
La1Ga4Nb4,14.0861;0.4715;0.2224
La1Al4Nb4,11.0766;0.6734;0.4535
La1N4Li4,10.1308;0.5135;0.2637
La1B4Mg4,14.5911;0.9453;0.8936
La1C4Mg4,12.4247;0.9428;0.8889
Cu1Ba4K4,9.2654;0.8035;0.6455
Cu1Ba4La4,9.1215;1.4529;2.1111
Cu1Ba4Nd4,10.5273;1.207;1.4569
Cu1Ca4Li4,10.6579;0.3646;0.1329
Cu1Mo4C4,11.9128;0.1824;0.0333
Cu1Ga4Nb4,14.4172;0.4601;0.2117
Cu1Al4Nb4,12.7271;0.5427;0.2945
Cu1N4Li4,10.3353;0.5389;0.2904
Cu1B4Mg4,15.8626;1.0184;1.0371
Cu1C4Mg4,12.7483;0.9334;0.8713
O1Ba4K4,9.4738;0.8139;0.6624
O1Ba4La4,9.1026;1.476;2.1784
O1Ba4Nd4,10.8686;1.1895;1.4149
O1Ca4Li4,10.4631;0.4075;0.166
O1Mo4C4,11.756;0.2327;0.0541
O1Ga4Nb4,14.2095;0.4506;0.2031
O1Al4Nb4,13.0331;0.4605;0.212
O1N4Nb4,14.9089;0.129;0.0166
O1N4Li4,10.9628;0.5853;0.3426
O1B4Mg4,14.9752;0.9785;0.9575
O1C4Mg4,12.403;0.9466;0.896
Mo1Ba4La4,9.4383;1.3745;1.8894
Mo1Ba4Nd4,9.8915;1.0458;1.0936
Mo1Ca4C4,10.2601;0.1843;0.034
Mo1Ru4C4,10.3455;0.2507;0.0628
Mo1Tm4C4,10.1781;0.1965;0.0386
Mo1S4C4,9.8675;0.2257;0.0509
Mo1Ga4Nb4,10.9746;0.4732;0.2239
Mo1Al4Nb4,12.2874;0.5357;0.287
Mo1Sr4C4,10.1194;0.1973;0.0389
Mo1N4C4,9.8766;0.3498;0.1223
Mo1N4Li4,9.8112;0.49;0.2401
Mo1Be4C4,9.7949;0.2139;0.0457
Mo1Nb4C4,10.4621;0.2587;0.0669
Mo1Tl4C4,10.2597;0.3351;0.1123
Mo1Sm4C4,9.9563;0.2152;0.0463
Mo1B4Mg4,14.363;1.0549;1.1129
Mo1C4Pd4,10.9051;0.3312;0.1097
Mo1C4Ho4,10.0913;0.2071;0.0429
Mo1C4Se4,9.8437;0.2239;0.0501
Mo1C4Hg4,10.2913;0.3097;0.0959
Mo1C4Eu4,10.0997;0.1977;0.0391
Mo1C4Mg4,13.6862;0.7227;0.5223
Mo1C4Er4,10.0192;0.1935;0.0375
Mo1C4Zn4,9.9073;0.2185;0.0477
Mo1C4Np4,10.1994;0.1959;0.0384
Mo1C4P4,9.7962;0.2413;0.0582
Mo1C4Na4,9.8003;0.2127;0.0452
Mo1C4Pa4,10.1775;0.1998;0.0399
Mo1C4T4,10.1979;0.1958;0.0384
Mo1C4Cd4,9.7805;0.222;0.0493
Mo1C4Br4,9.9977;0.1908;0.0364
Mo1C4I4,10.2385;0.2084;0.0434
Mo1C4D4,10.2281;0.1957;0.0383
Mo1C4Tc4,10.4706;0.2021;0.0409
Mo1C4Pu4,10.191;0.1943;0.0378
Mo1C4Am4,10.1972;0.1955;0.0382
Mo1C4Cm4,10.1972;0.1955;0.0382
Mo1C4Po4,10.1972;0.1955;0.0382
Ru1Ba4Nd4,8.8748;1.1578;1.3405
Ru1Ca4Li4,9.9531;0.3818;0.1458
Ru1Mo4C4,12.4937;0.2089;0.0437
Ru1Ga4Nb4,11.9841;0.5445;0.2964
Ru1Al4Nb4,11.9725;0.5287;0.2795
Ru1B4Mg4,14.2025;0.9583;0.9183
Ru1C4Mg4,11.4228;1.0177;1.0358
Tm1Ba4K4,9.4046;0.812;0.6593
Tm1Ba4La4,9.4293;1.4376;2.0667
Tm1Ba4Nd4,10.5952;1.1791;1.3902
Tm1Ca4Li4,10.6898;0.3832;0.1469
Tm1Mo4Re4,9.8983;0.1953;0.0381
Tm1Mo4C4,12.2985;0.1484;0.022
Tm1Ga4Nb4,14.4286;0.4639;0.2152
Tm1Al4Nb4,13.5167;0.4874;0.2376
Tm1N4Li4,10.3377;0.5385;0.29
Tm1B4Mg4,15.2636;0.9705;0.9418
Tm1C4Mg4,12.431;0.9467;0.8963
Os1Ba4La4,9.0818;1.3463;1.8125
Os1Ba4Nd4,9.4832;1.2643;1.5984
Os1Mo4C4,11.7973;0.1716;0.0294
Os1Ga4Nb4,12.3886;0.5227;0.2732
Os1Al4Nb4,11.8084;0.5319;0.2829
Os1N4Li4,9.7013;0.6019;0.3623
Os1B4Mg4,14.1322;1.0507;1.1039
Os1C4Mg4,11.633;0.8706;0.758
Sn1Ba4Nd4,9.3922;1.1377;1.2945
Sn1Mo4C4,11.1345;0.2834;0.0803
Sn1Ga4Nb4,12.831;0.4677;0.2187
Sn1Al4Nb4,13.718;0.4135;0.171
Sn1N4Li4,9.7991;0.5428;0.2946
Sn1Nb4Zr4,10.276;0.3118;0.0972
Sn1B4Mg4,14.808;0.9134;0.8343
Sn1C4Mg4,12.417;0.9492;0.901
Nd1Ba4K4,13.5872;1.1653;1.3579
Nd1Ba4Fe4,9.9143;1.3213;1.7459
Nd1Ba4As4,9.1283;1.3066;1.7071
Nd1Ba4Ca4,11.905;1.372;1.8825
Nd1Ba4La4,20.4241;1.869;3.493
Nd1Ba4Cu4,10.2289;1.3706;1.8786
Nd1Ba4O4,14.4959;1.3774;1.8972
Nd1Ba4Ru4,9.6377;1.2923;1.6701
Nd1Ba4Tm4,12.3852;1.3441;1.8066
Nd1Ba4Os4,10.2494;1.4357;2.0611
Nd1Ba4Sn4,11.0007;1.3413;1.7991
Nd1Ba4Bi4,11.7107;1.085;1.1773
Nd1Ba4Pb4,9.998;1.4056;1.9758
Nd1Ba4S4,10.4133;1.1856;1.4056
Nd1Ba4F4,12.7732;1.3817;1.9091
Nd1Ba4V4,10.7019;1.2273;1.5064
Nd1Ba4Sr4,14.4385;1.2226;1.4947
Nd1Ba4Re4,11.3682;1.2054;1.4531
Nd1Ba4W4,12.5932;1.3804;1.9055
Nd1Ba4Be4,12.0035;1.3748;1.8901
Nd1Ba4Nb4,9.222;0.972;0.9449
Nd1Ba4Tl4,12.5187;1.3633;1.8586
Nd1Ba4Y4,10.0816;1.2266;1.5045
Nd1Ba4Hf4,12.2685;1.4545;2.1157
Nd1Ba4Cl4,11.5194;1.2582;1.583
Nd1Ba4Sm4,12.191;1.3745;1.8894
Nd1Ba4Ni4,8.8106;1.3047;1.7021
Nd1Ba4Tb4,11.9368;1.4071;1.9798
Nd1Ba4B4,9.1042;1.3215;1.7463
Nd1Ba4Gd4,12.2202;1.3424;1.802
Nd1Ba4In4,11.6074;1.3939;1.943
Nd1Ba4Pd4,9.8176;1.3259;1.758
Nd1Ba4Zr4,10.4877;1.4048;1.9734
Nd1Ba4Mn4,11.7522;1.3315;1.773
Nd1Ba4Ho4,11.9208;1.3507;1.8244
Nd1Ba4Se4,12.3507;1.346;1.8117
Nd1Ba4Ti4,11.2873;1.2161;1.479
Nd1Ba4Hg4,12.1288;1.3546;1.8348
Nd1Ba4Eu4,12.3473;1.3765;1.8947
Nd1Ba4Rb4,12.9653;1.2089;1.4615
Nd1Ba4Pr4,11.5896;1.4111;1.9913
Nd1Ba4Sb4,9.2949;1.2487;1.5594
Nd1Ba4Er4,11.6873;1.3177;1.7362
Nd1Ba4Rh4,11.7865;1.1671;1.3621
Nd1Ba4Au4,9.2158;1.3045;1.7016
Nd1Ba4Zn4,11.3701;1.3494;1.8208
Nd1Ba4Np4,12.4428;1.3511;1.8256
Nd1Ba4Si4,9.3622;1.3061;1.7059
Nd1Ba4P4,10.5844;1.44;2.0736
Nd1Ba4Ta4,12.234;1.3315;1.7729
Nd1Ba4Na4,12.219;1.3757;1.8926
Nd1Ba4H4,12.7022;1.3015;1.6938
Nd1Ba4Pt4,9.7047;1.266;1.6028
Nd1Ba4Ge4,9.1456;1.18;1.3923
Nd1Ba4Pa4,12.403;1.3532;1.8313
Nd1Ba4Te4,9.5721;1.373;1.8851
Nd1Ba4Ir4,8.7049;1.3167;1.7337
Nd1Ba4Yb4,12.2442;1.2942;1.675
Nd1Ba4T4,12.2467;1.4019;1.9653
Nd1Ba4Th4,11.3019;1.2754;1.6265
Nd1Ba4Lu4,11.6477;1.2935;1.6732
Nd1Ba4Cd4,11.8954;1.2976;1.6837
Nd1Ba4Br4,11.6572;1.3026;1.6967
Nd1Ba4I4,11.9909;1.4232;2.0255
Nd1Ba4Dy4,12.2563;1.3564;1.8398
Nd1Ba4Sc4,12.2863;1.3231;1.7506
Nd1Ba4Cr4,9.3524;1.4207;2.0184
Nd1Ba4D4,12.8325;1.2768;1.6303
Nd1Ba4Cs4,11.9386;1.2883;1.6597
Nd1Ba4Tc4,13.1077;1.313;1.7239
Nd1Ba4Pu4,12.2836;1.3121;1.7216
Nd1Ba4Am4,12.3967;1.3538;1.8327
Nd1Ba4Cm4,12.397;1.3538;1.8328
Nd1Ba4Po4,12.397;1.3538;1.8328
Nd1Ca4Li4,10.3682;0.4376;0.1915
Nd1Mo4Re4,9.9003;0.2439;0.0595
Nd1Mo4C4,12.0102;0.1873;0.0351
Nd1Ga4Nb4,14.4017;0.4721;0.2229
Nd1Al4Nb4,13.1608;0.5172;0.2675
Nd1N4Li4,10.3408;0.5238;0.2744
Nd1B4Mg4,14.6021;0.9743;0.9493
Nd1C4Mg4,12.2174;0.9461;0.8952
Bi1Ba4K4,12.1597;0.8067;0.6508
Bi1Ba4Nd4,9.8781;1.1585;1.3421
Bi1Ba4Rb4,9.3239;0.8503;0.723
Bi1Mo4C4,11.5859;0.2631;0.0692
Bi1Sn4Nb4,9.8276;0.5877;0.3454
Bi1Ga4Nb4,14.2234;0.4863;0.2365
Bi1Al4Nb4,13.2485;0.4722;0.223
Bi1N4Nb4,9.8856;0.4403;0.1938
Bi1N4Li4,9.8595;0.5315;0.2825
Bi1B4Mg4,14.3672;0.9134;0.8342
Bi1C4Mg4,12.0257;0.9156;0.8383
Pb1Ba4K4,10.9958;0.8286;0.6866
Pb1Ba4Nd4,9.9385;1.2857;1.6531
Pb1Ca4Li4,9.7331;0.3264;0.1065
Pb1Mo4S4,13.0955;0.2168;0.047
Pb1Mo4C4,11.4904;0.2582;0.0666
Pb1Ga4Nb4,14.0239;0.4738;0.2245
Pb1Al4Nb4,13.1693;0.4799;0.2303
Pb1N4Li4,10.1934;0.5428;0.2947
Pb1B4Mg4,15.5538;1.0095;1.0191
Pb1C4Mg4,12.6253;0.9747;0.9501
Pb1Mg4Li4,9.2915;0.8433;0.7111
S1Ba4K4,9.3347;0.8189;0.6706
S1Ba4La4,8.8193;1.4622;2.138
S1Ba4Nd4,10.2575;1.0835;1.1741
S1Mo4C4,12.1717;0.1734;0.0301
S1Ga4Nb4,14.0097;0.455;0.207
S1Al4Nb4,12.9588;0.5057;0.2557
S1N4Li4,9.8895;0.5197;0.2701
S1B4Mg4,14.9022;0.9859;0.9719
S1C4Mg4,12.4205;0.9335;0.8714
F1Ba4K4,9.3052;0.8366;0.6999
F1Ba4La4,9.2488;1.3896;1.931
F1Ba4Nd4,10.566;1.1861;1.4068
F1Ca4Li4,10.37;0.3857;0.1488
F1Mo4Re4,9.918;0.1845;0.034
F1Mo4C4,11.5563;0.2133;0.0455
F1Ga4Nb4,14.3886;0.4592;0.2109
F1Al4Nb4,13.4654;0.4959;0.246
F1N4Li4,10.0914;0.5404;0.2921
F1B4Mg4,13.3384;0.8466;0.7167
F1C4Mg4,12.0313;0.9441;0.8913
V1Ba4La4,8.6944;1.4481;2.0969
V1Ba4Nd4,10.0401;1.2429;1.5449
V1Ca4Li4,10.5344;0.3836;0.1472
V1Mo4C4,12.8543;0.1181;0.0139
V1Ga4Nb4,14.1018;0.4655;0.2167
V1Al4Nb4,12.0637;0.5033;0.2533
V1N4Li4,9.8206;0.5755;0.3312
V1B4Mg4,14.9241;1.0032;1.0064
V1C4Mg4,12.2834;0.921;0.8483
Ga1Mo4C4,10.0678;0.3147;0.099
Ga1Al4Nb4,11.709;0.473;0.2237
Ga1B4Mg4,12.644;0.8389;0.7038
Ga1C4Mg4,10.5721;0.809;0.6544
Al1Ca4Nb4,9.6606;0.5032;0.2532
Al1Cu4Nb4,9.7648;0.532;0.2831
Al1O4Nb4,9.7963;0.4851;0.2353
Al1Tm4Nb4,9.6911;0.5159;0.2662
Al1Sn4Nb4,12.5475;0.3848;0.148
Al1Nd4Nb4,9.584;0.5276;0.2783
Al1Bi4Nb4,9.5179;0.5063;0.2564
Al1F4Nb4,9.6735;0.5083;0.2584
Al1Ga4Nb4,12.8067;0.5756;0.3313
Al1Re4Nb4,9.7856;0.4958;0.2458
Al1W4Nb4,9.8382;0.4908;0.2409
Al1N4Nb4,11.6256;0.5246;0.2752
Al1N4Li4,9.7106;0.4744;0.2251
Al1Be4Nb4,9.9669;0.4526;0.2049
Al1Nb4Tl4,9.7394;0.518;0.2683
Al1Nb4Sm4,9.6874;0.5178;0.2681
Al1Nb4Tb4,9.5015;0.5153;0.2655
Al1Nb4B4,10.9464;0.7089;0.5026
Al1Nb4Ho4,9.6595;0.5148;0.265
Al1Nb4Se4,10.1205;0.4459;0.1988
Al1Nb4Hg4,9.6905;0.5161;0.2663
Al1Nb4Eu4,9.5805;0.5294;0.2803
Al1Nb4Er4,9.5987;0.523;0.2735
Al1Nb4Np4,9.7417;0.5215;0.272
Al1Nb4P4,10.5914;0.5309;0.2819
Al1Nb4Ta4,9.6317;0.4724;0.2232
Al1Nb4Na4,9.6127;0.5127;0.2629
Al1Nb4Ge4,9.8932;0.4645;0.2158
Al1Nb4Pa4,9.6933;0.5153;0.2656
Al1Nb4T4,9.6931;0.5153;0.2655
Al1Nb4Cd4,9.5767;0.5052;0.2552
Al1Nb4I4,9.6652;0.513;0.2632
Al1Nb4Dy4,9.6732;0.518;0.2683
Al1Nb4D4,9.7179;0.5024;0.2524
Al1Nb4Cs4,9.614;0.5169;0.2672
Al1Nb4Tc4,10.157;0.5221;0.2726
Al1Nb4Pu4,9.6728;0.5246;0.2752
Al1Nb4Am4,9.6004;0.515;0.2652
Al1Nb4Cm4,9.6933;0.5153;0.2656
Al1Nb4Po4,9.6933;0.5153;0.2656
Al1B4Mg4,17.1537;1.1928;1.4227
Al1B4Li4,10.1242;0.8721;0.7606
Sr1Ba4K4,10.2399;0.6978;0.487
Sr1Ba4La4,10.2284;1.3606;1.8512
Sr1Ba4Nd4,12.843;1.1253;1.2663
Sr1Ca4Li4,10.4922;0.3845;0.1479
Sr1Mo4Re4,9.8817;0.1912;0.0365
Sr1Mo4C4,12.2311;0.1546;0.0239
Sr1Ga4Nb4,12.8525;0.5715;0.3266
Sr1Al4Nb4,13.1843;0.4951;0.2451
Sr1N4Li4,10.3112;0.532;0.283
Sr1B4Mg4,14.9472;0.9907;0.9816
Sr1C4Mg4,12.4446;0.9433;0.8898
Co1Ba4Nd4,9.1853;1.1706;1.3704
Co1Ca4Li4,9.6945;0.4125;0.1701
Co1Mo4C4,10.8091;0.3272;0.1071
Co1Ga4Nb4,10.6213;0.6325;0.4
Co1Al4Nb4,10.9869;0.5258;0.2765
Co1N4Li4,9.4319;0.5964;0.3557
Co1B4Mg4,14.8156;1.0574;1.1181
Co1C4Mg4,12.4914;0.8626;0.744
Co1Mg4Li4,9.4093;1.0037;1.0074
Re1Ba4Nd4,9.7955;1.0778;1.1617
Re1Ca4Li4,9.6628;0.3927;0.1542
Re1Mo4C4,12.8708;0.1964;0.0386
Re1Ga4Nb4,14.4341;0.4598;0.2114
Re1Al4Nb4,12.8841;0.4856;0.2358
Re1N4Li4,10.2036;0.5277;0.2784
Re1B4Mg4,14.8611;0.9507;0.9038
Re1C4Mg4,12.4352;0.951;0.9043
W1Ba4K4,9.4003;0.8114;0.6584
W1Ba4La4,9.2788;1.4503;2.1035
W1Ba4Nd4,10.5851;1.1901;1.4164
W1Ca4Li4,10.6831;0.3726;0.1388
W1Mo4Re4,9.8847;0.1854;0.0344
W1Mo4C4,11.8416;0.1097;0.012
W1Ga4Nb4,14.2272;0.4756;0.2262
W1Al4Nb4,13.2179;0.5008;0.2508
W1N4Li4,10.3212;0.5395;0.2911
W1B4Mg4,15.02;0.9799;0.9603
W1C4Mg4,12.6195;0.8753;0.7661
N1Ba4K4,9.6444;0.7947;0.6315
N1Ba4Nd4,9.1136;0.9555;0.913
N1Ca4Li4,11.0061;0.4688;0.2198
N1Mo4C4,11.106;0.354;0.1253
N1Ga4Nb4,12.9666;0.5623;0.3161
N1Nb4C4,14.6637;0.3299;0.1089
N1Hf4Cl4,11.2717;0.6241;0.3895
N1Hf4Li4,10.7168;0.6097;0.3718
N1B4Mg4,13.2849;1.0353;1.0719
N1C4Pd4,9.6034;0.5258;0.2765
N1C4Mg4,12.9034;0.7938;0.6302
N1C4Na4,12.3207;0.5504;0.303
N1C4H4,9.9975;0.6851;0.4694
N1C4Cs4,12.1775;0.8538;0.7289
N1Mg4Li4,10.3555;0.7544;0.5691
N1Li4I4,9.5392;0.6;0.36
Be1Ba4K4,9.3844;0.8029;0.6447
Be1Ba4La4,9.2788;1.4159;2.0047
Be1Ba4Nd4,10.5544;1.1862;1.4071
Be1Mo4Re4,9.9224;0.1964;0.0386
Be1Mo4C4,12.2969;0.1562;0.0244
Be1Ga4Nb4,14.3702;0.4731;0.2238
Be1Al4Nb4,13.5016;0.4445;0.1976
Be1N4Li4,9.8677;0.5714;0.3265
Be1B4Mg4,15.821;0.9764;0.9534
Be1C4Mg4,12.5058;0.9241;0.8539
Nb1Ba4Nd4,9.0185;1.0869;1.1813
Nb1Mo4C4,12.6388;0.1369;0.0187
Nb1Mo4Tc4,9.9487;0.3384;0.1145
Nb1Sn4Al4,10.068;0.4685;0.2195
Nb1Al4Ge4,10.7895;0.5134;0.2636
Nb1N4Cl4,9.6834;0.4604;0.212
Nb1N4C4,9.9249;0.4068;0.1655
Nb1N4Li4,10.9172;0.5827;0.3395
Nb1N4Na4,10.2332;0.4115;0.1693
Nb1N4Cs4,9.8757;0.526;0.2767
Nb1B4Mg4,13.5977;0.9524;0.9071
Nb1C4Mg4,13.0488;0.7978;0.6364
Tl1Ba4La4,9.1957;1.4548;2.1163
Tl1Ba4Nd4,10.6637;1.1989;1.4373
Tl1Ca4Li4,10.693;0.3812;0.1453
Tl1Mo4C4,12.0663;0.3436;0.1181
Tl1Ga4Nb4,14.341;0.4755;0.2261
Tl1Al4Nb4,13.5093;0.4845;0.2347
Tl1N4Nb4,9.7706;0.4187;0.1753
Tl1N4Li4,10.338;0.5384;0.2899
Tl1B4Mg4,13.3511;1.0628;1.1296
Tl1C4Mg4,12.2123;0.9043;0.8178
Y1Ba4K4,9.8915;0.781;0.61
Y1Ba4Nd4,10.2053;1.1107;1.2336
Y1Ca4Li4,9.7045;0.3836;0.1471
Y1Mo4C4,11.3495;0.2538;0.0644
Y1Ga4Nb4,12.9496;0.5925;0.351
Y1Al4Nb4,10.5198;0.5647;0.3189
Y1N4Li4,9.9494;0.5452;0.2972
Y1B4Mg4,14.7702;0.922;0.85
Y1B4Rh4,10.9578;0.0;0.0
Y1C4Pd4,10.9127;0.6051;0.3662
Y1C4Mg4,12.2945;0.8909;0.7936
Hf1Ba4K4,9.4739;0.8205;0.6732
Hf1Ba4La4,9.2279;1.3532;1.8311
Hf1Ba4Nd4,10.6161;1.2993;1.6883
Hf1Ca4Li4,11.5927;0.3739;0.1398
Hf1Mo4C4,10.6989;0.1512;0.0229
Hf1Ga4Nb4,13.6966;0.4853;0.2355
Hf1Al4Nb4,12.6611;0.4804;0.2308
Hf1N4Nb4,9.6978;0.3946;0.1557
Hf1N4Cl4,10.5838;0.5628;0.3167
Hf1N4Li4,13.4784;0.4544;0.2064
Hf1B4Mg4,14.9886;0.9891;0.9783
Hf1C4Mg4,12.5202;0.916;0.8391
Hf1Mg4Li4,9.5875;0.841;0.7072
Cl1Ba4K4,9.6379;0.7516;0.5649
Cl1Ba4La4,9.5515;1.3631;1.858
Cl1Ba4Nd4,10.726;1.1829;1.3993
Cl1Ca4Li4,10.9904;0.3756;0.1411
Cl1Mo4C4,12.1499;0.1761;0.031
Cl1Ga4Nb4,14.0775;0.5026;0.2526
Cl1Al4Nb4,13.2176;0.497;0.247
Cl1N4Nb4,10.4273;0.5654;0.3197
Cl1N4Hf4,9.3815;0.7809;0.6098
Cl1N4Li4,12.6292;0.6012;0.3614
Cl1B4Mg4,15.025;1.0764;1.1586
Cl1C4Mg4,12.4939;0.9445;0.8921
Cl1Mg4Li4,9.4765;0.8511;0.7243
Sm1Ba4K4,9.3882;0.8211;0.6742
Sm1Ba4La4,9.0949;1.4607;2.1336
Sm1Ba4Nd4,10.4789;1.2332;1.5207
Sm1Ca4Li4,10.6613;0.3858;0.1488
Sm1Mo4Re4,9.9035;0.1937;0.0375
Sm1Mo4C4,12.3114;0.1554;0.0242
Sm1Ga4Nb4,13.2614;0.6241;0.3895
Sm1Al4Nb4,13.5141;0.4875;0.2377
Sm1N4Li4,10.3361;0.5402;0.2918
Sm1B4Mg4,14.5483;0.9707;0.9422
Sm1C4Mg4,12.3996;0.9324;0.8693
Ni1Ba4K4,9.2303;0.7883;0.6214
Ni1Ba4Nd4,9.303;1.1206;1.2558
Ni1Ca4Li4,9.7005;0.3976;0.1581
Ni1Mo4C4,11.7134;0.2392;0.0572
Ni1Ga4Nb4,11.004;0.6103;0.3724
Ni1Al4Nb4,12.4178;0.4606;0.2122
Ni1N4Li4,10.7108;0.5603;0.314
Ni1B4Mg4,14.4827;0.934;0.8723
Ni1C4Mg4,12.4452;0.9438;0.8908
Tb1Ba4K4,9.3111;0.8176;0.6684
Tb1Ba4La4,8.7763;1.4624;2.1385
Tb1Ba4Nd4,10.2832;1.2362;1.5282
Tb1Ca4Li4,10.3349;0.4092;0.1675
Tb1Ga4Nb4,14.1083;0.4535;0.2056
Tb1Al4Nb4,12.9621;0.539;0.2905
Tb1N4Li4,10.2786;0.5501;0.3026
Tb1B4Mg4,13.3051;1.0464;1.095
Tb1C4Mg4,10.0992;0.8817;0.7774
Ce1Ga4Nb4,11.4089;0.5182;0.2685
Ce1Al4Nb4,10.0579;0.6053;0.3664
Ce1B4Mg4,10.8973;0.9248;0.8552
B1Ba4K4,9.2424;0.7757;0.6017
B1Ba4La4,9.2296;1.4827;2.1984
B1Ba4Nd4,9.9026;1.2403;1.5382
B1Mo4C4,11.037;0.1893;0.0359
B1Ga4Nb4,13.5347;0.5036;0.2536
B1Al4Nb4,12.9288;0.539;0.2905
B1N4Li4,9.9344;0.4988;0.2488
B1C4Mg4,14.2644;0.9203;0.847
B1Mg4Li4,10.2296;0.8508;0.7238
C1Ba4Mg4,11.3601;0.8863;0.7856
C1Fe4Mg4,12.5637;0.9318;0.8683
C1As4Mg4,12.1551;0.985;0.9701
C1Ca4Mg4,12.4878;0.9075;0.8235
C1La4Mg4,11.5407;0.8485;0.7199
C1Cu4Mg4,11.0544;0.9728;0.9463
C1O4Mg4,12.6565;0.972;0.9448
C1Mo4Mg4,11.4162;0.8246;0.6799
C1Ru4Mg4,11.6197;1.011;1.0221
C1Tm4Mg4,12.708;0.9663;0.9338
C1Os4Mg4,11.7912;0.9118;0.8315
C1Sn4Mg4,12.5071;1.0114;1.0228
C1Nd4Mg4,12.3517;0.9797;0.9598
C1Bi4Mg4,10.9417;0.9353;0.8748
C1Pb4Mg4,13.0725;1.0195;1.0394
C1S4Mg4,12.6609;0.9757;0.9519
C1F4Mg4,12.5403;0.9714;0.9436
C1V4Mg4,11.797;0.8937;0.7986
C1Ga4Mg4,10.6377;0.8921;0.7959
C1Sr4Mg4,12.7094;0.9585;0.9188
C1Co4Mg4,12.2768;0.8955;0.8019
C1Re4Mg4,12.6039;0.9578;0.9175
C1W4Mg4,12.5371;0.8889;0.7902
C1N4Nb4,10.8809;0.507;0.2571
C1N4Mg4,12.5078;0.721;0.5198
C1N4Li4,10.1451;0.5001;0.2501
C1N4Ta4,9.6896;0.3112;0.0969
C1N4Na4,10.8697;0.5708;0.3258
C1N4Cs4,11.2719;0.842;0.709
C1Be4Mg4,12.5273;0.9522;0.9067
C1Nb4Mg4,12.9369;0.8018;0.643
C1Tl4Mg4,11.9848;0.9777;0.9559
C1Y4Pd4,12.211;0.797;0.6352
C1Y4Mg4,10.1285;0.8155;0.665
C1Hf4Mg4,11.9409;0.9046;0.8183
C1Cl4Mg4,12.3539;0.7639;0.5835
C1Sm4Mg4,12.4863;0.9784;0.9572
C1Ni4Mg4,11.6531;0.8882;0.7888
C1Tb4Mg4,10.05;0.9041;0.8174
C1B4Pd4,10.9657;0.6215;0.3863
C1B4Mg4,21.8174;0.9343;0.8729
C1Gd4Mg4,11.747;0.9466;0.896
C1In4Mg4,11.5662;0.8639;0.7463
C1Pd4Mg4,13.1;0.8933;0.798
C1Pd4H4,9.536;0.4645;0.2158
C1Zr4Mg4,12.7662;1.0335;1.0682
C1Mn4Mg4,13.0755;1.0834;1.1737
C1Ho4Mg4,12.5738;0.9788;0.958
C1Se4Mg4,12.5847;0.9848;0.9698
C1Ti4Mg4,11.7669;0.9452;0.8934
C1Hg4Mg4,11.6865;0.932;0.8686
C1Eu4Mg4,12.5887;0.9735;0.9477
C1Rb4Mg4,10.3857;0.7722;0.5963
C1Pr4Mg4,11.477;0.9929;0.9859
C1Mg4Sb4,11.6312;0.9536;0.9094
C1Mg4Er4,12.5693;0.9608;0.9231
C1Mg4Rh4,11.1188;0.8419;0.7088
C1Mg4Au4,11.1488;0.9226;0.8513
C1Mg4Zn4,11.5264;0.9372;0.8784
C1Mg4Li4,14.2312;0.9528;0.9079
C1Mg4Np4,12.6052;0.9692;0.9394
C1Mg4Si4,11.2985;0.8558;0.7323
C1Mg4P4,12.5143;0.9783;0.9572
C1Mg4Ta4,13.0788;0.9337;0.8718
C1Mg4Na4,12.4404;0.9311;0.867
C1Mg4H4,12.9339;0.9059;0.8207
C1Mg4Pt4,12.0098;0.897;0.8047
C1Mg4Ge4,11.7015;0.9941;0.9883
C1Mg4Pa4,12.5926;0.9715;0.9437
C1Mg4Te4,11.0317;0.9127;0.8331
C1Mg4Ir4,10.131;0.9314;0.8675
C1Mg4Yb4,12.3079;0.9831;0.9665
C1Mg4T4,12.5924;0.9722;0.9452
C1Mg4Th4,12.1232;0.9938;0.9876
C1Mg4Lu4,11.6626;0.8002;0.6403
C1Mg4Ag4,11.512;0.9905;0.981
C1Mg4Cd4,10.971;0.9666;0.9343
C1Mg4Br4,12.703;0.9445;0.8921
C1Mg4I4,12.8061;0.9331;0.8708
C1Mg4Dy4,11.3064;0.8873;0.7874
C1Mg4Sc4,12.9972;0.9733;0.9473
C1Mg4Cr4,9.7478;0.9754;0.9515
C1Mg4D4,12.8133;0.9765;0.9536
C1Mg4Cs4,10.2162;0.8398;0.7053
C1Mg4Tc4,12.7841;0.9478;0.8983
C1Mg4Pu4,12.6042;0.9688;0.9386
C1Mg4Am4,12.5877;0.9729;0.9465
C1Mg4Cm4,12.5879;0.9727;0.9461
C1Mg4Po4,12.5879;0.9727;0.9461
Gd1Ba4K4,9.3599;0.8064;0.6502
Gd1Ba4La4,8.9514;1.44;2.0736
Gd1Ba4Nd4,10.4259;1.1826;1.3984
Gd1Ca4Li4,10.5634;0.3994;0.1595
Gd1Mo4C4,11.0734;0.2596;0.0674
Gd1Ga4Nb4,14.3821;0.4583;0.21
Gd1Al4Nb4,12.8883;0.5496;0.3021
Gd1N4Li4,10.3202;0.5331;0.2842
Gd1B4Mg4,13.6032;0.9905;0.9811
Gd1C4Mg4,11.5976;0.8756;0.7667
In1Ba4K4,9.2799;0.7924;0.6279
In1Ba4La4,8.814;1.4813;2.1943
In1Ba4Nd4,10.4514;1.2257;1.5024
In1Ca4Li4,10.3833;0.3645;0.1329
In1Mo4C4,11.1084;0.2831;0.0802
In1Ga4Nb4,13.909;0.4774;0.2279
In1Al4Nb4,12.2309;0.5413;0.2931
In1N4Li4,10.2045;0.5423;0.2941
In1B4Mg4,12.8446;1.0708;1.1466
In1C4Mg4,10.9727;0.8527;0.727
Pd1Ba4La4,8.8457;1.3279;1.7634
Pd1Ba4Nd4,9.7576;1.216;1.4786
Pd1Ca4Li4,10.1694;0.347;0.1204
Pd1Mo4C4,12.1057;0.1988;0.0395
Pd1Ga4Nb4,9.9232;0.5516;0.3043
Pd1N4Li4,10.0445;0.5734;0.3287
Pd1B4Mg4,14.5421;1.0141;1.0284
Pd1C4Mg4,12.4089;0.9435;0.8903
Zr1Ba4K4,9.28;0.8234;0.678
Zr1Ba4Nd4,9.7483;1.1656;1.3585
Zr1Ca4Li4,10.0693;0.4081;0.1666
Zr1Mo4C4,11.4917;0.1573;0.0247
Zr1Ga4Nb4,13.8006;0.4796;0.23
Zr1Al4Nb4,12.6691;0.4624;0.2138
Zr1N4Li4,10.594;0.5289;0.2797
Zr1B4Mg4,16.228;1.0614;1.1266
Zr1C4Mg4,13.0338;1.0088;1.0176
Zr1Mg4Li4,9.7328;0.9494;0.9013
Mn1Ba4K4,9.3513;0.8174;0.6681
Mn1Ba4La4,8.7135;1.4575;2.1243
Mn1Ba4Nd4,10.2962;1.1987;1.4369
Mn1Ca4Li4,10.3831;0.3945;0.1557
Mn1Ga4Nb4,13.1533;0.5303;0.2813
Mn1Al4Nb4,12.6443;0.5146;0.2648
Mn1N4Li4,10.3137;0.5455;0.2975
Mn1B4Mg4,20.5121;1.2142;1.4744
Mn1C4Mg4,12.7588;1.0659;1.1361
Mn1Mg4Li4,11.018;1.0583;1.1201
Ho1Ba4K4,9.2825;0.8171;0.6676
Ho1Ba4La4,8.7282;1.4314;2.0488
Ho1Ba4Nd4,10.2651;1.1766;1.3844
Ho1Ca4Li4,10.5977;0.3889;0.1512
Ho1Mo4Re4,9.8476;0.2002;0.0401
Ho1Mo4C4,12.197;0.1693;0.0287
Ho1Ga4Nb4,13.2417;0.5504;0.303
Ho1Al4Nb4,13.4951;0.4925;0.2425
Ho1N4Li4,10.328;0.5439;0.2958
Ho1B4Mg4,14.0725;1.1053;1.2216
Ho1C4Mg4,12.4168;0.9339;0.8722
Se1Ba4K4,9.3989;0.8164;0.6665
Se1Ba4La4,9.3128;1.4556;2.1187
Se1Ba4Nd4,10.5675;1.1899;1.4158
Se1Ca4Li4,10.6734;0.386;0.149
Se1Mo4C4,11.7588;0.2157;0.0465
Se1Ga4Nb4,14.0446;0.4441;0.1972
Se1Al4Nb4,13.4103;0.4539;0.206
Se1N4Li4,10.3281;0.5379;0.2893
Se1B4Mg4,14.9984;0.9815;0.9633
Se1C4Mg4,12.3936;0.9402;0.884
Ti1Ba4K4,9.391;0.8187;0.6703
Ti1Ba4La4,9.2153;1.4742;2.1732
Ti1Ba4Nd4,10.5602;1.2011;1.4426
Ti1Ca4Li4,10.7638;0.308;0.0949
Ti1Mo4Re4,9.8765;0.1891;0.0358
Ti1Mo4C4,12.4306;0.1159;0.0134
Ti1Ga4Nb4,13.9509;0.4427;0.1959
Ti1Al4Nb4,11.8784;0.5117;0.2619
Ti1N4Nb4,11.5806;0.453;0.2052
Ti1N4Li4,10.969;0.5529;0.3057
Ti1B4Mg4,15.9733;1.0756;1.1569
Ti1C4Mg4,12.7996;0.9499;0.9023
Ti1Mg4Li4,9.7615;0.7868;0.6191
Hg1Ba4La4,9.2175;1.4594;2.1299
Hg1Ba4Nd4,10.4605;1.1805;1.3935
Hg1Ca4Li4,10.6915;0.3836;0.1471
Hg1Mo4Re4,9.9069;0.1834;0.0336
Hg1Mo4C4,12.2267;0.3149;0.0991
Hg1Ga4Nb4,14.4256;0.4608;0.2123
Hg1Al4Nb4,13.5132;0.485;0.2352
Hg1N4Li4,10.3377;0.5384;0.2898
Hg1B4Mg4,15.0225;0.9867;0.9735
Hg1C4Mg4,12.7297;0.962;0.9255
Eu1Ba4K4,9.3928;0.8176;0.6685
Eu1Ba4La4,9.1815;1.4469;2.0934
Eu1Ba4Nd4,10.5407;1.2056;1.4534
Eu1Ca4Li4,10.6615;0.3864;0.1493
Eu1Mo4C4,12.0474;0.1858;0.0345
Eu1Ga4Nb4,14.3159;0.4949;0.2449
Eu1Al4Nb4,13.385;0.4989;0.2489
Eu1N4Li4,10.3274;0.5349;0.2861
Eu1B4Mg4,15.007;0.9969;0.9937
Eu1C4Mg4,12.4095;0.9318;0.8682
Rb1Ba4K4,10.9889;0.8066;0.6506
Rb1Ba4La4,11.8026;1.2782;1.6338
Rb1Ba4O4,9.5323;0.71;0.5041
Rb1Ba4Nd4,12.5163;1.0959;1.2009
Rb1Ba4Bi4,11.948;0.7674;0.5889
Rb1Ba4Sr4,9.2216;0.8928;0.797
Rb1Ga4Nb4,13.7273;0.5042;0.2542
Rb1Al4Nb4,12.9622;0.4462;0.1991
Rb1N4Li4,9.7797;0.55;0.3025
Rb1B4Mg4,14.0202;1.0594;1.1223
Rb1C4Mg4,10.204;0.7744;0.5997
Pr1Ba4Nd4,10.0504;1.2373;1.5308
Pr1Ca4Li4,10.1035;0.4004;0.1603
Pr1Mo4C4,10.1035;0.3691;0.1362
Pr1Ga4Nb4,12.9146;0.5804;0.3368
Pr1Al4Nb4,12.5845;0.4599;0.2115
Pr1N4Li4,10.1385;0.5247;0.2753
Pr1B4Mg4,14.2917;0.9718;0.9444
Pr1C4Mg4,11.1846;1.0073;1.0146
Mg1Ba4K4,9.394;0.8298;0.6886
Mg1Ba4La4,9.2486;1.4314;2.0488
Mg1Ba4Nd4,10.5165;1.1614;1.3489
Mg1Ca4Li4,9.9708;0.4143;0.1717
Mg1Mo4C4,12.017;0.1935;0.0374
Mg1Ga4Nb4,14.3129;0.4267;0.1821
Mg1Al4Nb4,13.2177;0.4602;0.2118
Mg1N4Nb4,11.6558;0.3856;0.1487
Mg1N4Cl4,12.9347;0.6166;0.3801
Mg1N4Li4,10.9361;0.5646;0.3188
Mg1Hf4Cl4,9.3515;0.7034;0.4948
Sb1Ba4Nd4,9.6989;1.1182;1.2503
Sb1Ca4Li4,10.5582;0.3892;0.1515
Sb1Mo4Re4,9.8123;0.1898;0.036
Sb1Mo4C4,12.223;0.1671;0.0279
Sb1Ga4Nb4,14.3233;0.441;0.1945
Sb1Al4Nb4,13.4201;0.4871;0.2373
Sb1N4Li4,10.2966;0.5484;0.3008
Sb1B4Mg4,14.9184;0.9419;0.8873
Sb1C4Mg4,12.3382;0.9431;0.8895
Er1Ba4K4,9.3603;0.82;0.6724
Er1Ba4La4,8.6554;1.4535;2.1127
Er1Ba4Nd4,10.2748;1.1647;1.3565
Er1Ca4Li4,10.2653;0.374;0.1398
Er1Mo4C4,12.2246;0.16;0.0256
Er1Ga4Nb4,13.1958;0.5695;0.3243
Er1Al4Nb4,13.3757;0.4819;0.2323
Er1N4Li4,10.3037;0.5386;0.2901
Er1B4Mg4,14.6302;1.0121;1.0243
Er1C4Mg4,12.5118;0.9386;0.8809
Rh1Ba4La4,8.6339;1.4125;1.9953
Rh1Ba4Nd4,9.8076;1.0137;1.0277
Rh1Ca4Li4,10.0519;0.3867;0.1495
Rh1Mo4C4,10.529;0.3557;0.1265
Rh1Ga4Nb4,11.0629;0.4518;0.2041
Rh1Al4Nb4,11.8448;0.4854;0.2356
Rh1N4Li4,9.9215;0.5346;0.2858
Rh1B4Mg4,14.3787;0.9765;0.9536
Rh1C4Mg4,10.8202;0.8586;0.7372
Au1Ba4K4,9.5462;0.8304;0.6895
Au1Ba4La4,9.4648;1.4383;2.0688
Au1Ba4Nd4,10.883;1.1602;1.3461
Au1Ca4Li4,10.6557;0.3792;0.1438
Au1Mo4Re4,9.9268;0.2017;0.0407
Au1Mo4C4,12.303;0.1615;0.0261
Au1Ga4Nb4,10.8239;0.6364;0.405
Au1Al4Nb4,13.3841;0.4963;0.2463
Au1N4Li4,10.3319;0.5427;0.2945
Au1B4Mg4,13.6974;0.8958;0.8025
Au1C4Mg4,12.2033;0.9473;0.8973
Zn1Ba4K4,9.2498;0.8447;0.7134
Zn1Ba4Nd4,10.0254;1.1833;1.4001
Zn1Ca4Li4,9.7854;0.3615;0.1307
Zn1Mo4C4,12.057;0.185;0.0342
Zn1Ga4Nb4,13.6611;0.4493;0.2019
Zn1Al4Nb4,12.6672;0.5339;0.285
Zn1N4Nb4,9.6372;0.4055;0.1644
Zn1N4Li4,10.2803;0.5391;0.2907
Zn1B4Mg4,13.3714;0.9716;0.944
Zn1C4Mg4,11.6934;0.94;0.8837
Li1Fe4Mg4,9.2953;1.0097;1.0196
Li1Ca4Mg4,9.4024;0.8806;0.7755
Li1O4Mg4,9.1364;0.9045;0.8181
Li1Pb4Mg4,9.788;0.9026;0.8148
Li1F4Mg4,9.2487;0.9224;0.8509
Li1Ga4Nb4,11.7722;0.6045;0.3654
Li1Al4Nb4,11.4139;0.5073;0.2574
Li1N4Nb4,10.1666;0.4538;0.206
Li1N4Hf4,11.8647;0.6617;0.4379
Li1N4Cl4,12.4889;0.4357;0.1899
Li1N4Mg4,10.9062;0.8094;0.6551
Li1N4Na4,10.0874;0.5033;0.2533
Li1N4I4,11.4529;0.5958;0.3549
Li1N4Cs4,9.7818;0.7093;0.5031
Li1Nb4Mg4,9.457;0.8695;0.756
Li1Hf4Cl4,10.2433;0.7547;0.5696
Li1Hf4Mg4,10.0266;0.9363;0.8766
Li1Cl4Mg4,10.1273;0.7962;0.6339
Li1B4Mg4,16.879;1.0929;1.1945
Li1C4Mg4,13.1781;0.9435;0.8902
Li1Zr4Mg4,10.0119;0.9621;0.9257
Li1Mn4Mg4,11.1245;1.0914;1.1912
Li1Ti4Mg4,9.8901;0.7873;0.6199
Li1Mg4Br4,9.1158;0.9531;0.9084
Li1Mg4I4,9.3587;0.9637;0.9287
Li1Mg4Sc4,9.1372;0.9445;0.8921
Li1Mg4Tc4,9.1254;0.8998;0.8097
Np1Ba4K4,9.4241;0.8137;0.6621
Np1Ba4La4,9.3089;1.4564;2.1211
Np1Ba4Nd4,10.6198;1.1896;1.4152
Np1Ca4Li4,10.6986;0.3808;0.145
Np1Mo4Re4,9.9337;0.1866;0.0348
Np1Mo4C4,12.3198;0.1537;0.0236
Np1Ga4Nb4,13.5537;0.5363;0.2877
Np1Al4Nb4,13.4831;0.484;0.2342
Np1N4Li4,10.3383;0.5376;0.289
Np1B4Mg4,15.0341;0.9814;0.9631
Np1C4Mg4,12.4117;0.9324;0.8693
Si1Ba4K4,9.3094;0.7903;0.6246
Si1Ba4La4,8.9955;1.4163;2.0059
Si1Ba4Nd4,10.078;1.2485;1.5586
Si1Ca4Li4,10.2193;0.3792;0.1438
Si1Mo4C4,11.87;0.1816;0.033
Si1Ga4Nb4,14.1942;0.4454;0.1983
Si1Al4Nb4,12.3729;0.5053;0.2554
Si1N4Nb4,10.8655;0.4248;0.1805
Si1N4Li4,10.6128;0.529;0.2799
Si1B4Mg4,14.9177;0.941;0.8855
Si1C4Mg4,12.3918;0.9322;0.8691
P1Ba4Nd4,9.7199;1.2377;1.5319
P1Ca4Li4,10.6764;0.3919;0.1536
P1Mo4Ni4,10.9444;0.461;0.2125
P1Mo4C4,12.1607;0.1833;0.0336
P1Ga4Nb4,14.4436;0.469;0.22
P1Al4Nb4,13.8028;0.4382;0.192
P1N4Li4,10.3435;0.5291;0.28
P1B4Mg4,15.0452;0.9809;0.9621
P1C4Mg4,12.3107;0.9394;0.8825
Ta1Ba4La4,9.09;1.4379;2.0677
Ta1Ba4Nd4,10.4522;1.1635;1.3537
Ta1Ca4Li4,10.3482;0.3622;0.1312
Ta1Mo4C4,10.0368;0.185;0.0342
Ta1Sn4Nb4,10.9191;0.4745;0.2252
Ta1Ga4Nb4,14.381;0.4363;0.1904
Ta1Al4Nb4,12.457;0.4512;0.2036
Ta1N4Li4,10.3193;0.5348;0.286
Ta1Nb4Zr4,10.0363;0.0851;0.0072
Ta1B4Mg4,14.7935;1.0203;1.041
Ta1C4Mg4,12.6698;0.904;0.8173
Na1Ba4La4,9.2125;1.4776;2.1834
Na1Ba4Nd4,10.5655;1.185;1.4043
Na1Ca4Li4,10.6585;0.38;0.1444
Na1Mo4C4,11.957;0.2051;0.0421
Na1Ga4Nb4,14.349;0.4715;0.2223
Na1Al4Nb4,13.4757;0.4774;0.2279
Na1N4Nb4,10.5318;0.4212;0.1774
Na1N4Cl4,11.665;0.4693;0.2202
Na1N4C4,11.8775;0.5298;0.2807
Na1N4Li4,11.3473;0.5155;0.2657
Na1N4Cs4,9.8171;0.7705;0.5936
Na1B4Mg4,14.9917;0.9966;0.9932
Na1C4Mg4,12.4405;0.8655;0.7492
H1Ba4K4,9.9591;0.8184;0.6698
H1Ba4La4,8.7115;1.4024;1.9668
H1Ba4Nd4,10.7375;1.2304;1.5139
H1Ca4Li4,9.93;0.384;0.1474
H1Mo4Re4,9.8593;0.1933;0.0374
H1Mo4C4,12.1098;0.1872;0.035
H1Ga4Nb4,13.5511;0.462;0.2134
H1Al4Nb4,12.8351;0.4619;0.2133
H1N4C4,10.1445;0.7109;0.5053
H1N4Li4,10.3504;0.5259;0.2765
H1B4Mg4,15.0188;0.9821;0.9646
H1C4Mg4,13.1574;0.8684;0.7541
Pt1Ba4K4,9.294;0.8224;0.6763
Pt1Ba4La4,8.9728;1.4657;2.1484
Pt1Ba4Nd4,10.2446;1.2459;1.5524
Pt1Ca4Li4,9.7125;0.3338;0.1115
Pt1Mo4C4,12.1107;0.1866;0.0348
Pt1Ga4Nb4,14.1265;0.4709;0.2217
Pt1Al4Nb4,13.2042;0.4939;0.244
Pt1N4Li4,9.969;0.535;0.2862
Pt1B4Mg4,14.1897;0.8871;0.7869
Pt1C4Mg4,12.2224;0.9509;0.9043
Ge1Ba4La4,8.8264;1.4684;2.1563
Ge1Ba4Nd4,9.9448;1.1478;1.3175
Ge1Ca4Li4,10.3201;0.3765;0.1417
Ge1Mo4C4,12.0462;0.1514;0.0229
Ge1Ga4Nb4,13.2036;0.4915;0.2416
Ge1Al4Nb4,12.5622;0.4517;0.2041
Ge1N4Li4,10.1825;0.5329;0.284
Ge1B4Mg4,14.761;0.9929;0.9859
Ge1C4Mg4,13.002;0.8776;0.7701
Pa1Ba4K4,9.4008;0.8176;0.6685
Pa1Ba4La4,9.2992;1.4606;2.1333
Pa1Ba4Nd4,10.5797;1.1912;1.4189
Pa1Ca4Li4,10.6978;0.3814;0.1454
Pa1Mo4Re4,9.9337;0.1866;0.0348
Pa1Mo4C4,12.3198;0.1537;0.0236
Pa1Ga4Nb4,14.4306;0.4633;0.2146
Pa1Al4Nb4,13.5173;0.487;0.2372
Pa1N4Li4,10.3378;0.5384;0.2899
Pa1B4Mg4,15.0291;0.9821;0.9645
Pa1C4Mg4,12.4097;0.9324;0.8694
Te1Mo4C4,10.607;0.2836;0.0804
Te1Ga4Nb4,12.1502;0.5144;0.2646
Te1Al4Nb4,11.5977;0.5932;0.3519
Te1B4Mg4,12.9447;0.859;0.7379
Te1C4Mg4,10.9574;0.9307;0.8662
Ir1Mo4C4,10.1504;0.2783;0.0775
Ir1Ga4Nb4,11.6039;0.5032;0.2532
Ir1Al4Nb4,11.1294;0.5212;0.2717
Ir1B4Mg4,11.8144;0.887;0.7868
Ir1C4Mg4,10.3045;0.9357;0.8756
Yb1Ba4K4,9.351;0.8153;0.6647
Yb1Ba4La4,9.0153;1.4951;2.2353
Yb1Ba4Nd4,10.4663;1.1317;1.2808
Yb1Ca4Li4,10.5574;0.3653;0.1335
Yb1Mo4C4,11.9518;0.1806;0.0326
Yb1Ga4Nb4,13.251;0.5158;0.266
Yb1Al4Nb4,13.2239;0.4977;0.2477
Yb1N4Li4,10.3121;0.5509;0.3034
Yb1B4Mg4,13.8907;0.9399;0.8835
Yb1C4Mg4,12.2168;0.9361;0.8763
T1Ba4K4,9.2796;0.8136;0.6619
T1Ba4La4,9.1299;1.4906;2.2218
T1Ba4Nd4,10.4253;1.2319;1.5175
T1Ca4Li4,10.6971;0.3814;0.1455
T1Mo4Re4,9.9337;0.1866;0.0348
T1Mo4C4,12.3198;0.1537;0.0236
T1Ga4Nb4,14.4306;0.4633;0.2146
T1Al4Nb4,13.5154;0.4887;0.2389
T1N4Li4,10.3378;0.5384;0.2899
T1B4Mg4,15.0287;0.9822;0.9647
T1C4Mg4,12.4097;0.9324;0.8694
U1Ga4Nb4,10.2589;0.5561;0.3093
U1B4Mg4,10.7882;0.9166;0.8402
Th1Ba4K4,9.3766;0.7954;0.6326
Th1Ba4La4,9.3151;1.4237;2.0269
Th1Ba4Nd4,10.3097;1.17;1.3689
Th1Ca4Li4,10.494;0.3667;0.1345
Th1Mo4Re4,9.8477;0.1896;0.036
Th1Mo4C4,11.9576;0.2222;0.0494
Th1Ga4Nb4,14.2982;0.4734;0.2241
Th1Al4Nb4,13.2708;0.4923;0.2423
Th1N4Li4,10.301;0.5341;0.2852
Th1B4Mg4,14.7431;1.0108;1.0218
Th1C4Mg4,12.5397;0.9042;0.8175
Lu1Ba4K4,9.3838;0.7934;0.6294
Lu1Ba4La4,8.8018;1.3496;1.8214
Lu1Ba4Nd4,10.3112;1.161;1.3479
Lu1Ca4Li4,9.8688;0.4553;0.2073
Lu1Mo4C4,11.6252;0.2017;0.0407
Lu1Ga4Nb4,14.2921;0.4841;0.2344
Lu1Al4Nb4,12.9571;0.5109;0.261
Lu1N4Li4,10.2126;0.5318;0.2828
Lu1B4Mg4,14.8214;0.9233;0.8525
Lu1B4Rh4,10.0936;0.0;0.0
Lu1C4Mg4,12.4875;0.8494;0.7215
Ag1Ba4K4,9.5161;0.8006;0.641
Ag1Ba4La4,9.437;1.4992;2.2475
Ag1Ba4Nd4,10.916;1.1402;1.3001
Ag1Ca4Li4,10.6493;0.3857;0.1487
Ag1Mo4Re4,9.93;0.1774;0.0315
Ag1Mo4C4,12.3097;0.1526;0.0233
Ag1Mo4Tc4,9.9913;0.3346;0.112
Ag1Tm4H4,9.9722;0.5402;0.2919
Ag1Ga4Nb4,14.4425;0.4534;0.2055
Ag1Al4Nb4,11.7894;0.533;0.284
Ag1W4H4,9.5178;0.5639;0.318
Ag1N4Li4,10.3485;0.5407;0.2924
Ag1Tl4H4,10.1283;0.5135;0.2636
Ag1Sm4H4,9.8821;0.5527;0.3055
Ag1B4Mg4,15.2029;0.9585;0.9188
Ag1C4Mg4,12.47;0.9391;0.8818
Ag1Gd4H4,9.7029;0.5254;0.2761
Ag1Pd4H4,14.8919;0.244;0.0595
Ag1Pd4D4,9.7939;0.3568;0.1273
Ag1Ho4H4,9.55;0.543;0.2949
Ag1Se4H4,9.9398;0.5369;0.2883
Ag1Hg4H4,10.0287;0.5442;0.2962
Ag1Eu4H4,9.9273;0.5426;0.2945
Ag1Np4H4,9.9879;0.5425;0.2943
Ag1H4Pa4,9.999;0.5409;0.2926
Ag1H4Yb4,9.7187;0.5556;0.3087
Ag1H4T4,9.9856;0.5436;0.2955
Ag1H4I4,9.4901;0.522;0.2725
Ag1H4Dy4,9.7803;0.5664;0.3208
Ag1H4D4,9.8674;0.5232;0.2737
Ag1H4Cs4,9.5101;0.5754;0.3311
Ag1H4Tc4,9.9486;0.4518;0.2042
Ag1H4Pu4,9.5166;0.5038;0.2538
Ag1H4Am4,9.9872;0.5438;0.2957
Ag1H4Cm4,9.9853;0.5437;0.2956
Ag1H4Po4,9.9853;0.5437;0.2956
Cd1Ba4K4,9.3465;0.8217;0.6752
Cd1Ba4La4,8.8039;1.4676;2.154
Cd1Ba4Nd4,10.3093;1.1747;1.3798
Cd1Ca4Li4,10.322;0.3735;0.1395
Cd1Mo4C4,11.7393;0.2301;0.053
Cd1Ga4Nb4,14.295;0.457;0.2089
Cd1Al4Nb4,13.4124;0.5028;0.2528
Cd1N4Li4,10.2935;0.5453;0.2974
Cd1B4Mg4,14.7284;0.9928;0.9857
Cd1C4Mg4,12.3415;0.9435;0.8902
Br1Ba4K4,9.6458;0.7753;0.6011
Br1Ba4La4,9.3334;1.3882;1.9272
Br1Ba4Nd4,10.5685;1.2177;1.4828
Br1Ca4Li4,11.2497;0.3794;0.1439
Br1Mo4C4,12.2017;0.168;0.0282
Br1Mo4Tc4,10.1791;0.3282;0.1077
Br1Ga4Nb4,14.301;0.4708;0.2216
Br1Al4Nb4,13.3974;0.4763;0.2268
Br1N4Cl4,9.7109;0.4737;0.2244
Br1N4Li4,11.7163;0.4215;0.1777
Br1B4Mg4,14.8807;0.9667;0.9345
Br1C4Mg4,12.5864;0.8974;0.8053
Br1Mg4Li4,9.4557;0.9159;0.8389
I1Ba4K4,9.2963;0.8188;0.6704
I1Ba4La4,9.1129;1.5093;2.2779
I1Ba4Nd4,10.343;1.219;1.4858
I1Ca4Li4,10.5786;0.3648;0.1331
I1Mo4Re4,9.8566;0.191;0.0365
I1Mo4C4,12.2944;0.1598;0.0255
I1Ga4Nb4,14.4098;0.4683;0.2193
I1Al4Nb4,13.4971;0.4951;0.2452
I1N4Li4,10.3727;0.5303;0.2812
I1B4Mg4,15.0059;0.9973;0.9946
I1C4Mg4,12.4976;0.9318;0.8683
Dy1Ba4K4,9.3895;0.8198;0.6721
Dy1Ba4La4,9.23;1.4578;2.125
Dy1Ba4Nd4,10.5786;1.1925;1.422
Dy1Ca4Li4,10.6704;0.3894;0.1516
Dy1Mo4C4,10.6171;0.3025;0.0915
Dy1Ga4Nb4,14.1974;0.5378;0.2893
Dy1Al4Nb4,13.5092;0.4831;0.2334
Dy1N4Li4,10.3324;0.5405;0.2921
Dy1B4Mg4,14.0046;1.0729;1.1512
Dy1C4Mg4,11.2203;0.8353;0.6977
Sc1Ba4K4,9.4536;0.8236;0.6782
Sc1Ba4La4,9.5804;1.4204;2.0177
Sc1Ba4Nd4,10.6039;1.1933;1.4241
Sc1Ca4Li4,10.5135;0.3761;0.1415
Sc1Mo4C4,12.2903;0.1552;0.0241
Sc1Ga4Nb4,14.4146;0.457;0.2088
Sc1Al4Nb4,13.4921;0.4819;0.2322
Sc1N4Li4,10.3235;0.5345;0.2857
Sc1B4Mg4,15.8893;0.951;0.9044
Sc1C4Mg4,12.766;0.9238;0.8534
Cr1Ba4K4,9.24;0.8114;0.6583
Cr1Ba4La4,8.8076;1.4554;2.1182
Cr1Ba4Nd4,10.1059;1.175;1.3807
Cr1Ca4Li4,10.1219;0.3574;0.1278
Cr1Mo4C4,10.0792;0.3434;0.118
Cr1Ga4Nb4,11.9487;0.5433;0.2952
Cr1Al4Nb4,10.2097;0.5571;0.3103
Cr1N4Li4,9.5625;0.4845;0.2347
Cr1B4Mg4,10.8502;0.8777;0.7703
Cr1C4Mg4,10.8283;0.9176;0.842
D1Ba4K4,9.5152;0.8173;0.6681
D1Ba4La4,9.4677;1.4497;2.1018
D1Ba4Nd4,10.7996;1.1635;1.3537
D1Ca4Li4,10.5821;0.3665;0.1343
D1Mo4Re4,9.9206;0.1897;0.036
D1Mo4C4,12.319;0.1543;0.0238
D1Ga4Nb4,14.4161;0.4607;0.2122
D1Al4Nb4,13.514;0.4898;0.2399
D1N4Li4,10.3416;0.532;0.283
D1B4Mg4,15.0662;0.966;0.9332
D1C4Mg4,12.4439;0.9245;0.8547
Cs1Ba4K4,9.3037;0.7978;0.6366
Cs1Ba4La4,8.9855;1.4501;2.1027
Cs1Ba4Nd4,10.2329;1.1374;1.2936
Cs1Ca4Li4,10.0686;0.3705;0.1373
Cs1Ga4Nb4,14.2886;0.429;0.184
Cs1Al4Nb4,13.394;0.4861;0.2363
Cs1N4Nb4,10.5149;0.6181;0.382
Cs1N4Cl4,10.0046;0.6064;0.3677
Cs1N4C4,11.7925;0.8971;0.8048
Cs1N4Li4,11.3699;0.6548;0.4287
Cs1N4Na4,9.5463;0.7762;0.6024
Cs1B4Mg4,14.7688;0.9841;0.9685
Cs1C4Mg4,10.0076;0.8572;0.7349
Tc1Ba4K4,9.4193;0.8176;0.6684
Tc1Ba4La4,9.298;1.4658;2.1485
Tc1Ba4Nd4,10.6248;1.1962;1.4309
Tc1Ca4Li4,10.6945;0.3809;0.1451
Tc1Mo4Re4,9.9337;0.1866;0.0348
Tc1Mo4C4,12.3198;0.1537;0.0236
Tc1Ga4Nb4,14.4275;0.4626;0.214
Tc1Al4Nb4,13.5071;0.4806;0.2309
Tc1N4Li4,10.339;0.5383;0.2898
Tc1B4Mg4,15.0337;0.9788;0.958
Tc1C4Mg4,12.4119;0.935;0.8742
Pu1Ba4K4,9.4199;0.8184;0.6698
Pu1Ba4La4,9.1115;1.4389;2.0703
Pu1Ba4Nd4,10.5592;1.156;1.3362
Pu1Ca4Li4,10.5406;0.4047;0.1638
Pu1Mo4Re4,9.9229;0.1878;0.0353
Pu1Mo4C4,12.3198;0.1537;0.0236
Pu1Ga4Nb4,12.75;0.5248;0.2754
Pu1Al4Nb4,13.4849;0.4952;0.2452
Pu1N4Li4,10.3304;0.5492;0.3017
Pu1B4Mg4,14.9866;1.0068;1.0137
Pu1C4Mg4,12.413;0.9304;0.8656
Am1Ba4K4,9.4008;0.8176;0.6685
Am1Ba4La4,9.2993;1.4608;2.1341
Am1Ba4Nd4,10.5797;1.191;1.4185
Am1Ca4Li4,10.6978;0.3814;0.1454
Am1Mo4Re4,9.9337;0.1866;0.0348
Am1Mo4C4,12.3198;0.1537;0.0236
Am1Ga4Nb4,14.4306;0.4633;0.2146
Am1Al4Nb4,13.4621;0.492;0.2421
Am1N4Li4,10.338;0.5382;0.2897
Am1B4Mg4,15.0291;0.9821;0.9645
Am1C4Mg4,12.4097;0.9324;0.8694
Cm1Ba4K4,9.4008;0.8176;0.6685
Cm1Ba4La4,9.2992;1.4606;2.1333
Cm1Ba4Nd4,10.5797;1.1912;1.4189
Cm1Ca4Li4,10.6978;0.3814;0.1454
Cm1Mo4Re4,9.9337;0.1866;0.0348
Cm1Mo4C4,12.3198;0.1537;0.0236
Cm1Ga4Nb4,14.4306;0.4633;0.2146
Cm1Al4Nb4,13.5173;0.487;0.2372
Cm1N4Li4,10.3378;0.5384;0.2899
Cm1B4Mg4,15.0291;0.9821;0.9645
Cm1C4Mg4,12.4097;0.9324;0.8694
Po1Ba4K4,9.4008;0.8176;0.6685
Po1Ba4La4,9.2992;1.4606;2.1333
Po1Ba4Nd4,10.5797;1.1912;1.4189
Po1Ca4Li4,10.6978;0.3814;0.1454
Po1Mo4Re4,9.9337;0.1866;0.0348
Po1Mo4C4,12.3198;0.1537;0.0236
Po1Ga4Nb4,14.4306;0.4633;0.2146
Po1Al4Nb4,13.5173;0.487;0.2372
Po1N4Li4,10.3378;0.5384;0.2899
Po1B4Mg4,15.0291;0.9821;0.9645
Po1C4Mg4,12.4097;0.9324;0.8694

1313 of 317985 appear to be promising

hp_tune_min_nc_normal:

{'ccp_alpha': 0.0, 'criterion': 'squared_error', 'max_depth': None, 'max_leaf_nodes': None, 'max_samples': None, 'min_impurity_decrease': 0.0, 'min_samples_leaf': 1, 'min_samples_split': 2, 'min_weight_fraction_leaf': 0.0, 'n_estimators': 200, 'n_jobs': None, 'oob_score': False, 'random_state': None, 'verbose': 0, 'warm_start': False, 'max_features': 'sqrt', 'bootstrap': False}

Ba1O4Cs4,9.4577;0.8269;0.6838
Ba1Mg4H4,9.4349;0.9054;0.8197
K1Ba4O4,11.2026;0.765;0.5852
K1Ba4Bi4,11.1118;0.7943;0.6309
K1Ba4Pb4,10.0368;0.6724;0.4521
K1Ba4Cl4,9.4179;0.8151;0.6644
K1Ba4Br4,9.2387;0.8572;0.7347
K1Ba4Po4,9.7546;0.7477;0.559
K1O4Li4,9.4281;0.6035;0.3642
K1O4I4,10.9501;0.604;0.3648
K1O4Cs4,9.4254;0.7264;0.5277
K1N4Cl4,9.7565;0.5065;0.2566
K1N4Pd4,9.872;0.5644;0.3186
K1Mg4H4,11.8386;0.8213;0.6745
Fe1Al4Nb4,10.7391;0.5044;0.2544
Fe1N4Nb4,10.1318;0.3928;0.1543
Fe1B4Mg4,9.653;0.8381;0.7024
Fe1C4Mg4,9.3998;0.7085;0.5019
Fe1Mg4H4,11.7422;0.6762;0.4573
As1N4Nb4,12.5169;0.4283;0.1835
As1N4Cl4,10.0666;0.3674;0.135
As1N4Mg4,9.3759;0.7138;0.5094
As1B4Mg4,9.9439;0.8024;0.6438
As1B4Li4,9.1701;0.8332;0.6942
As1C4Mg4,9.5294;0.8016;0.6425
As1Mg4H4,11.2154;0.7875;0.6202
Ca1O4Li4,9.9958;0.6356;0.404
Ca1F4Li4,10.056;0.7513;0.5645
Ca1N4Mg4,10.36;0.7532;0.5673
Ca1Mg4H4,12.7147;0.7348;0.5399
Ca1Li4Na4,10.4673;0.422;0.1781
La1Mg4H4,9.6281;0.9391;0.8818
Cu1O4Li4,9.5238;0.5994;0.3592
Cu1Al4Nb4,11.1851;0.5224;0.2729
Cu1N4Nb4,10.9797;0.4684;0.2194
Cu1C4Mg4,9.2773;0.7415;0.5498
Cu1Mg4H4,10.9372;0.7515;0.5648
O1S4Li4,9.9609;0.7127;0.5079
O1F4Mg4,10.7917;0.7658;0.5865
O1N4Nb4,11.938;0.2901;0.0842
O1N4Mg4,12.886;0.752;0.5655
O1Be4Mg4,10.9235;0.7146;0.5106
O1Cl4Li4,9.501;0.6126;0.3753
O1B4Mg4,18.3064;0.8329;0.6937
O1B4Na4,10.6549;0.9325;0.8696
O1C4Mg4,14.6289;0.9109;0.8297
O1Mg4H4,12.3863;0.7959;0.6334
O1Li4P4,10.0635;0.7276;0.5294
Mo1Ga4Nb4,9.8641;0.5631;0.3171
Mo1Al4Nb4,12.4708;0.5327;0.2838
Mo1N4Nb4,10.2915;0.3047;0.0928
Mo1Mg4H4,9.8849;0.8626;0.7441
Ru1Mo4C4,10.639;0.2054;0.0422
Ru1Mo4Tc4,11.7019;0.2604;0.0678
Ru1Ga4Nb4,9.4625;0.6271;0.3932
Ru1Al4Nb4,10.7041;0.5204;0.2708
Ru1N4Nb4,10.8366;0.3013;0.0908
Ru1Mg4H4,9.7694;0.8455;0.7149
Tm1Mg4H4,9.2621;0.8078;0.6526
Os1Mo4C4,10.1473;0.2035;0.0414
Os1N4Nb4,10.3989;0.343;0.1177
Os1Mg4H4,9.3932;0.8311;0.6908
Sn1Al4Nb4,9.5475;0.5064;0.2564
Sn1N4Nb4,10.3382;0.4047;0.1638
Sn1Mg4H4,9.4091;0.7952;0.6324
Nd1Mg4H4,9.6501;0.9543;0.9106
Bi1Ba4Pb4,10.2768;0.4766;0.2272
Bi1N4Mg4,9.3891;0.7109;0.5054
Bi1Mg4H4,9.852;0.8662;0.7503
Pb1N4Nb4,9.7093;0.4603;0.2119
Pb1Mg4H4,9.7732;0.7814;0.6106
S1F4Mg4,9.3488;0.7662;0.587
S1N4Nb4,11.3709;0.4746;0.2253
S1N4Cl4,10.4665;0.314;0.0986
S1N4C4,9.2506;0.8725;0.7613
S1N4Mg4,11.2226;0.8077;0.6523
S1B4Mg4,16.6259;0.9116;0.8309
S1C4Mg4,12.6507;0.8183;0.6696
S1Mg4H4,12.7522;0.9169;0.8406
F1O4Mg4,10.5073;0.7811;0.6101
F1S4Li4,9.4358;0.6464;0.4179
F1N4Nb4,9.6373;0.4229;0.1788
F1N4Mg4,12.0331;0.7093;0.5031
F1Be4Mg4,11.5882;0.6968;0.4855
F1Cl4Mg4,9.4466;0.6413;0.4112
F1B4Mg4,19.9216;0.9131;0.8338
F1B4Na4,10.9925;0.909;0.8262
F1C4Mg4,13.7516;0.8344;0.6962
F1Mg4H4,11.9844;0.759;0.576
F1Li4P4,9.9319;0.6958;0.4842
V1O4Li4,10.1181;0.6142;0.3772
V1Ga4Nb4,10.8151;0.5469;0.2991
V1Al4Nb4,12.633;0.4981;0.2481
V1N4Mg4,9.5719;0.7205;0.5192
V1B4Mg4,9.8096;0.8693;0.7557
V1C4Mg4,9.7115;0.594;0.3529
V1Mg4H4,12.0158;0.6258;0.3916
Ga1N4Nb4,11.4217;0.4304;0.1852
Ga1N4Mg4,9.3094;0.7316;0.5353
Ga1B4Mg4,9.224;0.8035;0.6456
Ga1B4Li4,9.4629;0.7687;0.5909
Ga1C4Mg4,10.0272;0.8265;0.683
Ga1Mg4H4,11.6852;0.8373;0.701
Al1O4Mg4,9.5818;0.7655;0.5859
Al1F4Mg4,9.8612;0.8343;0.6961
Al1N4Nb4,10.8672;0.452;0.2043
Al1N4Mg4,11.4546;0.7644;0.5843
Al1B4Mg4,13.7938;0.9216;0.8493
Al1C4Mg4,11.4755;0.8772;0.7694
Al1Mg4H4,12.1774;0.6804;0.463
Sr1Mg4H4,10.2738;0.8927;0.7969
Co1N4Nb4,10.757;0.4143;0.1716
Co1B4Mg4,9.5008;0.793;0.6288
Co1C4Mg4,9.7943;0.7633;0.5827
Co1Mg4H4,11.4491;0.7156;0.5121
Re1Mo4C4,10.16;0.2372;0.0563
Re1Al4Nb4,9.7638;0.4669;0.218
Re1N4Nb4,10.728;0.2944;0.0867
Re1Mg4H4,9.5021;0.8305;0.6897
W1Mo4C4,10.2768;0.2078;0.0432
W1Al4Nb4,10.155;0.5197;0.2701
W1N4Nb4,10.3289;0.2295;0.0527
W1Mg4H4,9.4371;0.8351;0.6974
N1O4Mg4,11.2234;0.8752;0.766
N1S4Li4,9.8121;0.7213;0.5202
N1F4Mg4,10.6264;0.7563;0.572
N1Be4Mg4,9.9202;0.6576;0.4324
N1Nb4Cl4,10.1274;0.6129;0.3757
N1Hf4Cl4,10.3791;0.5152;0.2654
N1Cl4Zr4,9.6204;0.4492;0.2018
N1Cl4Mg4,10.2223;0.599;0.3588
N1Cl4Li4,10.7715;0.5023;0.2523
N1B4Mg4,19.4754;0.9661;0.9334
N1C4Mg4,13.6634;0.8532;0.7279
N1Mg4H4,10.8642;0.743;0.5521
N1Li4P4,10.0689;0.7159;0.5125
Be1O4Mg4,12.3661;0.8891;0.7906
Be1S4Li4,9.3335;0.7271;0.5286
Be1F4Mg4,11.6406;0.8218;0.6753
Be1F4Na4,9.3877;0.6448;0.4158
Be1N4Nb4,9.8094;0.3678;0.1353
Be1N4Mg4,13.1203;1.0007;1.0014
Be1Cl4Li4,9.736;0.6239;0.3893
Be1B4Mg4,17.3941;0.7817;0.6111
Be1C4Mg4,14.7989;0.7267;0.5282
Be1Mg4H4,11.1139;0.654;0.4278
Be1Li4P4,9.4544;0.7358;0.5414
Nb1Mo4C4,11.4804;0.1888;0.0356
Nb1N4Mg4,9.3709;0.7255;0.5263
Nb1Mg4H4,9.9813;0.876;0.7674
Tl1N4Nb4,9.7516;0.4555;0.2074
Tl1Mg4H4,9.3757;0.845;0.7141
Y1Mg4H4,10.1584;0.8444;0.713
Hf1Ga4Nb4,9.496;0.6179;0.3818
Hf1Al4Nb4,10.0211;0.513;0.2632
Hf1N4Nb4,10.5772;0.3529;0.1245
Hf1N4Mg4,9.2719;0.7419;0.5504
Hf1Mg4H4,9.5342;0.8477;0.7186
Cl1F4Mg4,9.5094;0.7325;0.5365
Cl1N4Nb4,11.7925;0.523;0.2735
Cl1N4Hf4,9.7818;0.5102;0.2603
Cl1N4Zr4,10.18;0.5144;0.2646
Cl1N4Mg4,11.7171;0.7855;0.617
Cl1B4Mg4,16.287;0.8976;0.8056
Cl1C4Mg4,11.1948;0.863;0.7447
Cl1Mg4H4,12.5143;0.8102;0.6564
Sm1Mg4H4,9.4265;0.8586;0.7372
Ni1Al4Nb4,10.3769;0.537;0.2883
Ni1N4Nb4,10.8876;0.4131;0.1707
Ni1B4Mg4,10.017;0.7853;0.6166
Ni1C4Mg4,9.4634;0.7844;0.6153
Ni1Mg4H4,11.372;0.6499;0.4223
Tb1Mg4H4,9.2321;0.844;0.7123
Ce1Mg4H4,9.4463;0.9205;0.8473
B1O4Mg4,11.6363;0.7872;0.6197
B1O4Na4,9.4166;0.6002;0.3602
B1S4Li4,9.3577;0.7707;0.594
B1F4Mg4,11.4658;0.7806;0.6094
B1N4Mg4,12.7981;0.9428;0.8888
B1C4Mg4,15.3224;0.7247;0.5251
B1Mg4H4,11.3397;0.6922;0.4791
B1Li4P4,10.5682;0.8254;0.6813
C1O4Mg4,11.4318;0.8841;0.7817
C1S4Li4,9.4696;0.8051;0.6481
C1F4Mg4,11.2703;0.7995;0.6392
C1N4Nb4,10.933;0.4875;0.2377
C1N4Mg4,12.5514;0.8591;0.738
C1Be4Mg4,10.8139;0.5893;0.3472
C1Cl4Li4,9.6464;0.6003;0.3603
C1B4Mg4,23.4049;0.7481;0.5596
C1B4Na4,9.7712;0.7616;0.5801
C1Mg4Li4,9.3876;0.633;0.4007
C1Mg4H4,11.6032;0.7859;0.6176
C1Li4P4,10.7191;0.8683;0.7539
Gd1Mg4H4,9.352;0.8301;0.689
In1Al4Nb4,9.6649;0.4789;0.2294
In1N4Nb4,10.5062;0.3781;0.143
In1Mg4H4,9.5743;0.8345;0.6964
Pd1Mo4Tc4,10.1869;0.3315;0.1099
Pd1Al4Nb4,11.5009;0.5649;0.3191
Pd1N4Nb4,10.5662;0.3969;0.1575
Pd1Mg4H4,9.579;0.7861;0.618
Pd1H4Ag4,10.1746;0.4933;0.2433
Zr1Ga4Nb4,11.3509;0.6881;0.4734
Zr1Al4Nb4,10.8483;0.543;0.2949
Zr1N4Nb4,10.5189;0.2958;0.0875
Zr1N4Mg4,9.313;0.7153;0.5117
Zr1Mg4H4,10.2162;0.8491;0.721
Mn1Ga4Nb4,9.4256;0.5812;0.3378
Mn1Al4Nb4,10.2746;0.5133;0.2635
Mn1N4Nb4,10.0839;0.4038;0.1631
Mn1B4Mg4,9.5848;0.9395;0.8826
Mn1C4Mg4,10.2731;0.7207;0.5194
Mn1Mg4H4,12.3105;0.7608;0.5788
Ho1Mg4H4,9.2735;0.8263;0.6828
Se1N4Nb4,11.5038;0.4068;0.1655
Se1N4Cl4,9.5924;0.4191;0.1757
Se1N4Mg4,10.3744;0.7239;0.524
Se1B4Mg4,10.4256;0.7964;0.6343
Se1B4Li4,10.6728;0.8901;0.7923
Se1C4Mg4,9.9125;0.8004;0.6407
Se1Mg4H4,11.8277;0.8879;0.7884
Ti1O4Li4,10.7473;0.5212;0.2717
Ti1Ga4Nb4,11.1274;0.5907;0.3489
Ti1Al4Nb4,11.2047;0.4976;0.2476
Ti1N4Nb4,11.0099;0.3443;0.1186
Ti1N4Mg4,9.8399;0.6936;0.4811
Ti1B4Mg4,9.7942;0.8458;0.7153
Ti1C4Mg4,9.6965;0.6581;0.4331
Ti1Mg4H4,12.4803;0.6901;0.4762
Hg1N4Nb4,10.5988;0.3413;0.1165
Hg1C4Mg4,9.4522;0.7123;0.5073
Hg1Mg4H4,9.5588;0.8204;0.673
Eu1Mg4H4,9.3177;0.8538;0.729
Rb1O4Li4,9.7077;0.6101;0.3722
Rb1O4Br4,9.8318;0.8198;0.6721
Rb1O4I4,9.7271;0.7518;0.5652
Rb1N4Pd4,10.5188;0.5543;0.3072
Rb1Mg4H4,10.8192;0.9502;0.9029
Pr1Mg4H4,9.6426;0.9168;0.8406
Mg1O4Li4,10.7758;0.7468;0.5577
Mg1F4Li4,10.0623;0.8961;0.8029
Mg1F4H4,9.3127;0.8637;0.7461
Mg1Ga4Nb4,9.9753;0.5526;0.3054
Mg1N4Nb4,10.5737;0.4975;0.2475
Mg1N4Cl4,10.8282;0.5052;0.2552
Mg1N4C4,9.7527;0.7603;0.5781
Mg1B4C4,9.3439;0.9261;0.8576
Mg1Li4Na4,9.8598;0.4786;0.2291
Sb1Al4Nb4,9.6111;0.5016;0.2516
Sb1N4Nb4,10.57;0.3945;0.1556
Sb1N4Mg4,9.2986;0.7064;0.4991
Sb1C4Mg4,9.4036;0.7819;0.6114
Sb1Mg4H4,9.3048;0.8251;0.6808
Er1Mg4H4,9.2565;0.8193;0.6712
Rh1Mo4Tc4,10.9198;0.3658;0.1338
Rh1Al4Nb4,12.0634;0.4951;0.2451
Rh1N4Nb4,10.8179;0.3465;0.1201
Rh1Mg4H4,9.5162;0.8585;0.737
Au1Al4Nb4,9.6628;0.5345;0.2856
Au1N4Nb4,10.4881;0.3605;0.1299
Au1Pd4H4,9.947;0.3739;0.1398
Au1Mg4H4,9.4251;0.7789;0.6067
Zn1N4Nb4,11.645;0.4239;0.1797
Zn1B4Mg4,10.2713;0.7998;0.6397
Zn1C4Mg4,9.5072;0.7721;0.5962
Zn1Mg4H4,11.3536;0.6892;0.475
Li1O4Mg4,13.5926;0.9401;0.8838
Li1F4Mg4,14.0647;0.8999;0.8099
Li1N4Mg4,13.5283;0.996;0.9921
Li1B4Mg4,14.6173;0.842;0.709
Li1C4Mg4,13.2551;0.7793;0.6073
Li1Mg4H4,11.7381;0.7546;0.5695
Np1Mg4H4,9.3222;0.854;0.7294
Si1O4Mg4,9.5404;0.67;0.4489
Si1F4Mg4,9.2536;0.8247;0.6802
Si1Al4Nb4,10.4422;0.6275;0.3938
Si1N4Nb4,10.7397;0.5383;0.2898
Si1N4Mg4,10.6079;0.7551;0.5701
Si1B4Mg4,17.9531;0.9236;0.8531
Si1C4Mg4,11.5818;0.7325;0.5366
Si1Mg4H4,12.1853;0.7781;0.6054
Si1Li4Na4,9.6173;0.4537;0.2058
P1O4Mg4,9.541;0.7088;0.5025
P1F4Mg4,9.6011;0.7941;0.6307
P1N4Nb4,10.9882;0.3997;0.1597
P1N4Cl4,10.4163;0.3586;0.1286
P1N4Mg4,10.962;0.7895;0.6233
P1B4Mg4,17.1765;0.9434;0.8901
P1B4Li4,9.4212;0.8284;0.6863
P1C4Mg4,12.7081;0.8194;0.6714
P1Mg4H4,13.123;0.8653;0.7488
Ta1Mo4C4,10.149;0.2024;0.0409
Ta1Ga4Nb4,11.5569;0.6873;0.4724
Ta1Al4Nb4,11.814;0.5136;0.2638
Ta1Nb4Zr4,10.0353;0.0725;0.0053
Ta1Mg4H4,9.322;0.8706;0.758
Na1O4Mg4,10.3603;0.7386;0.5456
Na1O4Li4,9.6034;0.5798;0.3361
Na1F4Mg4,10.8666;0.7687;0.5909
Na1N4Mg4,12.5651;0.8322;0.6926
Na1B4Mg4,10.7382;0.7665;0.5875
Na1C4Mg4,9.9043;0.8144;0.6633
Na1Mg4H4,12.5349;0.7862;0.6181
H1O4Mg4,12.9001;0.8836;0.7808
H1O4Na4,10.0253;0.752;0.5655
H1S4Mg4,9.4242;0.7181;0.5157
H1S4Li4,9.6529;0.6996;0.4895
H1F4Mg4,11.6518;0.8325;0.693
H1N4Mg4,11.8273;0.8055;0.6489
H1Be4Mg4,11.3189;0.6691;0.4477
H1Cl4Mg4,10.6657;0.8011;0.6418
H1Cl4Li4,9.59;0.6058;0.367
H1B4Mg4,18.5924;0.7787;0.6064
H1C4Mg4,12.4921;0.851;0.7242
H1Mg4Li4,10.1383;0.6883;0.4737
H1Mg4P4,9.7008;0.8222;0.6759
H1Li4P4,9.4314;0.8048;0.6478
Pt1Al4Nb4,10.1702;0.5402;0.2918
Pt1N4Nb4,10.6515;0.4227;0.1787
Pt1Mg4H4,9.3142;0.8067;0.6508
Ge1Al4Nb4,10.3968;0.6081;0.3698
Ge1N4Nb4,11.8336;0.4415;0.1949
Ge1B4Mg4,9.283;0.7297;0.5324
Ge1C4Mg4,9.3752;0.7762;0.6026
Ge1Mg4H4,11.1138;0.7593;0.5766
Te1N4Nb4,10.4166;0.3563;0.1269
Te1N4Mg4,9.8661;0.6646;0.4418
Ir1Mo4C4,9.9906;0.2371;0.0562
Ir1Al4Nb4,10.5394;0.4937;0.2438
Ir1N4Nb4,10.3411;0.3345;0.1119
Ir1Mg4H4,9.3118;0.871;0.7586
Yb1Al4Nb4,9.5216;0.6109;0.3732
Yb1Mg4H4,9.2036;0.8145;0.6634
Lu1B4Rh4,10.0936;0.0;0.0
Lu1Mg4H4,9.2958;0.8194;0.6714
Ag1Al4Nb4,11.6338;0.4547;0.2067
Ag1N4Nb4,10.1702;0.3449;0.119
Ag1Pd4H4,12.2655;0.4658;0.217
Ag1Mg4H4,9.4221;0.7923;0.6278
Cd1Al4Nb4,10.0072;0.4833;0.2336
Cd1N4Nb4,11.2056;0.3843;0.1477
Cd1Mg4H4,9.5498;0.837;0.7006
Br1Mo4S4,10.672;0.2242;0.0503
Br1N4Nb4,11.4539;0.3852;0.1484
Br1N4Hf4,9.5436;0.5362;0.2875
Br1N4Cl4,9.6137;0.414;0.1714
Br1N4Zr4,9.9644;0.4627;0.2141
Br1N4Mg4,10.7062;0.7083;0.5017
Br1B4Mg4,10.348;0.7416;0.55
Br1B4Li4,10.5004;0.7456;0.556
Br1C4Mg4,9.8763;0.7579;0.5745
Br1Mg4H4,11.0712;0.8955;0.8019
I1N4Nb4,10.4835;0.404;0.1632
I1N4Mg4,10.5281;0.6976;0.4866
I1Mg4H4,9.5899;0.7316;0.5352
Dy1Mg4H4,9.2734;0.8209;0.6738
Sc1O4Li4,9.7806;0.5713;0.3264
Sc1Mg4H4,12.2667;0.7733;0.598
Sc1Li4Na4,9.6447;0.4508;0.2033
Cr1O4Li4,9.9284;0.6429;0.4134
Cr1Ga4Nb4,10.0463;0.557;0.3102
Cr1Al4Nb4,12.3834;0.4338;0.1882
Cr1N4Mg4,9.4206;0.7322;0.5361
Cr1B4Mg4,10.1537;0.8537;0.7288
Cr1Mg4H4,12.2081;0.6659;0.4434
Cs1O4S4,9.1771;1.0227;1.046
Cs1O4Cl4,9.5473;0.6707;0.4499
Cs1O4Br4,9.3382;0.7356;0.5411
Cs1N4Pd4,10.1601;0.6198;0.3841
Cs1Mg4H4,10.515;0.9176;0.842
Tc1Mo4C4,10.2525;0.2078;0.0432
Tc1Ga4Nb4,10.1304;0.5936;0.3524
Tc1Al4Nb4,11.1493;0.546;0.2982
Tc1N4Nb4,11.2806;0.2831;0.0802
Tc1Mg4H4,9.8768;0.858;0.7362
Pu1Mg4H4,9.1796;0.8537;0.7289
Po1N4Mg4,9.4188;0.686;0.4706

378 of 285852 appear to be promising

hp_tune_sug_nc_normal:

{'ccp_alpha': 0.0, 'criterion': 'squared_error', 'max_depth': None, 'max_leaf_nodes': None, 'max_samples': None, 'min_impurity_decrease': 0.0, 'min_samples_leaf': 1, 'min_samples_split': 2, 'min_weight_fraction_leaf': 0.0, 'n_estimators': 200, 'n_jobs': None, 'oob_score': False, 'random_state': None, 'verbose': 0, 'warm_start': False, 'max_features': 'sqrt', 'bootstrap': False}

Ba1K4F4,9.3782;0.7822;0.6118
Ba1O4S4,10.703;0.8848;0.7829
Ba1O4F4,10.0755;0.8574;0.7351
Ba1O4Cl4,11.5841;0.7977;0.6363
Ba1O4P4,9.9103;0.8773;0.7696
Ba1O4Na4,9.5898;0.8411;0.7074
Ba1O4Br4,9.3146;0.9224;0.8509
Ba1O4I4,9.2546;0.8863;0.7856
Ba1S4F4,10.0413;0.9145;0.8362
Ba1F4N4,10.219;0.7739;0.599
Ba1F4Cl4,11.8241;0.804;0.6464
Ba1F4P4,9.6035;0.8443;0.7128
Ba1F4H4,9.5565;0.7504;0.563
Ba1N4Cl4,10.6301;0.784;0.6147
Ba1N4H4,9.8345;0.9368;0.8776
Ba1Cl4P4,10.4186;0.8425;0.7097
Ba1Cl4H4,9.9434;0.7121;0.5071
K1Ba4Bi4,10.5854;0.6668;0.4446
K1Ba4Pb4,10.2615;0.705;0.4971
K1Ba4Po4,9.7331;0.7392;0.5464
K1O4S4,9.8549;0.7975;0.636
K1O4Cl4,10.3807;0.6704;0.4494
K1O4Li4,9.7221;0.7992;0.6388
K1O4I4,10.2679;0.7415;0.5498
K1S4F4,9.9911;0.6736;0.4537
K1F4N4,10.0759;0.5355;0.2868
K1F4Cl4,10.9457;0.5485;0.3008
K1F4Li4,9.634;0.8234;0.6781
K1N4Cl4,10.3695;0.5588;0.3122
K1N4Li4,9.3065;0.7242;0.5244
K1Be4B4,9.8785;0.876;0.7674
K1Cl4P4,9.7624;0.6227;0.3877
K1B4Mg4,10.7103;0.8001;0.6401
K1Mg4H4,11.7464;0.8813;0.7767
Fe1Mo4Tc4,9.8769;0.3992;0.1594
Fe1Al4Nb4,9.6004;0.5818;0.3385
Fe1B4Mg4,15.3633;1.0486;1.0996
Fe1Mg4H4,11.8289;0.6788;0.4608
As1N4Nb4,12.4423;0.3966;0.1573
As1B4Mg4,11.3562;0.9479;0.8984
As1B4Li4,9.9913;0.9387;0.8811
As1Mg4H4,10.4803;0.727;0.5285
Ca1O4Li4,9.444;0.6402;0.4099
Ca1F4Li4,9.4746;0.6044;0.3653
Ca1N4Mg4,9.4685;0.6813;0.4642
Ca1B4Mg4,11.8727;0.9479;0.8985
Ca1Mg4H4,11.7007;0.8959;0.8027
La1Cl4P4,9.6456;0.6618;0.438
Cu1Mo4Tc4,9.7893;0.3889;0.1512
Cu1Al4Nb4,9.978;0.6067;0.3681
Cu1N4Li4,9.4045;0.6376;0.4065
Cu1B4Mg4,10.8837;0.8993;0.8088
Cu1B4Li4,10.3375;0.8377;0.7017
Cu1Mg4H4,11.7292;0.7527;0.5666
O1K4F4,10.6031;0.8026;0.6442
O1Tm4N4,9.8483;0.4742;0.2248
O1S4Cl4,9.5949;0.6423;0.4125
O1F4Rb4,9.3332;0.8685;0.7544
O1N4Nb4,11.4156;0.3569;0.1274
O1N4Cl4,10.0147;0.4118;0.1696
O1N4Sm4,9.3519;0.661;0.4369
O1N4Mg4,9.5762;0.6242;0.3897
O1N4Er4,9.7272;0.5605;0.3142
O1N4H4,9.9475;0.6185;0.3825
O1Be4Mg4,12.8488;0.9754;0.9513
O1B4Mg4,17.9359;1.0655;1.1352
O1B4Na4,11.3593;0.9665;0.9341
O1Mg4Li4,9.2226;0.9257;0.8569
O1Mg4H4,11.6068;0.717;0.5141
O1Li4P4,9.7224;0.7554;0.5707
Mo1Cu4H4,9.4858;0.5603;0.3139
Mo1Ga4Nb4,9.999;0.6649;0.4421
Mo1Al4Nb4,12.0801;0.5616;0.3154
Mo1B4Mg4,10.967;0.9565;0.9149
Mo1B4Li4,10.4931;0.8515;0.725
Mo1Mg4H4,9.649;0.7349;0.5401
Ru1Cu4H4,9.8904;0.537;0.2883
Ru1Mo4Tc4,12.9085;0.2375;0.0564
Ru1Al4Nb4,10.6473;0.5621;0.3159
Ru1B4Mg4,12.2593;0.9396;0.8828
Ru1B4Li4,9.9411;0.8478;0.7187
Ru1Mg4H4,9.5539;0.6684;0.4468
Tm1B4Mg4,9.7002;0.8555;0.7319
Os1Cu4H4,9.9739;0.5325;0.2836
Os1Mo4Tc4,10.1968;0.3379;0.1142
Os1B4Mg4,11.3633;0.9426;0.8884
Sn1N4Nb4,11.3284;0.3226;0.1041
Sn1B4Li4,9.3164;0.7465;0.5573
Nd1F4N4,9.3374;0.6881;0.4735
Nd1Cl4P4,10.1381;0.836;0.6989
Bi1N4Nb4,9.7246;0.4176;0.1744
Pb1N4Nb4,10.0861;0.3251;0.1057
S1K4F4,9.3826;0.6914;0.478
S1O4Sr4,9.6247;0.8848;0.7828
S1N4Nb4,11.514;0.4022;0.1618
S1N4Cl4,10.4989;0.3876;0.1503
S1N4Mg4,9.6181;0.6585;0.4336
S1Be4Mg4,10.2529;0.9985;0.997
S1B4Mg4,15.1396;1.109;1.2298
S1B4Na4,10.054;0.7907;0.6252
S1Mg4H4,11.5895;0.8716;0.7596
F1K4O4,10.8145;0.8526;0.7269
F1S4Cl4,9.7384;0.6238;0.3892
F1N4Cl4,10.0617;0.4148;0.1721
F1N4H4,9.9893;0.5764;0.3322
F1Be4Mg4,13.2881;0.9776;0.9556
F1B4Mg4,17.8895;1.117;1.2478
F1B4Na4,11.3306;1.0363;1.074
F1Mg4Li4,9.5268;0.8942;0.7996
F1Mg4H4,11.5135;0.7572;0.5733
F1Li4Si4,9.9614;0.8396;0.705
F1Li4P4,9.6202;0.6743;0.4547
V1O4Li4,10.0086;0.5572;0.3105
V1Ga4Nb4,9.8839;0.6741;0.4545
V1Al4Nb4,12.8159;0.5547;0.3077
V1B4Mg4,16.0618;1.0595;1.1226
V1B4Li4,9.1818;0.8497;0.722
V1Mg4H4,11.8175;0.6233;0.3884
Ga1N4Nb4,10.668;0.3411;0.1163
Ga1B4Mg4,11.6644;1.1033;1.2172
Ga1B4Li4,9.5607;0.8364;0.6996
Ga1Mg4H4,10.8082;0.6989;0.4884
Al1N4Mg4,9.7103;0.893;0.7975
Al1Be4Mg4,9.4231;0.9919;0.984
Al1B4Mg4,19.3547;1.2083;1.46
Al1B4Li4,9.2196;0.8557;0.7322
Al1B4Na4,9.2688;0.8424;0.7096
Al1Mg4H4,11.9221;0.7883;0.6214
Sr1Ba4Pb4,9.7385;0.5274;0.2781
Sr1Be4B4,11.1882;0.8021;0.6433
Sr1B4Li4,9.3845;0.9564;0.9147
Sr1Mg4H4,9.7025;0.6693;0.448
Co1Mo4Tc4,10.1225;0.446;0.1989
Co1B4Mg4,13.0353;0.904;0.8172
Co1B4Li4,9.2072;0.8022;0.6436
Co1Mg4H4,11.5689;0.7228;0.5224
Re1Cu4H4,9.613;0.5573;0.3105
Re1Mo4Tc4,10.9474;0.2524;0.0637
Re1Al4Nb4,9.7763;0.5689;0.3237
Re1B4Mg4,11.5921;0.9464;0.8957
W1Cu4H4,10.0859;0.5638;0.3179
W1Al4Nb4,11.0609;0.5549;0.3079
W1B4Mg4,9.8627;0.9732;0.9471
N1K4O4,10.0697;0.818;0.6691
N1K4F4,10.3881;0.7179;0.5154
N1S4Cl4,9.5302;0.5462;0.2983
N1Be4Mg4,12.5706;1.0037;1.0074
N1Cl4Mg4,9.9929;0.4613;0.2128
N1Cl4Li4,9.7851;0.5939;0.3527
N1B4Mg4,18.6865;1.0414;1.0846
N1B4Na4,10.8139;0.8821;0.7781
N1Mg4Li4,10.6636;1.0666;1.1377
N1Mg4H4,11.2403;0.7757;0.6017
N1Li4Si4,9.2775;0.7701;0.593
N1Li4P4,9.8675;0.8121;0.6595
Be1K4F4,9.897;0.9559;0.9137
Be1O4Mg4,10.091;0.7159;0.5125
Be1O4Na4,10.1821;0.9142;0.8358
Be1S4Li4,9.7488;0.7344;0.5393
Be1F4Mg4,9.7294;0.7104;0.5046
Be1Al4B4,9.1465;0.8607;0.7408
Be1N4Mg4,12.1572;0.8888;0.79
Be1N4H4,9.684;0.5708;0.3258
Be1B4Mg4,24.5242;1.1436;1.3077
Be1B4Na4,10.4454;0.9602;0.922
Be1Mg4H4,11.7397;0.7619;0.5806
Be1Li4P4,9.7455;0.9068;0.8222
Nb1Cu4H4,9.6765;0.5709;0.3259
Nb1Ru4Tc4,9.9977;0.375;0.1406
Nb1B4Mg4,12.393;0.9265;0.8584
Nb1B4Li4,10.3597;0.8166;0.6669
Nb1Mg4H4,9.6887;0.7157;0.5122
Tl1N4Nb4,9.5873;0.4511;0.2035
Y1B4Mg4,10.5295;0.8352;0.6976
Y1B4Li4,9.7786;0.8133;0.6615
Y1Mg4H4,9.3835;0.6952;0.4833
Hf1Cu4H4,9.501;0.5101;0.2602
Hf1Al4Nb4,10.1814;0.5983;0.3579
Hf1N4Nb4,10.2424;0.355;0.126
Hf1B4Mg4,10.6223;0.9309;0.8667
Cl1K4F4,10.2243;0.7488;0.5607
Cl1O4Sr4,10.1138;0.8824;0.7787
Cl1Tm4N4,10.5034;0.4954;0.2454
Cl1S4P4,9.6674;0.5018;0.2518
Cl1N4Nb4,11.3091;0.4326;0.1871
Cl1N4Zr4,10.1901;0.4888;0.2389
Cl1N4Ho4,10.3253;0.5256;0.2763
Cl1N4Mg4,10.2295;0.7412;0.5494
Cl1N4Er4,10.4774;0.5268;0.2776
Cl1N4Lu4,9.6394;0.5621;0.316
Cl1N4Dy4,9.7258;0.5663;0.3207
Cl1Be4Mg4,10.4567;0.9388;0.8814
Cl1B4Mg4,14.2822;0.9934;0.9869
Cl1B4Li4,9.4086;0.9141;0.8356
Cl1B4Na4,10.197;0.9553;0.9127
Cl1Mg4H4,11.4313;0.7736;0.5984
Ni1Mo4Tc4,9.9539;0.4299;0.1848
Ni1Al4Nb4,9.8665;0.6198;0.3841
Ni1B4Mg4,12.2166;0.8928;0.797
Ni1B4Li4,9.3485;0.8028;0.6446
Ni1Mg4H4,11.6525;0.7031;0.4944
Tb1B4Mg4,9.513;0.8329;0.6937
B1Cu4H4,9.4309;0.5894;0.3474
B1O4Mg4,9.3766;0.6941;0.4817
B1O4Na4,9.445;0.5601;0.3137
B1S4Li4,9.8088;0.7272;0.5289
B1N4Mg4,11.5326;0.7838;0.6143
B1Be4Mg4,11.2324;1.0526;1.108
B1Be4Si4,9.7946;0.7387;0.5458
B1Mg4H4,11.848;0.7725;0.5967
B1Li4P4,9.9768;0.72;0.5184
Gd1B4Mg4,9.4076;0.8404;0.7062
In1N4Nb4,10.5974;0.3545;0.1257
In1B4Mg4,9.5289;0.9011;0.8119
In1B4Li4,9.3833;0.7502;0.5628
In1Mg4H4,9.6999;0.6697;0.4485
Pd1Cu4H4,10.5475;0.568;0.3226
Pd1Mo4Tc4,11.5581;0.3119;0.0973
Pd1Al4Nb4,10.8863;0.6273;0.3934
Pd1B4Mg4,9.8112;0.7997;0.6396
Pd1B4Li4,10.2686;0.8005;0.6407
Pd1Mg4H4,9.6611;0.6583;0.4334
Zr1Ga4Nb4,10.1446;0.7152;0.5116
Zr1Al4Nb4,11.1008;0.5463;0.2984
Zr1N4Nb4,10.5421;0.3576;0.1279
Zr1B4Mg4,11.687;0.8959;0.8026
Zr1B4Li4,9.8549;0.811;0.6578
Zr1Mg4H4,9.3936;0.7602;0.578
Mn1Mo4Tc4,10.1225;0.3865;0.1494
Mn1B4Mg4,15.1754;1.1014;1.2131
Mn1B4Li4,9.1597;0.8438;0.712
Mn1Mg4H4,11.8984;0.7051;0.4971
Ho1B4Mg4,9.8312;0.8519;0.7257
Se1O4Sr4,9.2286;0.8575;0.7353
Se1S4P4,9.6803;0.5468;0.299
Se1N4Nb4,11.9102;0.3761;0.1414
Se1B4Mg4,10.5196;0.9787;0.9578
Se1B4Li4,11.2817;0.8966;0.8039
Se1Mg4H4,10.3723;0.7139;0.5097
Ti1O4Li4,10.0744;0.5349;0.2861
Ti1F4N4,9.6649;0.485;0.2353
Ti1Ga4Nb4,10.1773;0.6888;0.4744
Ti1Al4Nb4,11.54;0.585;0.3423
Ti1N4Nb4,10.9266;0.3626;0.1315
Ti1B4Mg4,15.5818;1.0178;1.0359
Ti1B4Li4,9.3628;0.7936;0.6298
Ti1Mg4H4,11.8413;0.816;0.6659
Hg1N4Nb4,10.4631;0.4074;0.166
Rb1Ba4Bi4,9.5678;0.6465;0.4179
Rb1Ba4Pb4,9.411;0.6296;0.3964
Rb1O4S4,9.5463;0.7119;0.5067
Rb1O4Cl4,10.719;0.8702;0.7572
Rb1O4Li4,9.6176;0.6934;0.4808
Rb1O4P4,10.343;0.7783;0.6058
Rb1O4Br4,10.24;0.8252;0.681
Rb1O4I4,10.0769;0.7348;0.54
Rb1F4Cl4,9.8164;0.5417;0.2934
Rb1N4Pd4,10.7238;0.45;0.2025
Rb1N4Sb4,9.6892;0.5779;0.334
Rb1Be4B4,11.5676;0.9971;0.9942
Rb1Cl4P4,9.9133;0.7279;0.5298
Rb1Mg4H4,10.0855;0.648;0.4199
Mg1O4Li4,10.0278;0.6355;0.4039
Mg1F4Li4,9.5829;0.6388;0.408
Mg1F4H4,9.8955;0.5368;0.2881
Mg1N4Nb4,9.9583;0.4701;0.221
Mg1N4Cl4,10.2886;0.5015;0.2515
Mg1N4H4,9.6066;0.6109;0.3732
Mg1B4Li4,9.4947;0.9218;0.8498
Sb1N4Nb4,11.7351;0.2846;0.081
Er1B4Mg4,9.9877;0.8201;0.6725
Rh1Cu4H4,9.7884;0.5989;0.3587
Rh1Mo4Tc4,12.4429;0.2578;0.0665
Rh1Al4Nb4,11.821;0.5547;0.3077
Rh1B4Mg4,9.6461;0.7232;0.5231
Rh1B4Li4,10.1666;0.8747;0.7651
Rh1Mg4H4,9.4961;0.6421;0.4123
Au1Cu4H4,11.0605;0.531;0.282
Zn1N4Nb4,10.0844;0.3943;0.1555
Zn1B4Mg4,12.4893;1.1084;1.2285
Zn1B4Li4,10.7759;0.9378;0.8794
Zn1Mg4H4,11.7148;0.7732;0.5978
Li1O4Mg4,11.0535;0.8016;0.6425
Li1O4Na4,9.3115;0.9028;0.8151
Li1F4Mg4,10.8412;0.639;0.4084
Li1Al4B4,9.2721;1.0702;1.1453
Li1N4Mg4,13.2666;0.8663;0.7506
Li1N4H4,9.8144;0.4854;0.2356
Li1Be4Mg4,10.2275;1.0492;1.1007
Li1Be4Si4,9.5188;0.8122;0.6596
Li1Be4P4,9.6376;0.7606;0.5785
Li1B4Mg4,19.6665;1.3988;1.9566
Li1B4Si4,9.639;0.9769;0.9543
Li1B4Na4,9.6835;0.9721;0.945
Li1Mg4H4,12.322;0.914;0.8353
Si1F4H4,9.6404;0.5347;0.2859
Si1Al4Nb4,10.5571;0.5864;0.3439
Si1N4Nb4,10.0968;0.4603;0.2119
Si1N4Mg4,9.6857;0.6868;0.4718
Si1N4H4,9.9079;0.5742;0.3297
Si1Be4Mg4,9.5262;1.0459;1.0939
Si1B4Mg4,23.0371;1.1772;1.3857
Si1B4Li4,9.7962;0.8934;0.7982
Si1B4Na4,9.7995;0.891;0.7938
Si1Mg4H4,12.3769;0.8293;0.6877
P1K4F4,9.6008;0.7142;0.51
P1O4Sr4,9.7657;0.8798;0.7741
P1S4Cl4,9.4967;0.5988;0.3586
P1N4Nb4,11.0616;0.4257;0.1812
P1N4Cl4,10.576;0.3952;0.1562
P1N4Mg4,9.4734;0.7295;0.5321
P1Be4Mg4,9.996;0.9994;0.9988
P1B4Mg4,15.8064;1.2214;1.4918
P1B4Li4,9.8798;0.8511;0.7243
P1B4Na4,10.3788;0.7674;0.5888
P1Mg4H4,11.9875;0.8099;0.6559
Ta1Cu4H4,9.8557;0.596;0.3553
Ta1Ga4Nb4,10.5573;0.659;0.4343
Ta1Al4Nb4,11.733;0.517;0.2673
Ta1N4Nb4,10.2311;0.3643;0.1327
Ta1B4Mg4,10.8248;0.9258;0.8572
Na1O4Mg4,9.9237;0.7138;0.5096
Na1O4Li4,9.4331;0.7509;0.5639
Na1F4Mg4,9.7929;0.5971;0.3565
Na1N4Mg4,10.8354;0.8686;0.7545
Na1B4Mg4,17.8378;1.1512;1.3253
Na1B4Li4,9.4104;0.9353;0.8749
Na1Mg4H4,12.1478;0.9338;0.872
H1Ba4O4,9.2677;0.8186;0.6701
H1K4O4,10.6542;0.8428;0.7103
H1K4F4,10.5973;0.7595;0.5769
H1Ca4Cl4,9.4462;0.5727;0.3279
H1O4Mg4,11.1245;0.6996;0.4895
H1S4Li4,9.3721;0.6459;0.4172
H1F4Rb4,10.5772;0.8212;0.6743
H1F4Mg4,9.974;0.6202;0.3846
H1N4Cl4,10.3015;0.3446;0.1187
H1N4Mg4,10.1669;0.6211;0.3858
H1Be4Mg4,12.702;0.8006;0.641
H1Nb4Cl4,9.629;0.5669;0.3214
H1Cl4Mg4,10.4638;0.5765;0.3323
H1Cl4Li4,9.6173;0.5415;0.2932
H1B4Mg4,17.6739;0.9294;0.8638
H1B4Na4,10.5075;1.0172;1.0347
H1Mg4Li4,10.7172;0.8704;0.7576
H1Li4Si4,9.5786;0.7236;0.5236
Pt1Cu4H4,11.0983;0.5424;0.2942
Pt1Mo4Tc4,10.2828;0.3224;0.1039
Pt1Al4Nb4,10.0267;0.5804;0.3368
Ge1Al4Nb4,10.0738;0.5766;0.3325
Ge1N4Nb4,11.5513;0.2853;0.0814
Ge1B4Mg4,12.2491;0.8975;0.8054
Ge1B4Li4,9.8809;0.8847;0.7827
Ge1Mg4H4,10.462;0.6533;0.4268
Te1N4Nb4,11.2612;0.3319;0.1102
Ir1Cu4H4,10.6877;0.5641;0.3182
Ir1Mo4Tc4,10.0671;0.272;0.074
Ir1Al4Nb4,10.1079;0.5247;0.2753
Lu1B4Mg4,9.6429;0.8977;0.8059
Lu1B4Rh4,10.0936;0.0;0.0
Ag1Cu4H4,9.8903;0.5382;0.2897
Ag1Al4Nb4,10.2093;0.6547;0.4286
Ag1B4Li4,10.1696;0.7872;0.6197
Ag1Mg4H4,9.7266;0.6503;0.4228
Cd1N4Nb4,11.5001;0.3033;0.092
Cd1B4Mg4,9.7648;0.9081;0.8247
Cd1B4Li4,10.6852;0.847;0.7174
Cd1Mg4H4,9.7203;0.662;0.4382
Br1O4Sr4,9.4133;0.9034;0.8161
Br1N4Nb4,11.0486;0.4326;0.1871
Br1N4Cl4,9.981;0.4102;0.1683
Br1N4Zr4,9.546;0.4762;0.2268
Br1B4Mg4,9.486;0.7457;0.556
Br1B4Li4,11.4664;0.9279;0.861
Br1Mg4H4,9.8709;0.7574;0.5737
I1N4Nb4,11.0365;0.3595;0.1292
I1N4Cl4,9.8778;0.5183;0.2686
I1N4Mg4,9.5052;0.6459;0.4172
Dy1B4Mg4,9.656;0.8093;0.655
Sc1O4Li4,9.597;0.5631;0.3171
Sc1F4N4,9.7537;0.4601;0.2117
Sc1B4Mg4,14.9832;0.9789;0.9583
Sc1Mg4H4,11.8089;0.9304;0.8656
Cr1O4Li4,9.5977;0.5148;0.265
Cr1Al4Nb4,12.1916;0.4534;0.2056
Cr1B4Mg4,16.643;0.963;0.9273
Cr1B4Li4,9.4182;0.7725;0.5967
Cr1Mg4H4,12.0736;0.6459;0.4172
Cs1O4S4,11.3208;0.7931;0.629
Cs1O4Cl4,11.4934;0.7098;0.5038
Cs1O4Li4,9.2871;0.7361;0.5419
Cs1O4P4,10.9688;0.679;0.4611
Cs1O4Br4,9.4686;0.6926;0.4797
Cs1S4P4,9.4621;0.9416;0.8866
Cs1N4Cl4,9.4305;0.652;0.4251
Cs1N4Pd4,10.4557;0.4855;0.2357
Cs1Cl4P4,10.1068;0.497;0.247
Cs1Mg4H4,9.6818;0.6606;0.4364
Cs1H4I4,9.3709;0.665;0.4423
Tc1Cu4H4,9.5798;0.505;0.255
Tc1Al4Nb4,10.9756;0.6037;0.3644
Tc1B4Mg4,12.5987;0.9449;0.8928
Tc1B4Li4,9.7328;0.8146;0.6636
Tc1Mg4H4,9.6253;0.6767;0.4579
Po1N4Nb4,9.591;0.4193;0.1758

405 of 219450 appear to be promising

