hp_tune_blank_nc_normal:

{'ccp_alpha': 0.0, 'criterion': 'squared_error', 'max_depth': None, 'max_leaf_nodes': None, 'max_samples': None, 'min_impurity_decrease': 0.0, 'min_samples_leaf': 1, 'min_samples_split': 2, 'min_weight_fraction_leaf': 0.0, 'n_estimators': 200, 'n_jobs': None, 'oob_score': False, 'random_state': None, 'verbose': 0, 'warm_start': False, 'max_features': 'sqrt', 'bootstrap': False}

Ba1K5La5,9.1;1.2067;1.4561
Ba1K5O5,9.3074;0.6968;0.4855
Ba1K5Nd5,9.6692;1.11;1.232
Ba1K5Bi5,10.069;0.6327;0.4003
Ba1K5Pb5,11.1443;0.7427;0.5516
Ba1K5N5,9.5676;0.683;0.4666
Ba1Fe5Nd5,9.1073;1.1214;1.2576
Ba1Ca5Nd5,10.3306;1.0925;1.1936
Ba1La5Cu5,10.0747;1.2251;1.5009
Ba1La5O5,9.8194;1.3302;1.7694
Ba1La5Mo5,9.739;1.0795;1.1653
Ba1La5Tm5,8.853;1.2487;1.5592
Ba1La5Nd5,18.0983;1.5219;2.3162
Ba1La5Pb5,9.0199;1.0298;1.0604
Ba1La5F5,8.9905;1.2518;1.5671
Ba1La5Sr5,9.5985;1.2115;1.4679
Ba1La5W5,8.8192;1.2545;1.5738
Ba1La5Tl5,8.7467;1.2854;1.6523
Ba1La5Cl5,9.0701;0.9956;0.9913
Ba1La5Se5,8.8863;1.2001;1.4403
Ba1La5Rb5,9.0131;1.2469;1.5547
Ba1La5Np5,8.7617;1.267;1.6053
Ba1La5Ta5,8.7966;1.2648;1.5996
Ba1La5Pa5,8.8009;1.2615;1.5914
Ba1La5Th5,8.8499;1.2599;1.5874
Ba1La5Sc5,10.6659;1.242;1.5426
Ba1La5D5,10.4693;1.2718;1.6175
Ba1La5Tc5,9.1693;1.2533;1.5709
Ba1La5Am5,8.8014;1.2616;1.5915
Ba1La5Cm5,8.8014;1.2616;1.5915
Ba1La5Po5,8.8014;1.2616;1.5915
Ba1Cu5Nd5,10.1164;1.1875;1.4101
Ba1O5Nd5,13.7685;1.1802;1.3929
Ba1Mo5C5,11.1633;0.2594;0.0673
Ba1Ru5Nd5,9.726;1.0563;1.1158
Ba1Tm5Nd5,11.444;1.1456;1.3123
Ba1Os5Nd5,10.8535;1.1956;1.4294
Ba1Sn5Nd5,10.1744;1.1552;1.3345
Ba1Nd5Bi5,9.8552;1.1252;1.2662
Ba1Nd5Pb5,11.1886;0.9303;0.8655
Ba1Nd5S5,9.7681;1.1944;1.4265
Ba1Nd5F5,11.5226;1.1343;1.2867
Ba1Nd5V5,10.3844;1.0121;1.0244
Ba1Nd5Sr5,13.3691;1.1274;1.2711
Ba1Nd5Co5,8.9709;1.1727;1.3753
Ba1Nd5Re5,11.0295;1.0966;1.2025
Ba1Nd5W5,11.672;1.1592;1.3438
Ba1Nd5Be5,11.4676;1.1378;1.2945
Ba1Nd5Tl5,11.7126;1.144;1.3087
Ba1Nd5Y5,9.2595;1.1736;1.3773
Ba1Nd5Hf5,10.9493;1.206;1.4545
Ba1Nd5Cl5,10.8061;0.9634;0.9281
Ba1Nd5Sm5,11.3707;1.1591;1.3435
Ba1Nd5Tb5,10.8809;1.1312;1.2795
Ba1Nd5B5,9.9482;1.0325;1.066
Ba1Nd5Gd5,11.2455;1.155;1.334
Ba1Nd5In5,10.5585;1.1005;1.2111
Ba1Nd5Pd5,9.6772;1.1502;1.3231
Ba1Nd5Zr5,9.6438;1.0611;1.126
Ba1Nd5Mn5,10.7322;1.1997;1.4394
Ba1Nd5Ho5,11.1199;1.1878;1.4109
Ba1Nd5Se5,11.3557;1.1503;1.3233
Ba1Nd5Ti5,10.4154;1.1126;1.2379
Ba1Nd5Hg5,11.3027;1.1148;1.2427
Ba1Nd5Eu5,11.4435;1.1697;1.3683
Ba1Nd5Rb5,11.13;1.1334;1.2847
Ba1Nd5Pr5,10.3655;1.0787;1.1637
Ba1Nd5Sb5,9.6739;1.0248;1.0502
Ba1Nd5Er5,10.7894;1.1975;1.4341
Ba1Nd5Rh5,9.1719;0.992;0.984
Ba1Nd5Zn5,9.7258;1.2848;1.6507
Ba1Nd5Np5,11.4501;1.1543;1.3324
Ba1Nd5Si5,8.9998;1.0386;1.0787
Ba1Nd5P5,9.5373;1.1076;1.2267
Ba1Nd5Ta5,11.6365;1.0715;1.148
Ba1Nd5Na5,10.458;1.1124;1.2375
Ba1Nd5H5,11.5931;1.1437;1.3081
Ba1Nd5Pt5,9.6213;1.1056;1.2224
Ba1Nd5Pa5,11.49;1.157;1.3387
Ba1Nd5Te5,9.8454;1.2224;1.4944
Ba1Nd5Yb5,11.3743;1.1676;1.3633
Ba1Nd5T5,11.1734;1.13;1.2769
Ba1Nd5Th5,10.8103;1.1295;1.2758
Ba1Nd5Lu5,11.0274;1.1339;1.2856
Ba1Nd5Cd5,11.1183;1.1573;1.3394
Ba1Nd5Br5,10.8656;1.0945;1.1979
Ba1Nd5I5,11.1848;1.1981;1.4354
Ba1Nd5Dy5,10.7742;1.1582;1.3414
Ba1Nd5Sc5,11.3696;1.1519;1.3268
Ba1Nd5Cr5,9.3747;1.1214;1.2575
Ba1Nd5D5,13.0329;1.1022;1.2148
Ba1Nd5Cs5,10.8234;1.1645;1.3561
Ba1Nd5Tc5,11.9704;1.138;1.2951
Ba1Nd5Pu5,10.9299;1.1896;1.4151
Ba1Nd5Am5,11.4854;1.1563;1.3371
Ba1Nd5Cm5,11.4855;1.1563;1.3369
Ba1Nd5Po5,11.4855;1.1563;1.3369
Ba1Ga5Nb5,11.6469;0.7038;0.4954
Ba1Al5Nb5,13.6874;0.4195;0.176
Ba1N5Cl5,11.5962;0.4396;0.1932
Ba1N5C5,10.211;0.4811;0.2315
Ba1N5Li5,9.8029;0.5388;0.2903
Ba1B5Mg5,20.5553;1.1313;1.2799
Ba1C5Mg5,10.6324;0.7484;0.5601
Ba1Mg5Li5,10.1588;0.7833;0.6135
K1Ba5La5,12.6991;1.1698;1.3684
K1Ba5O5,10.4686;0.7921;0.6274
K1Ba5Tm5,9.6827;0.79;0.6241
K1Ba5Os5,9.7413;0.7953;0.6325
K1Ba5Nd5,13.6562;1.3106;1.7177
K1Ba5Bi5,16.2354;0.7564;0.5721
K1Ba5Pb5,17.0046;0.8123;0.6598
K1Ba5F5,9.6204;0.7733;0.5979
K1Ba5Sr5,10.7062;0.8294;0.6879
K1Ba5Re5,9.5062;0.8315;0.6914
K1Ba5N5,11.0657;0.7879;0.6207
K1Ba5Be5,9.6615;0.7841;0.6149
K1Ba5Y5,11.7174;0.8431;0.7108
K1Ba5Hf5,9.5204;0.7776;0.6046
K1Ba5Cl5,10.0127;0.732;0.5358
K1Ba5Sm5,9.6748;0.7878;0.6207
K1Ba5Tb5,9.4812;0.8143;0.663
K1Ba5B5,9.4139;0.8372;0.7009
K1Ba5Gd5,9.606;0.786;0.6178
K1Ba5Zr5,9.7198;0.7746;0.6
K1Ba5Mn5,9.5128;0.7705;0.5937
K1Ba5Ho5,9.5903;0.7837;0.6143
K1Ba5Eu5,9.7005;0.7895;0.6233
K1Ba5Rb5,11.2854;0.7777;0.6048
K1Ba5Er5,9.5207;0.799;0.6384
K1Ba5Zn5,9.2503;0.7748;0.6003
K1Ba5Np5,9.6942;0.7853;0.6167
K1Ba5Ta5,9.3417;0.7579;0.5745
K1Ba5H5,9.9937;0.7708;0.5941
K1Ba5Pa5,9.7089;0.7856;0.6172
K1Ba5Yb5,9.6602;0.7899;0.6239
K1Ba5T5,9.5491;0.8152;0.6646
K1Ba5Th5,9.5555;0.8162;0.6662
K1Ba5Lu5,9.5775;0.7841;0.6149
K1Ba5Cd5,9.6223;0.7765;0.6029
K1Ba5Br5,10.4236;0.8512;0.7245
K1Ba5I5,9.5566;0.799;0.6384
K1Ba5Dy5,9.5011;0.7848;0.6159
K1Ba5Sc5,9.6606;0.7993;0.6388
K1Ba5D5,10.1705;0.7821;0.6117
K1Ba5Cs5,9.505;0.7598;0.5773
K1Ba5Tc5,9.8474;0.7892;0.6228
K1Ba5Pu5,9.7175;0.7987;0.6379
K1Ba5Am5,9.7091;0.7854;0.6168
K1Ba5Cm5,9.7091;0.7854;0.6168
K1Ba5Po5,9.7091;0.7854;0.6168
K1Bi5Pb5,11.5221;0.557;0.3103
K1Pb5N5,10.5977;0.6594;0.4348
K1Pb5Rb5,10.188;0.696;0.4845
K1Ga5Nb5,10.5285;0.6561;0.4304
K1Al5Nb5,12.3632;0.5707;0.3257
K1N5Nb5,10.2075;0.4931;0.2432
K1N5Cl5,12.9964;0.4292;0.1842
K1N5C5,13.0971;0.6715;0.4509
K1N5Rb5,10.3209;0.5898;0.3479
K1N5Li5,11.682;0.6312;0.3984
K1N5H5,10.5739;0.6302;0.3972
K1N5Br5,11.0679;0.5904;0.3486
K1N5I5,9.4453;0.6751;0.4558
K1N5Cs5,9.738;0.7166;0.5135
K1B5Mg5,18.0634;1.1485;1.3189
K1Mg5Li5,9.2395;0.8107;0.6572
Fe1Ba5K5,10.7311;0.8535;0.7285
Fe1Ba5La5,9.2395;1.279;1.636
Fe1Ba5Nd5,12.3011;1.3072;1.7088
Fe1Mo5C5,12.2939;0.1898;0.036
Fe1Sn5Nb5,9.5841;0.4458;0.1987
Fe1Ga5Nb5,12.4281;0.552;0.3047
Fe1Al5Nb5,14.9809;0.4446;0.1977
Fe1N5Nb5,10.0977;0.4622;0.2136
Fe1N5Cl5,12.964;0.4451;0.1981
Fe1N5C5,10.8292;0.5381;0.2896
Fe1N5Li5,10.7076;0.5897;0.3477
Fe1B5Mg5,23.4568;0.9881;0.9763
Fe1C5Mg5,12.0632;0.8274;0.6847
Fe1Mg5Li5,11.9966;0.9045;0.8181
As1Ba5K5,10.6859;0.8258;0.6819
As1Ba5La5,8.9141;1.2774;1.6319
As1Ba5Nd5,11.6486;1.3363;1.7857
As1Mo5C5,12.2492;0.1804;0.0325
As1Sn5Nb5,11.2285;0.4823;0.2326
As1Ga5Nb5,13.4242;0.6253;0.391
As1Al5Nb5,15.7849;0.3593;0.1291
As1N5Nb5,10.4085;0.4709;0.2217
As1N5Cl5,12.8038;0.4471;0.1999
As1N5C5,10.7998;0.5563;0.3095
As1N5Li5,10.5903;0.5818;0.3385
As1Nb5Zr5,9.9891;0.2122;0.045
As1B5Mg5,23.1256;1.0969;1.2031
As1C5Mg5,11.0706;0.7205;0.5192
As1Mg5Li5,10.8594;0.8361;0.6991
Ca1Ba5K5,10.3766;0.8236;0.6783
Ca1Ba5La5,8.809;1.2482;1.558
Ca1Ba5Nd5,11.6312;1.2105;1.4653
Ca1Mo5C5,12.692;0.1106;0.0122
Ca1Ga5Nb5,13.6304;0.636;0.4045
Ca1Al5Nb5,15.9161;0.3715;0.138
Ca1N5Nb5,10.1495;0.4773;0.2278
Ca1N5Cl5,12.9701;0.4461;0.199
Ca1N5C5,11.2799;0.5005;0.2505
Ca1N5Li5,10.6031;0.5775;0.3335
Ca1B5Mg5,23.4604;0.9985;0.9971
Ca1C5Pd5,10.3511;0.6535;0.427
Ca1C5Mg5,11.883;0.7511;0.5641
Ca1Mg5Li5,10.7749;0.8401;0.7057
La1Ba5K5,13.5952;1.1587;1.3425
La1Ba5O5,9.3311;1.3058;1.7052
La1Ba5Mo5,9.8326;1.1836;1.4008
La1Ba5Tm5,9.0869;1.3208;1.7446
La1Ba5Nd5,19.9425;1.5859;2.5152
La1Ba5Bi5,9.6483;1.142;1.3042
La1Ba5Pb5,11.5506;1.1279;1.2721
La1Ba5F5,9.2364;1.2965;1.6809
La1Ba5Sr5,10.1346;1.2746;1.6245
La1Ba5Re5,8.8478;1.2319;1.5177
La1Ba5W5,9.1445;1.311;1.7186
La1Ba5Be5,8.9514;1.3249;1.7554
La1Ba5Tl5,9.0923;1.3097;1.7154
La1Ba5Cl5,9.2151;1.0839;1.1747
La1Ba5Sm5,8.9174;1.3346;1.7812
La1Ba5Gd5,8.7;1.3387;1.7921
La1Ba5Ho5,8.6457;1.3859;1.9206
La1Ba5Se5,9.0399;1.3069;1.7079
La1Ba5Hg5,8.708;1.3057;1.7049
La1Ba5Eu5,8.9697;1.3264;1.7593
La1Ba5Rb5,9.1801;1.322;1.7476
La1Ba5Np5,8.9585;1.3269;1.7607
La1Ba5Ta5,9.23;1.3103;1.7168
La1Ba5H5,9.7238;1.2752;1.626
La1Ba5Pa5,9.0012;1.3258;1.7578
La1Ba5Yb5,8.8814;1.3242;1.7535
La1Ba5T5,8.7219;1.3018;1.6946
La1Ba5Th5,8.924;1.3282;1.7642
La1Ba5Lu5,8.6801;1.3351;1.7825
La1Ba5I5,8.7018;1.3686;1.873
La1Ba5Sc5,9.613;1.319;1.7399
La1Ba5D5,10.719;1.2978;1.6842
La1Ba5Tc5,9.4264;1.332;1.7742
La1Ba5Pu5,8.9871;1.3369;1.7873
La1Ba5Am5,9.0016;1.3266;1.7599
La1Ba5Cm5,9.0016;1.3266;1.7599
La1Ba5Po5,9.0016;1.3266;1.7599
La1Mo5C5,12.059;0.1698;0.0288
La1Ga5Nb5,12.2443;0.659;0.4342
La1Al5Nb5,13.989;0.4994;0.2494
La1N5Nb5,9.8831;0.4987;0.2487
La1N5Cl5,12.694;0.4593;0.211
La1N5C5,10.7202;0.4948;0.2448
La1N5Li5,10.4495;0.5899;0.348
La1B5Mg5,22.8001;1.0086;1.0173
La1C5Mg5,10.9122;0.6689;0.4474
La1Mg5Li5,10.803;0.8866;0.786
Cu1Ba5K5,10.7112;0.8481;0.7193
Cu1Ba5La5,9.2145;1.2657;1.6021
Cu1Ba5Nd5,12.2975;1.3439;1.806
Cu1Mo5C5,12.1555;0.1543;0.0238
Cu1Sn5Nb5,9.5608;0.4638;0.2152
Cu1Ga5Nb5,13.6276;0.6371;0.4059
Cu1Al5Nb5,13.4652;0.5524;0.3052
Cu1N5Nb5,10.149;0.4724;0.2232
Cu1N5Cl5,12.9739;0.4466;0.1995
Cu1N5C5,10.9724;0.5277;0.2785
Cu1N5Li5,10.7135;0.5873;0.3449
Cu1B5Mg5,24.4664;1.0786;1.1634
Cu1C5Pd5,9.5121;0.6676;0.4456
Cu1C5Mg5,11.7682;0.7495;0.5618
Cu1Mg5Li5,11.5008;0.9751;0.9507
O1Ba5K5,10.862;0.7896;0.6235
O1Ba5La5,9.2677;1.2843;1.6494
O1Ba5Nd5,12.561;1.3612;1.8528
O1Mo5C5,11.8154;0.2667;0.0711
O1Sn5Nb5,9.6535;0.4643;0.2156
O1Ga5Nb5,13.302;0.6255;0.3912
O1Al5Nb5,15.2603;0.4186;0.1752
O1N5Nb5,14.049;0.2842;0.0808
O1N5Cl5,13.2083;0.4147;0.172
O1N5C5,10.9582;0.5315;0.2825
O1N5Li5,11.4018;0.5613;0.3151
O1B5Mg5,23.4794;0.983;0.9662
O1C5Mg5,11.0786;0.7493;0.5615
O1Mg5Li5,11.2349;0.8442;0.7126
Mo1Ba5K5,10.211;0.7681;0.59
Mo1Ba5La5,9.5475;1.279;1.6358
Mo1Ba5Nd5,10.502;1.3014;1.6937
Mo1S5C5,10.85;0.6479;0.4198
Mo1Ga5Nb5,12.2855;0.6041;0.3649
Mo1Al5Nb5,13.0434;0.4957;0.2458
Mo1W5C5,10.013;0.1812;0.0328
Mo1N5Nb5,9.5623;0.4928;0.2429
Mo1N5Cl5,12.5148;0.4864;0.2366
Mo1N5C5,11.3179;0.4549;0.2069
Mo1N5Li5,10.0878;0.575;0.3306
Mo1Nb5C5,10.171;0.2793;0.078
Mo1Tl5C5,10.0745;0.4747;0.2254
Mo1B5Mg5,21.9461;1.021;1.0424
Mo1C5Pd5,11.0857;0.506;0.256
Mo1C5Hg5,9.6063;0.3943;0.1555
Mo1C5Mg5,12.2993;0.6461;0.4175
Mo1Mg5Li5,10.3054;0.8947;0.8005
Ru1Ba5K5,9.9577;0.8521;0.7261
Ru1Ba5Nd5,10.5257;1.222;1.4932
Ru1Mo5C5,11.5619;0.2207;0.0487
Ru1Ga5Nb5,12.0915;0.6546;0.4285
Ru1Al5Nb5,14.4056;0.4931;0.2431
Ru1N5Cl5,12.3663;0.4728;0.2235
Ru1N5C5,10.1312;0.5612;0.315
Ru1N5Li5,10.1964;0.6026;0.3631
Ru1B5Mg5,22.0979;0.9999;0.9998
Ru1C5Mg5,10.3291;0.7786;0.6062
Ru1Mg5Li5,10.5255;0.8428;0.7103
Tm1Ba5K5,10.7463;0.8477;0.7185
Tm1Ba5La5,9.3421;1.2607;1.5893
Tm1Ba5Nd5,12.3843;1.3037;1.6997
Tm1Mo5C5,12.695;0.1191;0.0142
Tm1Ga5Nb5,13.6367;0.6344;0.4024
Tm1Al5Nb5,15.9206;0.367;0.1347
Tm1N5Nb5,10.1539;0.4706;0.2215
Tm1N5Cl5,12.9713;0.4465;0.1994
Tm1N5C5,10.9374;0.5411;0.2928
Tm1N5Li5,10.7123;0.5892;0.3472
Tm1B5Mg5,23.1692;0.9879;0.976
Tm1C5Pd5,9.3862;0.6696;0.4483
Tm1C5Mg5,11.2434;0.7349;0.54
Tm1Mg5Li5,11.0815;0.8582;0.7365
Os1Ba5K5,10.5949;0.8504;0.7231
Os1Ba5La5,8.8955;1.3157;1.731
Os1Ba5Nd5,11.8075;1.3578;1.8436
Os1Mo5C5,12.3702;0.1756;0.0308
Os1Ga5Nb5,12.1936;0.6547;0.4286
Os1Al5Nb5,14.728;0.5251;0.2757
Os1N5Cl5,12.6943;0.4275;0.1828
Os1N5C5,10.7047;0.5182;0.2685
Os1N5Li5,10.4917;0.568;0.3226
Os1B5Mg5,22.741;0.9959;0.9919
Os1C5Mg5,11.0;0.7134;0.509
Os1Mg5Li5,10.8614;0.8539;0.7292
Sn1Ba5K5,10.167;0.757;0.573
Sn1Ba5Nd5,10.7723;1.2768;1.6301
Sn1Mo5S5,10.3089;0.3959;0.1568
Sn1Mo5C5,11.7721;0.2335;0.0545
Sn1Ga5Nb5,13.1128;0.5557;0.3088
Sn1Al5Nb5,15.4874;0.3676;0.1351
Sn1N5Nb5,10.2877;0.4211;0.1774
Sn1N5Cl5,12.4283;0.4012;0.161
Sn1N5C5,10.8105;0.5332;0.2843
Sn1N5Li5,10.2206;0.608;0.3697
Sn1Nb5Zr5,10.8301;0.2802;0.0785
Sn1B5Mg5,20.5542;1.1949;1.4277
Sn1C5Mg5,11.0524;0.7772;0.604
Sn1Mg5Li5,10.4274;0.8235;0.6782
Nd1Ba5K5,15.1668;1.3496;1.8215
Nd1Ba5Fe5,9.7565;1.1281;1.2726
Nd1Ba5As5,8.8476;1.2303;1.5137
Nd1Ba5Ca5,10.8525;1.3379;1.79
Nd1Ba5La5,19.5183;1.6622;2.7628
Nd1Ba5Cu5,10.7927;1.3429;1.8033
Nd1Ba5O5,13.5953;1.4652;2.1468
Nd1Ba5Mo5,8.7745;1.2394;1.5362
Nd1Ba5Ru5,10.2952;1.255;1.575
Nd1Ba5Tm5,12.334;1.3374;1.7886
Nd1Ba5Os5,11.6325;1.3251;1.7559
Nd1Ba5Sn5,10.5737;1.2298;1.5124
Nd1Ba5Bi5,11.3952;1.0365;1.0743
Nd1Ba5Pb5,14.3034;1.2222;1.4939
Nd1Ba5S5,10.1337;1.3425;1.8023
Nd1Ba5F5,12.2083;1.3357;1.7842
Nd1Ba5V5,10.8266;1.2548;1.5745
Nd1Ba5Sr5,13.7523;1.1873;1.4097
Nd1Ba5Co5,9.5369;1.1242;1.2639
Nd1Ba5Re5,11.7394;1.2906;1.6656
Nd1Ba5W5,12.5188;1.3538;1.8328
Nd1Ba5Be5,12.2966;1.3327;1.7761
Nd1Ba5Tl5,12.5434;1.3389;1.7927
Nd1Ba5Y5,10.1013;1.2862;1.6542
Nd1Ba5Hf5,11.7589;1.3752;1.8913
Nd1Ba5Cl5,11.2226;1.3035;1.699
Nd1Ba5Sm5,12.2895;1.3484;1.8183
Nd1Ba5Ni5,8.7758;1.3111;1.7189
Nd1Ba5Tb5,11.6759;1.3291;1.7665
Nd1Ba5B5,10.5787;1.155;1.3341
Nd1Ba5Gd5,12.1041;1.3071;1.7084
Nd1Ba5In5,10.8446;1.2516;1.5666
Nd1Ba5Pd5,10.2198;1.3161;1.7322
Nd1Ba5Zr5,9.9969;1.1131;1.2391
Nd1Ba5Mn5,11.5942;1.3373;1.7883
Nd1Ba5Ho5,11.9735;1.35;1.8224
Nd1Ba5Se5,12.3691;1.3079;1.7106
Nd1Ba5Ti5,11.1276;1.3147;1.7285
Nd1Ba5Hg5,11.9771;1.3625;1.8564
Nd1Ba5Eu5,12.3503;1.3405;1.7969
Nd1Ba5Rb5,11.9536;1.2548;1.5745
Nd1Ba5Pr5,11.1657;1.3022;1.6958
Nd1Ba5Sb5,10.0665;1.2805;1.6398
Nd1Ba5Er5,11.546;1.3937;1.9425
Nd1Ba5Rh5,9.7519;1.273;1.6205
Nd1Ba5Au5,9.3336;1.2729;1.6202
Nd1Ba5Zn5,10.3728;1.4063;1.9778
Nd1Ba5Li5,8.9262;1.2434;1.546
Nd1Ba5Np5,12.3516;1.3385;1.7915
Nd1Ba5Si5,9.7666;1.2405;1.5389
Nd1Ba5P5,10.3204;1.2574;1.581
Nd1Ba5Ta5,12.3556;1.3107;1.718
Nd1Ba5Na5,11.8437;1.3031;1.6981
Nd1Ba5H5,12.1526;1.2959;1.6794
Nd1Ba5Pt5,10.3351;1.3291;1.7665
Nd1Ba5Ge5,9.8749;1.3795;1.9029
Nd1Ba5Pa5,12.3915;1.3405;1.7969
Nd1Ba5Te5,10.5282;1.3406;1.7972
Nd1Ba5Ir5,9.3609;1.2938;1.6739
Nd1Ba5Yb5,12.2645;1.3358;1.7843
Nd1Ba5T5,12.0758;1.3422;1.8016
Nd1Ba5Th5,11.6551;1.2625;1.594
Nd1Ba5Lu5,11.7835;1.297;1.6822
Nd1Ba5Cd5,11.9698;1.3828;1.912
Nd1Ba5Br5,11.6545;1.2816;1.6424
Nd1Ba5I5,12.0527;1.3299;1.7687
Nd1Ba5Dy5,11.6001;1.3673;1.8695
Nd1Ba5Sc5,12.2165;1.3113;1.7194
Nd1Ba5Cr5,10.03;1.3125;1.7227
Nd1Ba5D5,13.8175;1.2129;1.4712
Nd1Ba5Cs5,11.626;1.3181;1.7373
Nd1Ba5Tc5,12.8209;1.3222;1.7481
Nd1Ba5Pu5,11.7417;1.3148;1.7286
Nd1Ba5Am5,12.3916;1.3412;1.7987
Nd1Ba5Cm5,12.3916;1.3412;1.7987
Nd1Ba5Po5,12.3916;1.3412;1.7987
Nd1Mo5Co5,9.6085;0.405;0.164
Nd1Mo5C5,10.9549;0.3288;0.1081
Nd1Sn5Nb5,9.647;0.4535;0.2056
Nd1Ga5Nb5,13.0772;0.6618;0.438
Nd1Al5Nb5,15.2958;0.4489;0.2015
Nd1N5Nb5,10.1586;0.4814;0.2317
Nd1N5Cl5,12.9699;0.4344;0.1887
Nd1N5C5,10.2862;0.5456;0.2977
Nd1N5Li5,10.7135;0.5884;0.3462
Nd1B5Mg5,23.2402;0.977;0.9546
Nd1C5Mg5,10.5579;0.7399;0.5474
Nd1Mg5Li5,11.0882;0.8741;0.764
Bi1Ba5K5,13.6952;0.7353;0.5407
Bi1Ba5La5,8.8448;1.2719;1.6177
Bi1Ba5Nd5,11.544;1.1891;1.414
Bi1Ba5Pb5,10.1059;0.4333;0.1877
Bi1Mo5C5,11.886;0.2255;0.0508
Bi1Sn5Nb5,11.1796;0.4432;0.1964
Bi1Ga5Nb5,12.8285;0.6194;0.3837
Bi1Al5Nb5,15.2236;0.4454;0.1984
Bi1N5Nb5,9.8666;0.5159;0.2661
Bi1N5Cl5,12.2877;0.4066;0.1653
Bi1N5C5,10.5112;0.5949;0.3539
Bi1N5Li5,10.1002;0.574;0.3294
Bi1B5Mg5,22.3559;1.0637;1.1314
Bi1C5Mg5,10.9057;0.7475;0.5588
Bi1Mg5Li5,10.4434;0.8758;0.767
Pb1Ba5K5,11.444;0.8962;0.8032
Pb1Ba5La5,8.8301;1.1767;1.3847
Pb1Ba5Nd5,11.7113;1.3162;1.7323
Pb1Mo5S5,10.0401;0.2581;0.0666
Pb1Mo5C5,11.8142;0.2179;0.0475
Pb1Sn5Nb5,11.2986;0.4779;0.2283
Pb1Ga5Nb5,13.3954;0.6532;0.4267
Pb1Al5Nb5,15.5467;0.3854;0.1485
Pb1N5Nb5,10.392;0.4673;0.2183
Pb1N5Cl5,12.7088;0.4453;0.1983
Pb1N5C5,10.8913;0.5379;0.2894
Pb1N5Li5,10.5643;0.5509;0.3035
Pb1Nb5Zr5,9.7839;0.2484;0.0617
Pb1B5Mg5,21.7495;1.0064;1.0129
Pb1C5Mg5,11.178;0.7615;0.5798
Pb1Mg5Li5,10.6755;0.8805;0.7754
S1Ba5K5,10.6756;0.8222;0.676
S1Ba5La5,8.857;1.2328;1.5197
S1Ba5Nd5,11.9388;1.3222;1.7483
S1As5C5,8.892;1.1551;1.3341
S1Ca5C5,11.4129;0.9925;0.9851
S1La5C5,11.3965;0.8333;0.6944
S1Cu5C5,9.1155;1.019;1.0385
S1O5C5,9.2298;1.1397;1.299
S1Mo5C5,14.3273;0.501;0.251
S1Tm5C5,9.6005;1.1582;1.3415
S1Os5C5,9.4748;1.0816;1.1699
S1Sn5C5,9.3264;1.0553;1.1136
S1Bi5C5,9.2124;1.1189;1.252
S1Ga5Nb5,12.8062;0.6776;0.4592
S1Al5Nb5,15.0705;0.4153;0.1725
S1Sr5C5,9.9594;1.1564;1.3372
S1Re5C5,9.8109;1.0457;1.0934
S1W5C5,11.5302;0.9049;0.8188
S1N5Nb5,9.6371;0.4842;0.2345
S1N5Cl5,12.8777;0.4939;0.2439
S1N5C5,12.1677;0.7278;0.5297
S1N5Li5,10.5904;0.6014;0.3617
S1Be5C5,9.927;1.1549;1.3338
S1Tl5C5,9.9472;1.1168;1.2473
S1Hf5C5,9.4358;1.0855;1.1782
S1Sm5C5,9.9711;1.1585;1.3422
S1B5C5,9.3429;0.9095;0.8272
S1B5Mg5,23.262;0.9586;0.919
S1C5Pd5,13.1269;0.8508;0.7238
S1C5Zr5,9.3318;1.151;1.3248
S1C5Mn5,8.9002;1.1291;1.2749
S1C5Se5,9.9389;1.1808;1.3942
S1C5Hg5,10.007;1.0347;1.0706
S1C5Eu5,9.9846;1.1495;1.3213
S1C5Mg5,13.5334;0.9826;0.9656
S1C5Er5,9.5418;1.1364;1.2914
S1C5Np5,10.0053;1.1501;1.3227
S1C5P5,9.8583;1.1541;1.332
S1C5Ta5,9.3158;0.7731;0.5977
S1C5Na5,9.6255;1.043;1.0879
S1C5H5,10.5015;1.0075;1.0151
S1C5Ge5,9.3757;1.0204;1.0413
S1C5Pa5,10.0126;1.1513;1.3254
S1C5Te5,9.148;1.0515;1.1057
S1C5Yb5,9.5247;1.1216;1.258
S1C5T5,10.0018;1.1479;1.3176
S1C5Lu5,9.3159;1.0176;1.0355
S1C5Cd5,9.6877;1.1578;1.3404
S1C5Br5,10.6245;1.0664;1.1373
S1C5I5,9.6099;1.078;1.1621
S1C5D5,10.5341;1.1476;1.3169
S1C5Tc5,10.5284;1.1289;1.2744
S1C5Pu5,9.9509;1.1483;1.3187
S1C5Am5,10.0125;1.1518;1.3266
S1C5Cm5,10.0125;1.1518;1.3266
S1C5Po5,10.0125;1.1518;1.3266
S1Mg5Li5,10.9331;0.866;0.75
F1Ba5K5,10.6478;0.8223;0.6762
F1Ba5La5,9.3384;1.2488;1.5596
F1Ba5Nd5,12.1625;1.269;1.6103
F1Mo5C5,11.9972;0.2431;0.0591
F1Sn5Nb5,9.5857;0.4577;0.2095
F1Ga5Nb5,13.609;0.6354;0.4038
F1Al5Nb5,15.8733;0.3543;0.1255
F1N5Nb5,9.8865;0.4578;0.2096
F1N5Cl5,12.7221;0.4143;0.1716
F1N5C5,10.428;0.5309;0.2818
F1N5Li5,10.3622;0.6009;0.361
F1B5Mg5,19.9578;0.8345;0.6963
F1C5Mg5,11.184;0.7405;0.5484
F1Mg5Li5,11.2235;0.8005;0.6408
V1Ba5K5,10.3809;0.8305;0.6898
V1Ba5Nd5,11.6817;1.2143;1.4744
V1Mo5Co5,9.6635;0.3719;0.1383
V1Mo5C5,13.243;0.0954;0.0091
V1Sn5Nb5,10.1529;0.4324;0.187
V1Ga5Nb5,11.6863;0.5493;0.3017
V1Al5Nb5,14.6709;0.4348;0.189
V1N5Cl5,12.3639;0.496;0.246
V1N5C5,9.7073;0.5105;0.2607
V1N5Li5,10.2639;0.5887;0.3466
V1B5Mg5,23.4959;1.0105;1.0211
V1C5Pd5,9.4961;0.6559;0.4301
V1C5Mg5,11.3365;0.7117;0.5066
V1Mg5Li5,11.06;0.8526;0.7269
Ga1Ba5K5,9.479;0.7875;0.6201
Ga1Ba5Nd5,9.221;1.1347;1.2876
Ga1Mo5C5,10.7148;0.3001;0.0901
Ga1Sn5Nb5,10.6454;0.4447;0.1977
Ga1Al5Nb5,13.7462;0.5522;0.3049
Ga1N5Nb5,9.6329;0.5541;0.307
Ga1N5Cl5,11.3229;0.392;0.1537
Ga1N5C5,9.5284;0.6025;0.363
Ga1B5Mg5,18.2951;1.1449;1.3108
Ga1C5Mg5,9.6801;0.7377;0.5442
Ga1Mg5Li5,9.53;0.8163;0.6663
Al1Ba5Nd5,9.336;1.2051;1.4523
Al1As5Nb5,9.9172;0.4838;0.2341
Al1Ca5Nb5,9.9864;0.4342;0.1885
Al1Cu5Nb5,9.608;0.4117;0.1695
Al1O5Nb5,10.1864;0.568;0.3226
Al1Mo5C5,9.7012;0.4131;0.1707
Al1Tm5Nb5,10.1663;0.4934;0.2435
Al1Sn5Nb5,12.6851;0.4437;0.1969
Al1Nd5Nb5,10.0341;0.5127;0.2628
Al1Bi5Nb5,9.6644;0.501;0.251
Al1Pb5Nb5,10.0055;0.4914;0.2415
Al1F5Nb5,10.142;0.493;0.243
Al1Ga5Nb5,12.5985;0.5579;0.3112
Al1Sr5Nb5,9.9397;0.5142;0.2644
Al1Re5Nb5,9.867;0.3941;0.1553
Al1W5Nb5,10.3728;0.5141;0.2643
Al1N5Nb5,11.9199;0.5391;0.2907
Al1N5Cl5,11.2079;0.4423;0.1956
Al1N5Li5,9.9386;0.5922;0.3507
Al1Be5Nb5,9.9402;0.4643;0.2155
Al1Nb5Tl5,10.2136;0.485;0.2352
Al1Nb5Hf5,10.1392;0.4782;0.2287
Al1Nb5Cl5,9.644;0.5948;0.3538
Al1Nb5Sm5,10.1666;0.4926;0.2426
Al1Nb5Tb5,9.9866;0.4964;0.2464
Al1Nb5B5,10.9421;0.6596;0.4351
Al1Nb5Gd5,9.8;0.4979;0.2479
Al1Nb5In5,9.876;0.4611;0.2126
Al1Nb5Zr5,9.7273;0.3776;0.1426
Al1Nb5Mn5,10.0273;0.4805;0.2309
Al1Nb5Ho5,10.1273;0.4931;0.2431
Al1Nb5Se5,10.4141;0.4915;0.2416
Al1Nb5Hg5,10.1679;0.4929;0.243
Al1Nb5Eu5,10.1311;0.493;0.2431
Al1Nb5Rb5,9.9502;0.4791;0.2296
Al1Nb5Pr5,9.7346;0.53;0.2809
Al1Nb5Mg5,10.3507;0.7231;0.5228
Al1Nb5Er5,10.0863;0.4797;0.2301
Al1Nb5Zn5,9.5695;0.5188;0.2691
Al1Nb5Np5,10.1265;0.5025;0.2525
Al1Nb5P5,10.9051;0.5087;0.2588
Al1Nb5Ta5,10.1197;0.4246;0.1802
Al1Nb5Na5,10.1764;0.4855;0.2357
Al1Nb5Pa5,10.1684;0.4937;0.2437
Al1Nb5Yb5,9.9348;0.5152;0.2654
Al1Nb5T5,10.1682;0.4935;0.2435
Al1Nb5Th5,9.7132;0.5146;0.2648
Al1Nb5Cd5,10.0828;0.4826;0.2329
Al1Nb5Br5,10.0046;0.519;0.2693
Al1Nb5I5,10.1523;0.4923;0.2423
Al1Nb5Dy5,10.0795;0.5028;0.2528
Al1Nb5D5,10.2567;0.4983;0.2483
Al1Nb5Cs5,10.0564;0.486;0.2362
Al1Nb5Tc5,9.8925;0.4912;0.2412
Al1Nb5Pu5,10.0349;0.4905;0.2405
Al1Nb5Am5,10.0966;0.4979;0.2479
Al1Nb5Cm5,10.1682;0.4935;0.2435
Al1Nb5Po5,10.1682;0.4935;0.2435
Al1B5Mn5,9.1405;0.8859;0.7847
Al1B5Mg5,28.1346;0.9378;0.8795
Al1B5Li5,10.656;0.8993;0.8087
Al1B5P5,9.3844;0.883;0.7797
Al1B5D5,9.1614;0.8516;0.7252
Al1C5Mg5,10.4754;0.7492;0.5613
Al1Mg5Li5,11.1972;1.0447;1.0914
Sr1Ba5K5,11.8332;0.9048;0.8186
Sr1Ba5La5,10.2903;1.2312;1.5159
Sr1Ba5Nd5,14.1746;1.2263;1.5039
Sr1Ba5Pb5,10.0435;0.7068;0.4996
Sr1Mo5C5,12.5619;0.1172;0.0137
Sr1Ga5Nb5,13.4235;0.6505;0.4232
Sr1Al5Nb5,15.6524;0.4097;0.1679
Sr1N5Nb5,10.0442;0.4906;0.2407
Sr1N5Cl5,12.946;0.4487;0.2013
Sr1N5C5,10.9513;0.5353;0.2865
Sr1N5Li5,10.6914;0.5871;0.3447
Sr1B5Mg5,23.4017;1.0046;1.0092
Sr1C5Pd5,9.4941;0.6446;0.4155
Sr1C5Mg5,11.2997;0.7431;0.5522
Sr1Mg5Li5,11.005;0.8526;0.7269
Co1Ba5K5,10.5075;0.8453;0.7145
Co1Ba5La5,9.3444;1.2586;1.584
Co1Ba5Nd5,12.0607;1.2167;1.4804
Co1Mo5C5,12.3492;0.1761;0.031
Co1Ga5Nb5,12.2782;0.5448;0.2968
Co1Ga5Pu5,12.233;0.3112;0.0968
Co1Al5Nb5,13.6226;0.4708;0.2217
Co1N5Cl5,12.3976;0.5074;0.2575
Co1N5C5,10.5369;0.5419;0.2936
Co1N5Li5,10.2083;0.6422;0.4124
Co1B5Mg5,22.7468;1.1427;1.3058
Co1C5Mg5,11.3953;0.7747;0.6002
Co1Mg5Li5,11.1802;0.9138;0.8349
Re1Ba5K5,10.6418;0.8295;0.688
Re1Ba5Nd5,11.5595;1.3213;1.7458
Re1Mo5C5,13.1796;0.1416;0.02
Re1Ga5Nb5,13.3908;0.6016;0.3619
Re1Al5Nb5,15.4975;0.3707;0.1374
Re1N5Nb5,9.9701;0.4659;0.2171
Re1N5Cl5,12.8932;0.4561;0.208
Re1N5C5,10.9768;0.5228;0.2733
Re1N5Li5,10.5789;0.5554;0.3084
Re1B5Mg5,23.3019;0.9225;0.851
Re1C5Pd5,9.5119;0.6411;0.411
Re1C5Mg5,11.3237;0.736;0.5417
Re1Mg5Li5,10.7913;0.8451;0.7142
W1Ba5K5,10.731;0.8341;0.6957
W1Ba5La5,9.2317;1.2776;1.6323
W1Ba5Nd5,12.3433;1.3089;1.7132
W1Mo5C5,11.7199;0.1046;0.0109
W1Ga5Nb5,13.4022;0.637;0.4058
W1Al5Nb5,15.4417;0.3895;0.1517
W1N5Nb5,9.645;0.4552;0.2072
W1N5Cl5,12.6687;0.4572;0.209
W1N5C5,10.7444;0.5291;0.2799
W1N5Li5,10.4374;0.6214;0.3862
W1B5Mg5,23.486;0.997;0.9939
W1C5Pd5,10.1374;0.5949;0.3539
W1C5Mg5,11.7479;0.697;0.4858
W1Mg5Li5,11.0653;0.8554;0.7317
N1Ba5K5,11.6869;0.8166;0.6668
N1Ba5Nd5,9.0781;1.1299;1.2767
N1Ba5C5,10.6077;0.5105;0.2606
N1K5C5,12.7096;0.8443;0.7129
N1Fe5C5,11.3092;0.6288;0.3954
N1As5C5,11.3518;0.6727;0.4525
N1Ca5C5,11.9334;0.6221;0.387
N1La5C5,11.5465;0.516;0.2663
N1Cu5C5,10.8121;0.6482;0.4201
N1O5C5,10.5445;0.6373;0.4062
N1Mo5C5,13.4354;0.4496;0.2022
N1Ru5C5,10.3553;0.6679;0.446
N1Tm5C5,11.6062;0.6505;0.4231
N1Os5C5,11.4401;0.6325;0.4
N1Sn5C5,11.4581;0.638;0.407
N1Nd5C5,10.9502;0.6435;0.414
N1Bi5C5,11.2828;0.6753;0.456
N1Pb5C5,11.3921;0.6433;0.4138
N1S5C5,11.2733;0.6377;0.4067
N1F5C5,11.1793;0.6404;0.4101
N1V5C5,9.5718;0.6759;0.4569
N1Ga5Nb5,11.6883;0.6149;0.3781
N1Ga5C5,9.8462;0.6781;0.4598
N1Sr5C5,11.7085;0.6337;0.4015
N1Co5C5,10.704;0.6268;0.3929
N1Re5C5,11.6711;0.6405;0.4102
N1W5C5,11.6828;0.572;0.3272
N1Be5C5,11.6748;0.6319;0.3993
N1Nb5Hf5,9.6918;0.4981;0.2482
N1Nb5C5,16.4189;0.1895;0.0359
N1Nb5Zr5,10.3101;0.3189;0.1017
N1Nb5Ti5,10.3436;0.3731;0.1392
N1Tl5C5,12.0925;0.6641;0.4411
N1Y5C5,10.0241;0.5547;0.3076
N1Hf5Cl5,13.751;0.7573;0.5736
N1Hf5C5,12.1122;0.5987;0.3585
N1Hf5Li5,12.4112;0.6818;0.4648
N1Cl5C5,11.0205;0.5513;0.3039
N1Cl5Ti5,9.714;0.587;0.3445
N1Cl5Rb5,10.033;0.5463;0.2984
N1Cl5Li5,11.0744;0.6948;0.4828
N1Cl5Na5,9.6571;0.6357;0.4041
N1Cl5H5,9.4398;0.5664;0.3208
N1Cl5D5,9.6435;0.5656;0.3199
N1Cl5Cs5,9.7735;0.6985;0.4879
N1Sm5C5,11.7117;0.6329;0.4006
N1Ni5C5,11.0795;0.5445;0.2965
N1Tb5C5,10.2527;0.6561;0.4305
N1B5C5,10.7724;0.6381;0.4072
N1B5Mg5,18.9782;1.1338;1.2856
N1C5Gd5,10.5486;0.6275;0.3938
N1C5In5,10.3203;0.645;0.416
N1C5Pd5,12.8875;0.6174;0.3812
N1C5Zr5,11.5895;0.5851;0.3423
N1C5Mn5,11.4642;0.632;0.3994
N1C5Ho5,11.4023;0.6598;0.4354
N1C5Se5,11.7083;0.6312;0.3985
N1C5Ti5,10.7439;0.6677;0.4458
N1C5Hg5,11.9096;0.6138;0.3768
N1C5Eu5,11.7152;0.6328;0.4004
N1C5Pr5,9.9225;0.6728;0.4527
N1C5Mg5,13.2809;0.6543;0.4281
N1C5Sb5,11.1004;0.6816;0.4646
N1C5Er5,11.5967;0.6303;0.3972
N1C5Rh5,9.9186;0.5754;0.3311
N1C5Au5,11.1277;0.6483;0.4203
N1C5Zn5,11.2091;0.6181;0.3821
N1C5Li5,10.8087;0.6778;0.4594
N1C5Np5,11.7138;0.6326;0.4002
N1C5Si5,10.6959;0.6835;0.4672
N1C5P5,11.6671;0.6341;0.4021
N1C5Ta5,12.1696;0.5864;0.3438
N1C5Na5,14.4031;0.6631;0.4398
N1C5H5,13.755;0.629;0.3956
N1C5Pt5,10.7328;0.6817;0.4647
N1C5Ge5,10.5713;0.6689;0.4474
N1C5Pa5,11.7158;0.6317;0.3991
N1C5Te5,10.4325;0.6393;0.4087
N1C5Yb5,11.5983;0.6498;0.4222
N1C5T5,11.7157;0.6318;0.3992
N1C5Th5,10.5552;0.6764;0.4575
N1C5Lu5,11.5218;0.6553;0.4294
N1C5Ag5,10.1824;0.6375;0.4064
N1C5Cd5,11.6536;0.6322;0.3997
N1C5Br5,11.6824;0.6565;0.431
N1C5I5,12.039;0.7016;0.4922
N1C5Dy5,10.696;0.6427;0.4131
N1C5Sc5,10.7186;0.7585;0.5753
N1C5D5,11.8235;0.6356;0.404
N1C5Cs5,14.4539;0.8772;0.7696
N1C5Tc5,11.9005;0.6274;0.3936
N1C5Pu5,11.7173;0.6258;0.3916
N1C5Am5,11.7157;0.6318;0.3992
N1C5Cm5,11.7157;0.6318;0.3992
N1C5Po5,11.7157;0.6318;0.3992
N1Mg5Li5,12.4345;0.9729;0.9464
N1Li5Br5,9.6381;0.6977;0.4868
N1Li5I5,9.6147;0.684;0.4678
Be1Ba5K5,10.7545;0.8465;0.7165
Be1Ba5La5,9.2189;1.2676;1.6068
Be1Ba5Nd5,12.3697;1.2863;1.6547
Be1Mo5C5,12.7111;0.1182;0.014
Be1Sn5Nb5,9.5956;0.4602;0.2117
Be1Ga5Nb5,13.6227;0.6238;0.3891
Be1Al5Nb5,15.7453;0.3645;0.1328
Be1N5Nb5,10.1168;0.4767;0.2273
Be1N5Cl5,12.969;0.4432;0.1964
Be1N5C5,10.9626;0.5343;0.2855
Be1N5Li5,10.1967;0.6371;0.4058
Be1B5Mg5,23.6096;0.9725;0.9457
Be1C5Pd5,9.4624;0.6769;0.4582
Be1C5Mg5,11.406;0.7273;0.5289
Be1Mg5Li5,10.9483;0.8567;0.734
Nb1Ba5K5,9.2444;0.8686;0.7545
Nb1Ba5Nd5,9.5238;1.3291;1.7665
Nb1K5N5,9.5364;0.6105;0.3727
Nb1Mo5C5,12.7828;0.1216;0.0148
Nb1Al5Ge5,10.0692;0.5814;0.338
Nb1N5Cl5,13.531;0.3764;0.1417
Nb1N5C5,13.2729;0.3341;0.1116
Nb1N5Ti5,9.8872;0.3391;0.115
Nb1N5Li5,12.0589;0.442;0.1954
Nb1N5Ta5,9.6329;0.4104;0.1684
Nb1N5Na5,10.7948;0.452;0.2043
Nb1N5I5,10.1086;0.4233;0.1792
Nb1N5Cs5,10.86;0.6995;0.4893
Nb1B5Mg5,22.4754;0.997;0.994
Nb1C5Pd5,9.9939;0.4834;0.2337
Nb1C5Mg5,11.8298;0.6831;0.4666
Nb1Mg5Li5,9.9716;0.7803;0.6088
Tl1Ba5K5,10.4783;0.871;0.7587
Tl1Ba5La5,9.2491;1.2978;1.6844
Tl1Ba5Nd5,12.4217;1.3051;1.7034
Tl1Mo5C5,13.2159;0.3555;0.1264
Tl1Sn5Nb5,11.4613;0.4515;0.2038
Tl1Ga5Nb5,13.7129;0.6119;0.3744
Tl1Al5Nb5,15.9157;0.3685;0.1358
Tl1N5Nb5,10.6046;0.5063;0.2564
Tl1N5Cl5,12.9773;0.446;0.1989
Tl1N5C5,11.3403;0.5764;0.3322
Tl1N5Li5,10.717;0.5925;0.3511
Tl1Nb5Zr5,10.3671;0.1901;0.0361
Tl1B5Mg5,20.0076;1.107;1.2255
Tl1C5Pd5,10.6484;0.704;0.4956
Tl1C5Mg5,11.5502;0.818;0.6692
Tl1Mg5Li5,10.4036;0.8636;0.7458
Y1Ba5K5,10.6246;0.8565;0.7335
Y1Ba5La5,8.725;1.3448;1.8084
Y1Ba5Nd5,11.8334;1.3494;1.8208
Y1Mo5C5,11.5669;0.2915;0.085
Y1Ga5Nb5,13.5371;0.6592;0.4346
Y1Al5Nb5,12.7325;0.5795;0.3358
Y1N5Nb5,10.1204;0.4769;0.2274
Y1N5Cl5,12.9496;0.4351;0.1893
Y1N5C5,10.5382;0.5455;0.2976
Y1N5Li5,10.6818;0.5968;0.3562
Y1B5Mg5,20.312;1.1699;1.3686
Y1C5Pd5,10.41;0.7178;0.5152
Y1C5Mg5,10.3745;0.7034;0.4947
Y1Mg5Li5,10.329;0.9074;0.8233
Hf1Ba5K5,10.6747;0.8181;0.6692
Hf1Ba5La5,8.9951;1.2156;1.4776
Hf1Ba5Nd5,11.9713;1.2821;1.6437
Hf1Mo5C5,11.828;0.075;0.0056
Hf1Ga5Nb5,13.2535;0.6931;0.4804
Hf1Al5Nb5,15.1693;0.3695;0.1366
Hf1N5Nb5,11.4065;0.2876;0.0827
Hf1N5Cl5,15.493;0.4318;0.1864
Hf1N5C5,11.1115;0.5497;0.3022
Hf1N5Li5,13.9881;0.6162;0.3797
Hf1Cl5Li5,9.8777;0.6883;0.4738
Hf1B5Mg5,23.3603;1.0102;1.0205
Hf1C5Pd5,9.569;0.6526;0.4258
Hf1C5Mg5,11.3794;0.7325;0.5366
Hf1Mg5Li5,11.7225;0.7965;0.6345
Cl1Ba5K5,10.7855;0.8421;0.7091
Cl1Ba5La5,9.3139;1.2576;1.5815
Cl1Ba5Nd5,12.2964;1.2692;1.6108
Cl1Mo5C5,12.2816;0.1891;0.0357
Cl1Sn5Nb5,9.5542;0.4938;0.2438
Cl1Ga5Nb5,13.4283;0.6151;0.3783
Cl1Al5Nb5,15.5965;0.4204;0.1768
Cl1N5Nb5,11.1402;0.4957;0.2457
Cl1N5Hf5,9.8449;0.6447;0.4156
Cl1N5C5,11.5176;0.5276;0.2783
Cl1N5Li5,13.1381;0.525;0.2756
Cl1B5Mg5,23.218;0.973;0.9467
Cl1C5Pd5,9.3651;0.6628;0.4393
Cl1C5Mg5,11.1787;0.7292;0.5318
Cl1Mg5Li5,11.7412;0.8736;0.7632
Sm1Ba5K5,10.7375;0.8437;0.7118
Sm1Ba5La5,9.1337;1.2855;1.6524
Sm1Ba5Nd5,12.2702;1.2999;1.6898
Sm1Mo5C5,12.7076;0.1205;0.0145
Sm1Sn5Nb5,9.6015;0.4532;0.2054
Sm1Ga5Nb5,13.6362;0.6342;0.4023
Sm1Al5Nb5,15.9184;0.3671;0.1348
Sm1N5Nb5,10.1524;0.4722;0.2229
Sm1N5Cl5,12.9702;0.4461;0.199
Sm1N5C5,10.9585;0.5318;0.2829
Sm1N5Li5,10.7115;0.5889;0.3468
Sm1B5Mg5,23.4114;1.0492;1.1008
Sm1C5Pd5,9.4485;0.6764;0.4575
Sm1C5Mg5,11.2788;0.7311;0.5344
Sm1Mg5Li5,11.0683;0.8615;0.7422
Ni1Ba5K5,10.5965;0.8719;0.7602
Ni1Ba5La5,8.9474;1.3436;1.8053
Ni1Ba5Nd5,11.3152;1.3106;1.7177
Ni1Mo5C5,12.4844;0.178;0.0317
Ni1Ga5Nb5,12.5605;0.6388;0.4081
Ni1Al5Nb5,14.9856;0.4357;0.1898
Ni1N5Nb5,10.0087;0.4676;0.2187
Ni1N5Cl5,12.7858;0.4439;0.197
Ni1N5C5,10.9764;0.5148;0.2651
Ni1N5Li5,10.8031;0.5909;0.3491
Ni1B5Mg5,22.7547;0.9901;0.9803
Ni1C5Mg5,11.3232;0.7245;0.5249
Ni1Mg5Li5,10.9373;0.7984;0.6375
Tb1Ba5K5,10.5782;0.827;0.684
Tb1Ba5La5,8.7149;1.3266;1.7598
Tb1Ba5Nd5,11.8108;1.2883;1.6596
Tb1Ga5Nb5,13.45;0.6153;0.3785
Tb1Al5Nb5,15.5551;0.3978;0.1582
Tb1N5Nb5,10.0658;0.4742;0.2249
Tb1N5Cl5,12.8877;0.4414;0.1949
Tb1N5Li5,10.594;0.57;0.3249
Tb1B5Mg5,21.4813;1.0711;1.1472
Tb1C5Mg5,9.4417;0.693;0.4803
Tb1Mg5Li5,10.8767;0.8657;0.7494
Ce1Ga5Nb5,10.314;0.6252;0.3908
Ce1Al5Nb5,12.5614;0.5762;0.332
Ce1N5Cl5,10.0404;0.5354;0.2867
Ce1B5Mg5,17.8877;1.1233;1.2619
B1Ba5K5,10.6231;0.8201;0.6726
B1Ba5La5,9.3494;1.1475;1.3168
B1Ba5Nd5,11.5706;1.3351;1.7825
B1Mo5C5,11.3735;0.1124;0.0126
B1Ga5Nb5,12.9734;0.6359;0.4044
B1Al5Nb5,15.2589;0.4657;0.2169
B1N5Nb5,9.9626;0.4848;0.235
B1N5Cl5,12.7122;0.4723;0.2231
B1N5C5,10.8705;0.5345;0.2857
B1N5Li5,10.5224;0.6369;0.4056
B1C5Pd5,10.9104;0.61;0.3722
B1C5Mg5,12.4478;0.648;0.4199
B1Mg5Li5,11.6897;0.9085;0.8253
C1Ba5Mg5,11.3273;0.8431;0.7108
C1K5N5,10.0274;0.6458;0.417
C1Fe5Pd5,9.8416;0.6663;0.444
C1Fe5Mg5,12.818;0.914;0.8354
C1As5Pd5,9.8475;0.6375;0.4064
C1As5Mg5,11.9548;0.8422;0.7094
C1Ca5Pd5,10.9919;0.6009;0.3611
C1Ca5Mg5,12.4383;0.905;0.819
C1La5Pd5,10.2693;0.5435;0.2954
C1La5Mg5,11.012;0.855;0.731
C1Cu5Pd5,10.6832;0.6463;0.4178
C1Cu5Mg5,10.8043;0.9193;0.8452
C1O5Pd5,10.684;0.6335;0.4013
C1O5Mg5,12.414;0.86;0.7396
C1Mo5Mg5,11.5596;0.8135;0.6618
C1Ru5Pd5,9.7082;0.6826;0.466
C1Ru5Mg5,11.5914;0.9148;0.8369
C1Tm5Pd5,10.6184;0.6135;0.3764
C1Tm5Mg5,12.3633;0.8994;0.809
C1Os5Pd5,10.3333;0.6243;0.3898
C1Os5Mg5,12.095;0.8739;0.7637
C1Sn5Pd5,9.7774;0.6098;0.3719
C1Sn5Mg5,11.904;0.8539;0.7292
C1Nd5Pd5,9.4972;0.5949;0.3539
C1Nd5Mg5,11.7641;0.9004;0.8107
C1Bi5Pd5,10.4285;0.6406;0.4104
C1Bi5Mg5,11.1988;0.8567;0.7339
C1Pb5Pd5,9.9499;0.6708;0.4499
C1Pb5Mg5,12.2586;0.8822;0.7783
C1S5B5,9.1878;0.854;0.7293
C1S5Pd5,11.0445;0.6187;0.3828
C1S5Mg5,12.904;0.9388;0.8813
C1F5Pd5,10.4472;0.6233;0.3885
C1F5Mg5,12.4871;0.8659;0.7498
C1V5Pd5,10.1217;0.5614;0.3152
C1V5Mg5,12.1744;0.8572;0.7347
C1Ga5Nb5,11.2354;0.59;0.3481
C1Ga5Mg5,10.3728;0.8555;0.7319
C1Sr5Pd5,10.628;0.6088;0.3706
C1Sr5Mg5,12.433;0.8872;0.7871
C1Co5Mg5,11.9088;0.9401;0.8838
C1Re5Pd5,10.65;0.5996;0.3595
C1Re5Mg5,12.3028;0.8832;0.7801
C1W5Pd5,10.5302;0.5939;0.3527
C1W5Mg5,12.5574;0.871;0.7587
C1N5Cl5,11.5365;0.3142;0.0987
C1N5Mg5,11.4041;0.6786;0.4606
C1N5Li5,10.811;0.4759;0.2265
C1N5Ta5,9.8197;0.1809;0.0327
C1N5Na5,10.6501;0.5458;0.2979
C1N5Cs5,10.1154;0.802;0.6432
C1Be5Pd5,10.5633;0.692;0.4789
C1Be5Mg5,12.6729;0.8459;0.7156
C1Nb5Mg5,10.8946;0.8165;0.6667
C1Tl5Pd5,10.8118;0.6816;0.4645
C1Tl5Mg5,12.3133;0.8755;0.7664
C1Y5Pd5,11.768;0.7865;0.6185
C1Y5Mg5,10.0876;0.9173;0.8414
C1Hf5Pd5,10.6782;0.6197;0.384
C1Hf5Mg5,12.4409;0.8716;0.7597
C1Cl5Pd5,9.8482;0.6692;0.4478
C1Cl5Mg5,11.9609;0.7848;0.6159
C1Sm5Pd5,10.672;0.6437;0.4144
C1Sm5Mg5,12.4384;0.8746;0.765
C1Ni5Mg5,11.3025;0.8196;0.6718
C1Tb5Mg5,10.2849;0.7996;0.6394
C1B5Pd5,17.4601;0.518;0.2683
C1B5Mg5,25.3441;0.511;0.2611
C1Gd5Mg5,11.1059;0.8567;0.734
C1In5Mg5,11.2461;0.7734;0.5982
C1Pd5Zr5,10.2965;0.6128;0.3755
C1Pd5Mn5,9.9779;0.6606;0.4364
C1Pd5Ho5,9.998;0.6487;0.4208
C1Pd5Se5,10.5966;0.6091;0.371
C1Pd5Hg5,10.9175;0.6848;0.469
C1Pd5Eu5,10.6864;0.659;0.4343
C1Pd5Mg5,13.5516;0.8411;0.7075
C1Pd5Sb5,9.9049;0.6122;0.3748
C1Pd5Er5,10.1649;0.6073;0.3688
C1Pd5Au5,9.8981;0.6922;0.4791
C1Pd5Zn5,9.911;0.6809;0.4636
C1Pd5Li5,9.6808;0.4879;0.238
C1Pd5Np5,10.6979;0.6507;0.4234
C1Pd5P5,10.3107;0.6472;0.4189
C1Pd5Ta5,10.8552;0.571;0.3261
C1Pd5Na5,10.1241;0.6094;0.3714
C1Pd5H5,11.6615;0.5868;0.3444
C1Pd5Pt5,9.4808;0.6704;0.4494
C1Pd5Pa5,10.7129;0.6481;0.4201
C1Pd5Te5,9.8201;0.6445;0.4154
C1Pd5Yb5,10.6546;0.6419;0.4121
C1Pd5T5,10.7433;0.6441;0.4148
C1Pd5Th5,10.8122;0.7074;0.5004
C1Pd5Ag5,9.7038;0.6799;0.4622
C1Pd5Cd5,10.653;0.6335;0.4013
C1Pd5Br5,10.7184;0.6041;0.3649
C1Pd5I5,10.7563;0.6591;0.4344
C1Pd5Sc5,10.6795;0.6731;0.4531
C1Pd5D5,11.6591;0.5767;0.3325
C1Pd5Tc5,10.9685;0.6256;0.3914
C1Pd5Pu5,10.8092;0.6135;0.3764
C1Pd5Am5,10.7005;0.6503;0.4229
C1Pd5Cm5,10.7116;0.6483;0.4203
C1Pd5Po5,10.7116;0.6483;0.4203
C1Zr5Mg5,13.1331;0.8565;0.7336
C1Mn5Mg5,13.2779;0.8;0.64
C1Ho5Mg5,12.1721;0.8631;0.745
C1Se5Mg5,12.4475;0.8693;0.7556
C1Ti5Mg5,12.0491;0.9382;0.8802
C1Hg5Mg5,11.7223;0.897;0.8046
C1Eu5Mg5,12.4424;0.8704;0.7576
C1Rb5Mg5,10.5012;0.9067;0.8221
C1Pr5Mg5,11.2848;0.872;0.7605
C1Mg5Sb5,11.3276;0.8869;0.7865
C1Mg5Er5,12.2567;0.8909;0.7937
C1Mg5Rh5,9.8068;0.8211;0.6741
C1Mg5Au5,11.9843;0.7896;0.6235
C1Mg5Zn5,11.5396;0.8696;0.7561
C1Mg5Li5,15.0764;0.9703;0.9414
C1Mg5Np5,12.4388;0.8707;0.7582
C1Mg5Si5,11.0564;0.7902;0.6244
C1Mg5P5,12.3736;0.8796;0.7736
C1Mg5Ta5,12.7195;0.8629;0.7445
C1Mg5Na5,13.2304;0.8911;0.7941
C1Mg5H5,12.6376;0.8599;0.7394
C1Mg5Pt5,11.1575;0.8043;0.6468
C1Mg5Ge5,11.1593;0.9118;0.8314
C1Mg5Pa5,12.4456;0.8723;0.761
C1Mg5Te5,11.0053;0.8153;0.6647
C1Mg5Ir5,9.8269;0.7467;0.5576
C1Mg5Yb5,12.3723;0.8887;0.7898
C1Mg5T5,12.4457;0.872;0.7603
C1Mg5Th5,11.9207;0.8926;0.7967
C1Mg5Lu5,12.0637;0.869;0.7552
C1Mg5Ag5,11.6364;0.8492;0.7211
C1Mg5Cd5,10.9389;0.9605;0.9226
C1Mg5Br5,12.4458;0.8476;0.7184
C1Mg5I5,12.4796;0.8565;0.7336
C1Mg5Dy5,11.3303;0.8893;0.7908
C1Mg5Sc5,12.8948;0.9166;0.8401
C1Mg5Cr5,9.9196;0.8486;0.7202
C1Mg5D5,12.7425;0.8747;0.7652
C1Mg5Cs5,9.9444;0.8145;0.6633
C1Mg5Tc5,12.5618;0.8778;0.7705
C1Mg5Pu5,12.5115;0.8667;0.7512
C1Mg5Am5,12.4453;0.8723;0.7609
C1Mg5Cm5,12.4453;0.8723;0.7609
C1Mg5Po5,12.4453;0.8723;0.7609
Gd1Ba5K5,10.709;0.847;0.7174
Gd1Ba5La5,8.871;1.2908;1.6661
Gd1Ba5Nd5,12.1721;1.2714;1.6164
Gd1Mo5C5,10.3118;0.3503;0.1227
Gd1Ga5Nb5,13.5798;0.6383;0.4074
Gd1Al5Nb5,15.1337;0.4601;0.2117
Gd1N5Nb5,10.1436;0.473;0.2237
Gd1N5Cl5,12.9607;0.4503;0.2027
Gd1N5C5,9.7385;0.5221;0.2726
Gd1N5Li5,10.6961;0.5842;0.3413
Gd1B5Mg5,22.764;1.032;1.0651
Gd1C5Mg5,10.0079;0.7178;0.5153
Gd1Mg5Li5,11.0227;0.8569;0.7344
In1Ba5K5,10.6876;0.8139;0.6624
In1Ba5La5,9.2623;1.3049;1.7029
In1Ba5Nd5,12.263;1.2686;1.6095
In1Mo5C5,10.9099;0.3111;0.0968
In1Sn5Nb5,10.7009;0.4956;0.2456
In1Ga5Nb5,13.4049;0.6686;0.447
In1Al5Nb5,15.6777;0.3705;0.1372
In1N5Nb5,10.0843;0.5012;0.2512
In1N5Cl5,12.861;0.4333;0.1877
In1N5C5,10.2968;0.5134;0.2636
In1N5Li5,10.6521;0.5534;0.3063
In1B5Mg5,20.756;1.0716;1.1483
In1C5Mg5,10.1435;0.697;0.4858
In1Mg5Li5,10.4356;0.843;0.7107
Pd1Ba5K5,10.1423;0.8519;0.7258
Pd1Ba5Nd5,11.0766;1.2849;1.6509
Pd1Cu5H5,10.4082;0.5787;0.3349
Pd1Mo5C5,12.2009;0.2082;0.0434
Pd1Al5Nb5,10.644;0.5956;0.3548
Pd1N5Cl5,12.29;0.4372;0.1912
Pd1N5C5,10.7485;0.5467;0.2989
Pd1N5Li5,10.2042;0.4966;0.2466
Pd1B5Mg5,22.2015;1.0817;1.17
Pd1C5Mg5,11.1823;0.7273;0.5289
Pd1Mg5Li5,10.3973;0.8179;0.6689
Zr1Ba5K5,10.6106;0.7946;0.6314
Zr1Ba5Nd5,10.6508;1.1872;1.4093
Zr1Mo5C5,11.171;0.0723;0.0052
Zr1Sn5Nb5,12.0241;0.4554;0.2074
Zr1Ga5Nb5,12.8119;0.6305;0.3975
Zr1Al5Nb5,14.8005;0.4261;0.1815
Zr1N5Nb5,12.2314;0.3214;0.1033
Zr1N5Cl5,12.7283;0.072;0.0052
Zr1N5C5,11.1192;0.5121;0.2623
Zr1N5Li5,11.5016;0.5167;0.267
Zr1B5Mg5,23.7631;1.1276;1.2716
Zr1C5Pd5,9.4622;0.6555;0.4297
Zr1C5Mg5,12.189;0.7388;0.5458
Zr1Mg5Li5,11.8469;0.8999;0.8098
Mn1Ba5K5,10.6802;0.8273;0.6844
Mn1Ba5La5,8.8363;1.276;1.6283
Mn1Ba5Nd5,11.8597;1.305;1.703
Mn1Mo5C5,12.1392;0.2194;0.0481
Mn1Ga5Nb5,11.8973;0.6755;0.4563
Mn1Al5Nb5,15.4342;0.4092;0.1674
Mn1N5Nb5,10.0699;0.4792;0.2296
Mn1N5Cl5,12.9113;0.4448;0.1978
Mn1N5C5,10.6968;0.5259;0.2766
Mn1N5Li5,10.6278;0.587;0.3446
Mn1B5Mg5,29.5678;0.8759;0.7672
Mn1C5Mg5,12.0308;0.722;0.5212
Mn1Mg5Li5,13.0899;0.966;0.9331
Ho1Ba5K5,10.7283;0.8498;0.7222
Ho1Ba5La5,9.0892;1.2837;1.648
Ho1Ba5Nd5,12.2714;1.2869;1.6561
Ho1Mo5C5,12.5633;0.1373;0.0189
Ho1Sn5Nb5,9.5914;0.4523;0.2046
Ho1Ga5Nb5,13.072;0.6527;0.426
Ho1Al5Nb5,15.9093;0.367;0.1347
Ho1N5Nb5,10.1527;0.472;0.2228
Ho1N5Cl5,12.9717;0.4459;0.1988
Ho1N5C5,10.9329;0.5273;0.2781
Ho1N5Li5,10.6969;0.5885;0.3464
Ho1B5Mg5,23.5349;0.9744;0.9494
Ho1C5Pd5,9.4066;0.6796;0.4619
Ho1C5Mg5,11.2705;0.7262;0.5273
Ho1Mg5Li5,11.0619;0.8461;0.7159
Se1Ba5K5,10.738;0.8464;0.7164
Se1Ba5La5,9.2398;1.2646;1.5991
Se1Ba5Nd5,12.3857;1.3098;1.7157
Se1Mo5C5,12.6023;0.1419;0.0201
Se1Ga5Nb5,12.7222;0.6159;0.3794
Se1Al5Nb5,15.1321;0.4181;0.1748
Se1N5Nb5,9.6542;0.4762;0.2267
Se1N5Cl5,12.9666;0.4428;0.1961
Se1N5C5,10.9521;0.5296;0.2805
Se1N5Li5,10.7073;0.5885;0.3463
Se1B5Mg5,23.5305;0.9949;0.9898
Se1C5Pd5,9.4483;0.6703;0.4493
Se1C5Mg5,11.2807;0.7353;0.5406
Se1Mg5Li5,11.0769;0.8563;0.7333
Ti1Ba5K5,10.7479;0.8514;0.7249
Ti1Ba5La5,9.2271;1.2857;1.653
Ti1Ba5Nd5,12.3711;1.2996;1.6889
Ti1Mo5C5,11.5838;0.1488;0.0222
Ti1Sn5Nb5,11.0214;0.4553;0.2073
Ti1Ga5Nb5,13.1198;0.6914;0.478
Ti1Al5Nb5,12.9739;0.4425;0.1958
Ti1N5Nb5,13.9258;0.2595;0.0673
Ti1N5Cl5,13.146;0.4128;0.1704
Ti1N5C5,11.6916;0.4942;0.2443
Ti1N5Li5,11.0466;0.5764;0.3322
Ti1B5Mg5,24.5892;1.1154;1.2441
Ti1C5Pd5,9.6175;0.6555;0.4297
Ti1C5Mg5,12.0991;0.7907;0.6252
Ti1Mg5Li5,11.7771;0.8902;0.7925
Hg1Ba5K5,10.1612;0.8212;0.6744
Hg1Ba5La5,9.1776;1.237;1.5302
Hg1Ba5Nd5,12.2185;1.3136;1.7257
Hg1Mo5C5,12.7626;0.2541;0.0645
Hg1Sn5Nb5,9.5868;0.4442;0.1974
Hg1Ga5Nb5,13.6331;0.6327;0.4003
Hg1Al5Nb5,15.9188;0.3688;0.136
Hg1N5Nb5,10.1539;0.4706;0.2215
Hg1N5Cl5,12.9714;0.4465;0.1994
Hg1N5C5,11.1324;0.5269;0.2776
Hg1N5Li5,10.7105;0.5889;0.3468
Hg1B5Mg5,23.5463;0.9997;0.9994
Hg1C5Pd5,10.0819;0.7317;0.5354
Hg1C5Mg5,11.6794;0.7496;0.562
Hg1Mg5Li5,11.075;0.8588;0.7375
Eu1Ba5K5,10.7424;0.8455;0.7148
Eu1Ba5La5,9.1819;1.2746;1.6247
Eu1Ba5Nd5,12.3087;1.2993;1.6881
Eu1Mo5C5,12.4179;0.1793;0.0321
Eu1Sn5Nb5,9.5836;0.4477;0.2005
Eu1Ga5Nb5,13.6013;0.643;0.4134
Eu1Al5Nb5,15.867;0.3668;0.1346
Eu1N5Nb5,10.1366;0.4707;0.2215
Eu1N5Cl5,12.9708;0.4462;0.1991
Eu1N5C5,10.958;0.5331;0.2842
Eu1N5Li5,10.7102;0.5899;0.348
Eu1B5Mg5,23.3984;1.0082;1.0164
Eu1C5Pd5,9.4559;0.6767;0.4579
Eu1C5Mg5,11.2824;0.7318;0.5355
Eu1Mg5Li5,11.0755;0.8557;0.7321
Rb1Ba5K5,12.1295;0.7018;0.4925
Rb1Ba5La5,9.2681;1.3201;1.7428
Rb1Ba5Nd5,11.8454;1.2602;1.5882
Rb1Ga5Nb5,13.2167;0.6277;0.394
Rb1Al5Nb5,15.4847;0.3297;0.1087
Rb1N5Nb5,9.9886;0.4885;0.2387
Rb1N5Cl5,13.5898;0.3743;0.1401
Rb1N5Li5,10.4209;0.6224;0.3874
Rb1B5Mg5,22.7035;0.9892;0.9786
Rb1C5Mg5,9.5523;0.746;0.5566
Rb1Mg5Li5,10.5081;0.8092;0.6548
Pr1Ba5Nd5,11.3718;1.2459;1.5523
Pr1Mo5C5,10.0332;0.4011;0.1608
Pr1Ga5Nb5,12.7123;0.679;0.4611
Pr1Al5Nb5,14.451;0.4965;0.2465
Pr1N5Nb5,9.9558;0.4848;0.235
Pr1N5Cl5,12.7861;0.4331;0.1876
Pr1N5C5,9.7701;0.6091;0.3711
Pr1N5Li5,10.5087;0.6156;0.379
Pr1B5Mg5,22.8712;0.9937;0.9873
Pr1C5Mg5,10.0043;0.7362;0.5419
Pr1Mg5Li5,10.8691;0.8516;0.7253
Mg1Ba5K5,10.7849;0.8386;0.7032
Mg1Ba5La5,9.2792;1.3034;1.6988
Mg1Ba5Nd5,12.341;1.3129;1.7237
Mg1Mo5C5,12.5018;0.1484;0.022
Mg1Sn5Nb5,9.6391;0.4499;0.2024
Mg1Ga5Nb5,13.6204;0.6295;0.3962
Mg1Al5Nb5,15.5143;0.421;0.1772
Mg1N5Nb5,10.7515;0.4827;0.233
Mg1N5Cl5,16.0159;0.6163;0.3799
Mg1N5C5,11.4078;0.5745;0.33
Mg1N5Li5,12.2496;0.5606;0.3142
Mg1Hf5Cl5,9.4373;0.7531;0.5671
Mg1Hf5Li5,9.9636;0.4907;0.2408
Mg1Cl5Li5,10.5382;0.5714;0.3265
Mg1C5Pd5,9.5157;0.7005;0.4907
Sb1Ba5K5,10.2457;0.8476;0.7185
Sb1Ba5La5,8.8174;1.2583;1.5834
Sb1Ba5Nd5,11.8364;1.3186;1.7388
Sb1Mo5C5,12.5626;0.1383;0.0191
Sb1Sn5Nb5,10.5422;0.4142;0.1716
Sb1Ga5Nb5,13.4134;0.657;0.4317
Sb1Al5Nb5,15.7309;0.3691;0.1362
Sb1N5Nb5,10.2639;0.4732;0.2239
Sb1N5Cl5,12.972;0.4454;0.1983
Sb1N5C5,10.9178;0.5352;0.2865
Sb1N5Li5,10.7093;0.5901;0.3482
Sb1Nb5Zr5,9.8578;0.1832;0.0336
Sb1B5Mg5,23.5316;0.9885;0.9771
Sb1C5Pd5,9.3468;0.6832;0.4667
Sb1C5Mg5,11.2069;0.7294;0.5321
Sb1Mg5Li5,11.0749;0.8606;0.7406
Er1Ba5K5,10.6546;0.8263;0.6828
Er1Ba5Nd5,11.7835;1.3585;1.8456
Er1Mo5C5,12.6718;0.1159;0.0134
Er1Ga5Nb5,13.5863;0.6358;0.4042
Er1Al5Nb5,15.7623;0.3558;0.1266
Er1N5Nb5,10.147;0.4742;0.2249
Er1N5Cl5,12.9459;0.4466;0.1994
Er1N5C5,10.969;0.5149;0.2651
Er1N5Li5,10.6639;0.5837;0.3406
Er1B5Mg5,23.5832;0.9824;0.9652
Er1C5Pd5,9.4138;0.655;0.429
Er1C5Mg5,11.3266;0.722;0.5213
Er1Mg5Li5,10.8744;0.8575;0.7354
Rh1Ba5K5,9.5197;0.8016;0.6425
Rh1Ba5Nd5,10.2712;1.1875;1.41
Rh1Mo5C5,10.4393;0.3039;0.0923
Rh1Ga5Nb5,10.8349;0.6028;0.3634
Rh1Ga5Pu5,9.9389;0.4792;0.2297
Rh1Al5Nb5,13.2273;0.5268;0.2775
Rh1N5Cl5,12.0209;0.5076;0.2577
Rh1N5Li5,9.9329;0.6238;0.3892
Rh1B5Mg5,21.9776;0.9903;0.9808
Rh1C5Mg5,9.6565;0.7044;0.4962
Rh1Mg5Li5,10.3053;0.845;0.714
Au1Ba5K5,10.8159;0.8408;0.707
Au1Ba5La5,9.4497;1.2804;1.6395
Au1Ba5Nd5,12.558;1.3074;1.7093
Au1Mo5C5,12.6796;0.1161;0.0135
Au1Sn5Nb5,9.59;0.4517;0.2041
Au1Ga5Nb5,12.6155;0.5986;0.3584
Au1Al5Nb5,15.8943;0.3686;0.1359
Au1N5Nb5,10.1364;0.4776;0.2281
Au1N5Cl5,12.9798;0.4418;0.1951
Au1N5C5,10.9819;0.5265;0.2772
Au1N5Li5,10.7181;0.5894;0.3474
Au1B5Mg5,22.2665;0.9044;0.818
Au1C5Pd5,9.6433;0.6763;0.4574
Au1C5Mg5,11.5492;0.7417;0.5501
Au1Pd5H5,11.3785;0.328;0.1076
Au1Mg5Li5,11.2124;0.8653;0.7488
Au1Si5H5,9.5227;0.5555;0.3086
Zn1Ba5K5,10.714;0.8449;0.7138
Zn1Ba5La5,9.0327;1.2809;1.6408
Zn1Ba5Nd5,12.1116;1.336;1.7849
Zn1Mo5C5,12.4098;0.1766;0.0312
Zn1Sn5Nb5,9.6294;0.4546;0.2067
Zn1Ga5Nb5,13.429;0.6114;0.3739
Zn1Al5Nb5,14.7662;0.48;0.2304
Zn1N5Nb5,10.5255;0.4869;0.2371
Zn1N5Cl5,12.9893;0.4386;0.1923
Zn1N5C5,10.9393;0.531;0.2819
Zn1N5Li5,10.7934;0.5823;0.3391
Zn1Nb5Zr5,10.1563;0.162;0.0262
Zn1B5Mg5,23.5346;1.0267;1.0541
Zn1C5Mg5,11.3734;0.6947;0.4826
Zn1Mg5Li5,11.1065;0.8829;0.7794
Li1Ba5K5,10.0864;0.8115;0.6585
Li1Ba5Nd5,10.1308;1.2004;1.4409
Li1Ba5Mg5,10.4428;0.8511;0.7243
Li1K5N5,9.8961;0.53;0.2809
Li1Fe5Mg5,12.0606;0.975;0.9506
Li1As5Mg5,10.9845;0.9149;0.837
Li1Ca5Mg5,10.6157;0.8384;0.7029
Li1La5Mg5,10.2593;0.9486;0.8998
Li1O5Mg5,11.4867;0.8137;0.6622
Li1Mo5C5,9.7153;0.372;0.1384
Li1Mo5Mg5,9.5845;0.9094;0.827
Li1Ru5Mg5,11.098;0.8527;0.7271
Li1Tm5Mg5,11.6553;0.8681;0.7536
Li1Os5Mg5,11.3819;0.861;0.7412
Li1Sn5Mg5,10.9262;0.8448;0.7137
Li1Nd5Mg5,11.5075;0.8743;0.7644
Li1Pb5Mg5,11.4431;0.8393;0.7044
Li1S5Mg5,11.2432;0.8578;0.7358
Li1F5Mg5,11.699;0.8208;0.6738
Li1V5Mg5,10.6644;0.9113;0.8304
Li1Ga5Nb5,11.7299;0.6283;0.3947
Li1Ga5Mg5,9.5821;0.9581;0.9179
Li1Al5Nb5,13.1923;0.548;0.3003
Li1Sr5Mg5,11.6015;0.8856;0.7843
Li1Co5Mg5,10.8471;0.9804;0.9613
Li1Re5Mg5,11.5155;0.8664;0.7506
Li1W5Mg5,10.9509;0.8928;0.7971
Li1N5Nb5,10.7773;0.4838;0.2341
Li1N5Hf5,12.403;0.6953;0.4835
Li1N5Cl5,14.1505;0.3443;0.1185
Li1N5C5,11.2975;0.5255;0.2761
Li1N5Mg5,11.6932;1.0506;1.1037
Li1N5Na5,9.723;0.5391;0.2906
Li1N5I5,10.9192;0.5744;0.3299
Li1N5Cs5,9.7864;0.6026;0.3632
Li1Be5Mg5,11.5786;0.8242;0.6793
Li1Nb5Mg5,9.6752;0.7575;0.5738
Li1Tl5Mg5,11.1876;0.883;0.7796
Li1Y5Mg5,9.9644;0.9471;0.897
Li1Hf5Cl5,10.5248;0.6186;0.3827
Li1Hf5Mg5,12.2552;0.8285;0.6864
Li1Cl5Mg5,12.3379;0.8479;0.719
Li1Sm5Mg5,11.6477;0.8796;0.7737
Li1Ni5Mg5,11.1818;0.8363;0.6994
Li1Tb5Mg5,11.4215;0.89;0.7921
Li1Ce5Mg5,9.0745;0.9362;0.8766
Li1B5Mg5,23.9564;0.9618;0.9251
Li1C5Mg5,13.8698;0.9187;0.8441
Li1Gd5Mg5,11.5846;0.8765;0.7682
Li1In5Mg5,11.3662;0.8266;0.6832
Li1Pd5Mg5,10.5768;0.8144;0.6633
Li1Zr5Mg5,12.1059;0.9098;0.8278
Li1Mn5Mg5,13.6529;0.9764;0.9534
Li1Ho5Mg5,11.5523;0.8816;0.7773
Li1Se5Mg5,10.9136;0.7915;0.6265
Li1Ti5Mg5,12.1326;0.8755;0.7666
Li1Hg5Mg5,9.6142;0.9514;0.9052
Li1Eu5Mg5,11.6676;0.856;0.7328
Li1Rb5Mg5,11.0268;0.7725;0.5967
Li1Pr5Mg5,11.3765;0.8807;0.7757
Li1Mg5Sb5,10.4806;0.9383;0.8804
Li1Mg5Er5,11.4146;0.8788;0.7723
Li1Mg5Rh5,9.9704;0.798;0.6369
Li1Mg5Au5,10.8797;0.8584;0.7369
Li1Mg5Zn5,9.5406;0.8963;0.8034
Li1Mg5Np5,11.6603;0.8638;0.7462
Li1Mg5Si5,9.8907;0.9478;0.8983
Li1Mg5P5,10.9528;0.8495;0.7216
Li1Mg5Ta5,10.6786;0.8496;0.7218
Li1Mg5Na5,12.5945;0.9561;0.9142
Li1Mg5H5,10.9757;0.8795;0.7736
Li1Mg5Pt5,9.4899;0.8447;0.7135
Li1Mg5Ge5,10.1152;0.9296;0.8642
Li1Mg5Pa5,11.6727;0.8591;0.738
Li1Mg5Te5,10.4441;0.8829;0.7794
Li1Mg5Ir5,9.4134;0.9098;0.8277
Li1Mg5Yb5,11.6392;0.8703;0.7574
Li1Mg5T5,11.6725;0.8598;0.7392
Li1Mg5U5,9.2601;0.9439;0.891
Li1Mg5Th5,11.4893;0.862;0.743
Li1Mg5Lu5,11.4659;0.8293;0.6877
Li1Mg5Ag5,10.3771;0.9111;0.83
Li1Mg5Cd5,9.9145;0.8241;0.6792
Li1Mg5Br5,11.5999;0.8194;0.6714
Li1Mg5I5,12.0863;0.8846;0.7825
Li1Mg5Dy5,11.4217;0.8656;0.7492
Li1Mg5Sc5,12.002;0.8433;0.7112
Li1Mg5Cr5,10.1609;0.9281;0.8615
Li1Mg5D5,12.0462;0.8873;0.7873
Li1Mg5Cs5,11.2225;0.8458;0.7153
Li1Mg5Tc5,11.8161;0.8514;0.7248
Li1Mg5Pu5,11.5433;0.8775;0.7699
Li1Mg5Am5,11.6717;0.8599;0.7395
Li1Mg5Cm5,11.672;0.8595;0.7388
Li1Mg5Po5,11.672;0.8595;0.7388
Np1Ba5K5,10.7428;0.8443;0.7128
Np1Ba5La5,9.2283;1.2754;1.6266
Np1Ba5Nd5,12.379;1.3024;1.6962
Np1Mo5C5,12.7167;0.1132;0.0128
Np1Sn5Nb5,9.6021;0.4532;0.2054
Np1Ga5Nb5,13.2163;0.7046;0.4965
Np1Al5Nb5,15.9203;0.3674;0.135
Np1N5Nb5,10.1539;0.4706;0.2215
Np1N5Cl5,12.9703;0.4465;0.1994
Np1N5C5,10.9587;0.531;0.282
Np1N5Li5,10.7119;0.5894;0.3474
Np1B5Mg5,23.5458;1.0001;1.0002
Np1C5Pd5,9.4548;0.6761;0.4571
Np1C5Mg5,11.2827;0.7316;0.5352
Np1Mg5Li5,11.0786;0.859;0.7379
Si1Ba5K5,10.7104;0.8497;0.722
Si1Ba5La5,8.9158;1.2688;1.6098
Si1Ba5Nd5,11.5898;1.2872;1.6568
Si1Mo5C5,12.0773;0.1511;0.0228
Si1Ga5Nb5,13.5645;0.6143;0.3774
Si1Al5Nb5,15.0451;0.4415;0.1949
Si1N5Nb5,12.0346;0.5173;0.2676
Si1N5Cl5,13.0428;0.4422;0.1955
Si1N5C5,11.0339;0.5091;0.2592
Si1N5Li5,11.0098;0.5674;0.322
Si1B5Mg5,23.1653;0.9348;0.8738
Si1C5Pd5,9.3958;0.6731;0.453
Si1C5Mg5,11.2497;0.7056;0.4978
Si1Mg5Li5,10.8954;0.8632;0.7451
P1Ba5K5,10.1722;0.8714;0.7594
P1Ba5Nd5,11.366;1.2133;1.4721
P1Mo5Ni5,10.3406;0.5126;0.2628
P1Mo5C5,12.7003;0.1159;0.0134
P1Sn5Nb5,9.6012;0.4609;0.2124
P1Ga5Nb5,13.6311;0.6352;0.4034
P1Al5Nb5,16.0415;0.3701;0.137
P1N5Nb5,10.1517;0.4724;0.2232
P1N5Cl5,12.9737;0.4478;0.2005
P1N5C5,10.964;0.5313;0.2823
P1N5Li5,10.7105;0.5984;0.3581
P1B5Mg5,23.5548;0.958;0.9177
P1C5Pd5,9.4676;0.6757;0.4566
P1C5Mg5,11.2864;0.7312;0.5347
P1Mg5Li5,11.0796;0.8671;0.7519
Ta1Ba5K5,10.1853;0.8311;0.6907
Ta1Ba5La5,9.1533;1.2598;1.5872
Ta1Ba5Nd5,12.148;1.2865;1.655
Ta1Sn5Nb5,12.5068;0.4104;0.1684
Ta1Ga5Nb5,13.2645;0.6137;0.3766
Ta1Al5Nb5,14.9457;0.4475;0.2003
Ta1N5Nb5,10.2619;0.4603;0.2119
Ta1N5Cl5,12.9643;0.4485;0.2011
Ta1N5C5,11.3865;0.4819;0.2322
Ta1N5Li5,10.7103;0.592;0.3504
Ta1Nb5Zr5,10.0836;0.09;0.0081
Ta1B5Mg5,23.4445;1.0053;1.0106
Ta1C5Pd5,10.1068;0.6517;0.4247
Ta1C5Mg5,11.7733;0.7095;0.5034
Ta1Mg5Li5,10.9931;0.8688;0.7548
Na1Ba5K5,10.3792;0.8303;0.6894
Na1Ba5La5,9.0633;1.1765;1.3841
Na1Ba5Nd5,12.0652;1.2724;1.619
Na1Mo5C5,12.2373;0.1844;0.034
Na1Sn5Nb5,9.5885;0.454;0.2061
Na1Ga5Nb5,13.618;0.6417;0.4117
Na1Al5Nb5,15.9072;0.3637;0.1323
Na1N5Nb5,11.0252;0.5095;0.2596
Na1N5Cl5,14.4261;0.5114;0.2615
Na1N5C5,13.9843;0.5963;0.3555
Na1N5Li5,11.609;0.5664;0.3208
Na1B5Mg5,24.6778;1.0847;1.1766
Na1C5Mg5,12.3041;0.7648;0.5849
Na1Mg5Li5,12.0626;0.9646;0.9305
H1Ba5K5,10.6136;0.8395;0.7048
H1Ba5Nd5,11.8394;1.2713;1.6162
H1Mo5C5,12.423;0.1582;0.025
H1Ga5Nb5,12.6257;0.6462;0.4175
H1Al5Nb5,15.1136;0.399;0.1592
H1N5Cl5,12.8558;0.4705;0.2213
H1N5C5,11.8639;0.6914;0.478
H1N5Li5,10.6462;0.603;0.3636
H1B5Mg5,23.3425;0.9477;0.8982
H1C5Pd5,9.7621;0.6568;0.4314
H1C5Mg5,11.3437;0.7013;0.4918
H1Mg5Li5,10.6416;0.8704;0.7576
Pt1Ba5K5,10.0245;0.8079;0.6527
Pt1Ba5Nd5,10.7962;1.2168;1.4807
Pt1Mo5C5,10.8506;0.2728;0.0744
Pt1Ga5Nb5,11.9544;0.6742;0.4545
Pt1Al5Nb5,13.9874;0.537;0.2884
Pt1N5Cl5,12.0935;0.4409;0.1944
Pt1N5C5,9.9625;0.546;0.2981
Pt1N5Li5,9.8832;0.5822;0.339
Pt1B5Mg5,21.4446;1.1669;1.3616
Pt1C5Mg5,10.0187;0.7233;0.5232
Pt1Mg5Li5,9.7397;0.8364;0.6995
Ge1Ba5K5,10.3954;0.8218;0.6754
Ge1Ba5La5,8.8512;1.2449;1.5498
Ge1Ba5Nd5,11.7466;1.2216;1.4924
Ge1Mo5C5,12.3549;0.1694;0.0287
Ge1Ga5Nb5,11.7586;0.5622;0.316
Ge1Al5Nb5,13.4698;0.445;0.198
Ge1N5Nb5,9.6418;0.4932;0.2433
Ge1N5Cl5,12.7806;0.4572;0.209
Ge1N5C5,11.2175;0.555;0.308
Ge1N5Li5,10.5299;0.5945;0.3534
Ge1B5Mg5,22.9742;1.0166;1.0334
Ge1C5Pd5,10.3373;0.6578;0.4327
Ge1C5Mg5,11.7799;0.748;0.5596
Ge1Mg5Li5,10.9034;0.8787;0.7722
Pa1Ba5K5,10.7436;0.8442;0.7127
Pa1Ba5La5,9.2455;1.2735;1.6217
Pa1Ba5Nd5,12.389;1.3035;1.6992
Pa1Mo5C5,12.7167;0.1132;0.0128
Pa1Sn5Nb5,9.6021;0.4532;0.2054
Pa1Ga5Nb5,13.6367;0.6344;0.4024
Pa1Al5Nb5,15.9206;0.367;0.1347
Pa1N5Nb5,10.1539;0.4706;0.2215
Pa1N5Cl5,12.9708;0.4462;0.1991
Pa1N5C5,10.9591;0.5313;0.2823
Pa1N5Li5,10.7119;0.5894;0.3474
Pa1B5Mg5,23.5469;0.9993;0.9986
Pa1C5Pd5,9.4589;0.6745;0.455
Pa1C5Mg5,11.2828;0.7316;0.5352
Pa1Mg5Li5,11.0799;0.8586;0.7372
Te1Ba5K5,10.3974;0.8474;0.7181
Te1Ba5La5,8.9765;1.3139;1.7263
Te1Ba5Nd5,11.9046;1.3404;1.7966
Te1Mo5C5,12.1852;0.1761;0.031
Te1Ga5Nb5,13.1253;0.615;0.3782
Te1Al5Nb5,15.3225;0.3631;0.1318
Te1N5Nb5,9.8003;0.4609;0.2125
Te1N5Cl5,12.5346;0.4721;0.2229
Te1N5C5,10.5795;0.5588;0.3123
Te1N5Li5,10.3679;0.6088;0.3706
Te1B5Mg5,22.6218;0.9735;0.9477
Te1C5Mg5,10.8496;0.733;0.5372
Te1Mg5Li5,10.6994;0.8841;0.7816
Ir1Ba5Nd5,9.8876;1.2625;1.5939
Ir1Mo5C5,10.4838;0.3153;0.0994
Ir1Ga5Nb5,10.8679;0.6825;0.4658
Ir1Al5Nb5,13.1207;0.49;0.2401
Ir1N5Cl5,10.9095;0.5427;0.2945
Ir1B5Mg5,19.6065;1.1174;1.2486
Ir1C5Mg5,9.7647;0.7061;0.4985
Ir1Mg5Li5,9.4013;0.9346;0.8735
Yb1Ba5K5,10.7378;0.8448;0.7137
Yb1Ba5La5,9.1483;1.2729;1.6203
Yb1Ba5Nd5,12.3142;1.3129;1.7238
Yb1Mo5C5,12.5518;0.1334;0.0178
Yb1Sn5Nb5,9.5657;0.4457;0.1986
Yb1Ga5Nb5,13.1244;0.6276;0.3939
Yb1Al5Nb5,15.7913;0.4036;0.1629
Yb1N5Nb5,10.1527;0.47;0.2209
Yb1N5Cl5,12.9703;0.4467;0.1996
Yb1N5C5,11.0008;0.5295;0.2803
Yb1N5Li5,10.7101;0.5891;0.347
Yb1B5Mg5,23.171;1.0204;1.0412
Yb1C5Pd5,9.5733;0.6618;0.438
Yb1C5Mg5,11.3438;0.7424;0.5511
Yb1Mg5Li5,11.0729;0.8554;0.7318
T1Ba5K5,10.5725;0.8681;0.7537
T1Ba5La5,8.9686;1.2401;1.5379
T1Ba5Nd5,12.0974;1.3008;1.6922
T1Mo5C5,12.7167;0.1132;0.0128
T1Sn5Nb5,9.6023;0.4533;0.2055
T1Ga5Nb5,13.6367;0.6344;0.4024
T1Al5Nb5,15.9206;0.367;0.1347
T1N5Nb5,10.1539;0.4706;0.2215
T1N5Cl5,12.9708;0.4462;0.1991
T1N5C5,10.9591;0.5313;0.2823
T1N5Li5,10.7119;0.5894;0.3474
T1B5Mg5,23.5458;0.9988;0.9976
T1C5Pd5,9.4589;0.6745;0.455
T1C5Mg5,11.2828;0.7316;0.5352
T1Mg5Li5,11.0799;0.8586;0.7372
U1Ga5Nb5,10.7277;0.6397;0.4092
U1Al5Nb5,10.5231;0.6178;0.3817
U1N5Cl5,10.7181;0.485;0.2352
U1B5Mg5,18.236;0.9709;0.9426
Th1Ba5K5,10.7026;0.8609;0.7411
Th1Ba5La5,9.3174;1.2637;1.597
Th1Ba5Nd5,11.9703;1.3276;1.7626
Th1Mo5C5,12.3232;0.1555;0.0242
Th1Ga5Nb5,13.5425;0.6418;0.412
Th1Al5Nb5,15.6911;0.3726;0.1388
Th1N5Nb5,10.1215;0.4843;0.2345
Th1N5Cl5,12.9218;0.4468;0.1996
Th1N5C5,10.9697;0.5465;0.2987
Th1N5Li5,10.672;0.5851;0.3423
Th1B5Mg5,23.4682;0.9721;0.945
Th1C5Pd5,11.196;0.6349;0.4031
Th1C5Mg5,11.5251;0.7538;0.5682
Th1Mg5Li5,10.9914;0.8618;0.7426
Lu1Ba5K5,10.7094;0.83;0.6888
Lu1Ba5La5,8.9634;1.3395;1.7943
Lu1Ba5Nd5,11.9468;1.2878;1.6585
Lu1Mo5C5,12.2628;0.163;0.0266
Lu1Ga5Nb5,13.5216;0.6178;0.3816
Lu1Al5Nb5,15.4293;0.392;0.1537
Lu1N5Nb5,10.1408;0.4726;0.2234
Lu1N5Cl5,12.9168;0.4365;0.1905
Lu1N5C5,11.0342;0.5098;0.2599
Lu1N5Li5,10.6365;0.5971;0.3565
Lu1B5Mg5,23.3395;0.8816;0.7773
Lu1C5Mg5,11.6471;0.7863;0.6183
Lu1Mg5Li5,10.8901;0.8175;0.6684
Ag1Ba5K5,10.6265;0.818;0.6692
Ag1Ba5La5,9.1695;1.2474;1.5559
Ag1Ba5Nd5,12.2554;1.3426;1.8026
Ag1Ca5H5,9.7305;0.5182;0.2685
Ag1Mo5C5,12.7071;0.1145;0.0131
Ag1Tm5H5,10.0657;0.5015;0.2515
Ag1Sn5Nb5,9.5582;0.4653;0.2165
Ag1Ga5Nb5,13.6366;0.6346;0.4027
Ag1Al5Nb5,14.0133;0.4764;0.2269
Ag1Sr5H5,9.6968;0.525;0.2756
Ag1W5H5,9.9032;0.4504;0.2029
Ag1N5Nb5,10.1545;0.4706;0.2215
Ag1N5Cl5,12.9726;0.4455;0.1985
Ag1N5C5,10.9629;0.5325;0.2835
Ag1N5Li5,10.7193;0.5938;0.3527
Ag1Tl5H5,10.2308;0.4896;0.2397
Ag1Sm5H5,10.0435;0.4981;0.2481
Ag1B5Mg5,23.5569;0.9975;0.995
Ag1C5Pd5,9.6478;0.6842;0.4681
Ag1C5Mg5,11.2844;0.7307;0.5339
Ag1Gd5H5,9.7208;0.5151;0.2653
Ag1Pd5H5,13.4732;0.3324;0.1105
Ag1Ho5H5,9.534;0.5087;0.2587
Ag1Se5H5,10.0803;0.4674;0.2184
Ag1Hg5H5,10.147;0.4964;0.2464
Ag1Eu5H5,10.0702;0.5128;0.2629
Ag1Mg5Li5,11.0798;0.8569;0.7343
Ag1Np5H5,10.0907;0.4957;0.2458
Ag1Si5H5,10.1868;0.5047;0.2547
Ag1H5Pa5,10.1136;0.4951;0.2451
Ag1H5Yb5,9.9912;0.4941;0.2442
Ag1H5T5,10.1068;0.496;0.246
Ag1H5I5,9.9153;0.4997;0.2497
Ag1H5Sc5,9.6913;0.5567;0.3099
Ag1H5D5,10.3553;0.4638;0.2151
Ag1H5Tc5,10.2719;0.4573;0.2091
Ag1H5Am5,10.1106;0.4962;0.2462
Ag1H5Cm5,10.1106;0.4962;0.2462
Ag1H5Po5,10.1106;0.4962;0.2462
Cd1Ba5K5,10.7303;0.8407;0.7067
Cd1Ba5La5,9.0545;1.3071;1.7084
Cd1Ba5Nd5,12.1036;1.2769;1.6304
Cd1Mo5C5,12.3778;0.1712;0.0293
Cd1Ga5Nb5,13.5365;0.612;0.3745
Cd1Al5Nb5,15.8293;0.3375;0.1139
Cd1N5Nb5,10.1293;0.4747;0.2254
Cd1N5Cl5,12.9599;0.4495;0.2021
Cd1N5C5,10.9481;0.5324;0.2834
Cd1N5Li5,10.6844;0.5917;0.3501
Cd1B5Mg5,23.4442;0.9994;0.9988
Cd1C5Pd5,9.4329;0.6747;0.4552
Cd1C5Mg5,11.2562;0.7373;0.5435
Cd1Mg5Li5,10.9738;0.8477;0.7186
Br1Ba5K5,10.8534;0.8362;0.6993
Br1Ba5La5,9.2276;1.1759;1.3828
Br1Ba5Nd5,12.0856;1.2724;1.619
Br1Mo5C5,12.4844;0.1538;0.0236
Br1Ga5Nb5,13.4856;0.6238;0.3891
Br1Al5Nb5,15.7713;0.3874;0.1501
Br1N5Nb5,10.1064;0.4732;0.2239
Br1N5Cl5,12.9404;0.4683;0.2193
Br1N5C5,11.0163;0.5526;0.3053
Br1N5Li5,12.1601;0.6385;0.4077
Br1B5Mg5,23.1279;0.9357;0.8756
Br1C5Pd5,9.6048;0.6318;0.3992
Br1C5Mg5,11.298;0.7223;0.5218
Br1Mg5Li5,11.5111;0.8047;0.6475
I1Ba5K5,10.6001;0.8453;0.7146
I1Ba5La5,8.9598;1.2984;1.6858
I1Ba5Nd5,12.0407;1.3304;1.7699
I1Mo5C5,12.6651;0.1159;0.0134
I1Sn5Nb5,9.5888;0.4577;0.2095
I1Ga5Nb5,13.6138;0.6458;0.4171
I1Al5Nb5,15.886;0.3728;0.139
I1N5Nb5,10.1554;0.4699;0.2208
I1N5Cl5,12.9608;0.441;0.1945
I1N5C5,10.9851;0.5247;0.2753
I1N5Li5,10.7597;0.5983;0.358
I1B5Mg5,23.5198;1.003;1.006
I1C5Pd5,9.5495;0.6634;0.4401
I1C5Mg5,11.3101;0.7237;0.5237
I1Mg5Li5,11.081;0.8527;0.7272
Dy1Ba5K5,10.6872;0.8385;0.7031
Dy1Ba5La5,8.8806;1.3023;1.696
Dy1Ba5Nd5,11.9952;1.2749;1.6255
Dy1Mo5C5,11.8628;0.2178;0.0474
Dy1Ga5Nb5,13.569;0.6435;0.4141
Dy1Al5Nb5,15.8505;0.389;0.1513
Dy1N5Nb5,10.1319;0.4706;0.2215
Dy1N5Cl5,12.9436;0.4508;0.2032
Dy1N5C5,10.4752;0.5371;0.2885
Dy1N5Li5,10.6721;0.5865;0.344
Dy1B5Mg5,23.1306;1.0506;1.1038
Dy1C5Mg5,10.6797;0.7197;0.518
Dy1Mg5Li5,10.9662;0.8471;0.7177
Sc1Ba5K5,10.7724;0.8456;0.715
Sc1Ba5La5,9.6181;1.2257;1.5023
Sc1Ba5Nd5,12.3321;1.2656;1.6017
Sc1Mo5C5,12.6491;0.1295;0.0168
Sc1Sn5Nb5,9.5729;0.4521;0.2044
Sc1Ga5Nb5,13.6227;0.6308;0.398
Sc1Al5Nb5,15.8868;0.3812;0.1453
Sc1N5Nb5,10.1548;0.4701;0.221
Sc1N5Cl5,12.9667;0.4459;0.1988
Sc1N5C5,10.9165;0.5293;0.2802
Sc1N5Li5,10.6936;0.5847;0.3418
Sc1B5Mg5,23.6609;0.9926;0.9852
Sc1C5Pd5,9.3612;0.6715;0.4509
Sc1C5Mg5,11.6915;0.7701;0.5931
Sc1Mg5Li5,11.4457;0.8579;0.736
Cr1Ba5K5,10.4465;0.8032;0.6451
Cr1Ba5Nd5,11.3068;1.2168;1.4805
Cr1Mo5C5,10.5272;0.4152;0.1724
Cr1Ga5Nb5,11.505;0.6439;0.4147
Cr1Al5Nb5,11.3054;0.6958;0.4842
Cr1N5Cl5,11.7417;0.4546;0.2066
Cr1N5C5,9.7344;0.5299;0.2808
Cr1N5Li5,9.5872;0.6254;0.3911
Cr1B5Mg5,14.2284;1.0297;1.0602
Cr1C5Mg5,10.0804;0.693;0.4803
Cr1Mg5Li5,10.0814;0.8636;0.7457
D1Ba5K5,10.7947;0.8443;0.7129
D1Ba5La5,9.3689;1.2884;1.6599
D1Ba5Nd5,12.5005;1.2834;1.6471
D1Mo5C5,12.7167;0.1132;0.0128
D1Sn5Nb5,9.6029;0.4527;0.2049
D1Ga5Nb5,13.6409;0.6308;0.398
D1Al5Nb5,15.9219;0.3651;0.1333
D1N5Nb5,10.1538;0.4698;0.2207
D1N5Cl5,12.9708;0.4462;0.1991
D1N5C5,10.9641;0.532;0.283
D1N5Li5,10.715;0.5882;0.3459
D1B5Mg5,23.5788;0.9882;0.9765
D1C5Pd5,9.4918;0.6696;0.4484
D1C5Mg5,11.2947;0.7294;0.532
D1Mg5Li5,11.0789;0.8704;0.7576
Cs1Ba5K5,10.542;0.838;0.7022
Cs1Ba5La5,8.7846;1.2489;1.5598
Cs1Ba5Nd5,11.6057;1.2744;1.6241
Cs1Ga5Nb5,13.3572;0.645;0.4161
Cs1Al5Nb5,15.6901;0.3786;0.1434
Cs1N5Nb5,11.191;0.5881;0.3458
Cs1N5Cl5,13.7423;0.515;0.2653
Cs1N5C5,13.5184;0.8475;0.7183
Cs1N5Li5,11.7181;0.6931;0.4805
Cs1B5Mg5,22.944;1.0588;1.121
Cs1Mg5Li5,10.6786;0.8446;0.7133
Tc1Ba5K5,10.7524;0.8444;0.713
Tc1Ba5La5,9.2505;1.275;1.6256
Tc1Ba5Nd5,12.4076;1.3086;1.7124
Tc1Mo5C5,12.7167;0.1132;0.0128
Tc1Sn5Nb5,9.5928;0.4506;0.203
Tc1Ga5Nb5,13.6247;0.6323;0.3998
Tc1Al5Nb5,15.9017;0.3699;0.1369
Tc1N5Nb5,10.1384;0.4752;0.2259
Tc1N5Cl5,12.9779;0.444;0.1971
Tc1N5C5,10.9604;0.5329;0.2839
Tc1N5Li5,10.7141;0.5899;0.3479
Tc1B5Mg5,23.5544;0.996;0.9921
Tc1C5Pd5,9.4627;0.6738;0.454
Tc1C5Mg5,11.2838;0.7326;0.5367
Tc1Mg5Li5,11.0824;0.8586;0.7372
Pu1Ba5K5,10.7442;0.8618;0.7427
Pu1Ba5La5,9.1159;1.2995;1.6886
Pu1Ba5Nd5,12.0;1.35;1.8226
Pu1Mo5C5,12.6508;0.1392;0.0194
Pu1Sn5Nb5,9.6023;0.451;0.2034
Pu1Ga5Nb5,14.0347;0.5467;0.2989
Pu1Al5Nb5,15.8522;0.3636;0.1322
Pu1N5Nb5,10.1322;0.463;0.2144
Pu1N5Cl5,12.9107;0.4705;0.2214
Pu1N5C5,10.9503;0.5294;0.2803
Pu1N5Li5,10.6633;0.5822;0.3389
Pu1B5Mg5,23.3836;0.9635;0.9283
Pu1C5Pd5,9.4462;0.6741;0.4545
Pu1C5Mg5,11.2872;0.7247;0.5252
Pu1Mg5Li5,10.9763;0.8789;0.7725
Am1Ba5K5,10.7436;0.8442;0.7127
Am1Ba5La5,9.2455;1.2735;1.6217
Am1Ba5Nd5,12.389;1.3035;1.6992
Am1Mo5C5,12.7167;0.1132;0.0128
Am1Sn5Nb5,9.6021;0.4532;0.2054
Am1Ga5Nb5,13.6367;0.6344;0.4024
Am1Al5Nb5,15.8793;0.3735;0.1395
Am1N5Nb5,10.1539;0.4706;0.2215
Am1N5Cl5,12.9708;0.4462;0.1991
Am1N5C5,10.9591;0.5313;0.2823
Am1N5Li5,10.7119;0.5894;0.3474
Am1B5Mg5,23.5469;0.9993;0.9986
Am1C5Pd5,9.4523;0.6744;0.4548
Am1C5Mg5,11.2828;0.7316;0.5352
Am1Mg5Li5,11.0799;0.8586;0.7372
Cm1Ba5K5,10.7436;0.8442;0.7127
Cm1Ba5La5,9.2455;1.2735;1.6217
Cm1Ba5Nd5,12.389;1.3035;1.6992
Cm1Mo5C5,12.7167;0.1132;0.0128
Cm1Sn5Nb5,9.6021;0.4532;0.2054
Cm1Ga5Nb5,13.6367;0.6344;0.4024
Cm1Al5Nb5,15.9206;0.367;0.1347
Cm1N5Nb5,10.1539;0.4706;0.2215
Cm1N5Cl5,12.9708;0.4462;0.1991
Cm1N5C5,10.9591;0.5313;0.2823
Cm1N5Li5,10.7119;0.5894;0.3474
Cm1B5Mg5,23.5469;0.9993;0.9986
Cm1C5Pd5,9.4589;0.6745;0.455
Cm1C5Mg5,11.2828;0.7316;0.5352
Cm1Mg5Li5,11.0799;0.8586;0.7372
Po1Ba5K5,10.7436;0.8442;0.7127
Po1Ba5La5,9.2455;1.2735;1.6217
Po1Ba5Nd5,12.389;1.3035;1.6992
Po1Mo5C5,12.7167;0.1132;0.0128
Po1Sn5Nb5,9.6021;0.4532;0.2054
Po1Ga5Nb5,13.6367;0.6344;0.4024
Po1Al5Nb5,15.9206;0.367;0.1347
Po1N5Nb5,10.1539;0.4706;0.2215
Po1N5Cl5,12.9708;0.4462;0.1991
Po1N5C5,10.9591;0.5313;0.2823
Po1N5Li5,10.7119;0.5894;0.3474
Po1B5Mg5,23.5469;0.9993;0.9986
Po1C5Pd5,9.4589;0.6745;0.455
Po1C5Mg5,11.2828;0.7316;0.5352
Po1Mg5Li5,11.0799;0.8586;0.7372

1856 of 317985 appear to be promising

hp_tune_min_nc_normal:

{'ccp_alpha': 0.0, 'criterion': 'squared_error', 'max_depth': None, 'max_leaf_nodes': None, 'max_samples': None, 'min_impurity_decrease': 0.0, 'min_samples_leaf': 1, 'min_samples_split': 2, 'min_weight_fraction_leaf': 0.0, 'n_estimators': 200, 'n_jobs': None, 'oob_score': False, 'random_state': None, 'verbose': 0, 'warm_start': False, 'max_features': 'sqrt', 'bootstrap': False}

Ba1K5O5,9.3866;0.615;0.3782
Ba1O5Rb5,9.4857;0.7089;0.5026
Ba1O5I5,9.7862;0.852;0.726
Ba1O5Cs5,9.1457;0.9023;0.8141
Ba1N5Tc5,9.5737;0.4802;0.2306
K1Ba5O5,12.2397;0.8776;0.7702
K1Ba5Bi5,11.7231;0.6172;0.3809
K1Ba5Pb5,12.2876;0.7951;0.6322
K1Ba5Po5,11.853;0.7002;0.4903
K1O5I5,11.199;0.6844;0.4684
K1O5Cs5,10.475;0.9007;0.8113
K1N5Mg5,9.664;0.6557;0.4299
K1N5Tc5,9.8592;0.4006;0.1605
K1Be5B5,11.5263;0.9569;0.9156
K1B5Mg5,9.1705;0.8504;0.7232
K1Mg5Li5,9.5111;0.6975;0.4864
K1Mg5H5,11.7532;0.8807;0.7757
Fe1O5Li5,9.3803;0.6632;0.4399
Fe1Al5Nb5,9.9117;0.6141;0.3771
Fe1N5Nb5,10.1892;0.3424;0.1172
Fe1B5Mg5,13.1004;0.8335;0.6948
Fe1B5Li5,10.8961;0.8446;0.7133
Fe1Mg5H5,11.8378;0.8954;0.8018
Fe1Li5Na5,9.6171;0.4194;0.1759
As1N5Nb5,12.867;0.4209;0.1772
As1N5Cl5,9.9288;0.4215;0.1777
As1N5Zr5,10.2178;0.3337;0.1113
As1Be5B5,9.4504;0.9182;0.8431
As1B5Mg5,12.5235;0.9465;0.8959
As1B5Li5,12.3015;0.8415;0.7082
As1Mg5H5,10.8058;0.8923;0.7963
Ca1O5Li5,9.9993;0.7183;0.5159
Ca1F5Li5,9.7926;0.6687;0.4471
Ca1N5Mg5,10.2685;0.7405;0.5483
Ca1N5Tc5,9.9884;0.5208;0.2712
Ca1B5Mg5,9.9813;0.8097;0.6555
Ca1B5Li5,10.6971;0.8629;0.7447
Ca1Mg5H5,12.552;0.8935;0.7983
Ca1Li5Na5,10.2031;0.3889;0.1513
Cu1O5Li5,9.8886;0.7834;0.6137
Cu1F5Li5,9.2295;0.8361;0.6991
Cu1N5Nb5,10.9645;0.3648;0.133
Cu1N5C5,10.1315;0.797;0.6352
Cu1N5Zr5,9.6637;0.3795;0.144
Cu1Be5B5,9.68;0.9394;0.8824
Cu1B5Mg5,10.9579;0.7801;0.6086
Cu1B5Li5,12.04;0.7722;0.5963
Cu1Mg5H5,12.215;0.9551;0.9123
O1Tm5N5,9.6192;0.5256;0.2762
O1F5Mg5,9.9139;0.8623;0.7436
O1N5Nb5,11.535;0.3962;0.157
O1N5Hf5,10.2241;0.4197;0.1761
O1N5Zr5,10.4659;0.3369;0.1135
O1N5Mg5,12.5769;0.8216;0.6751
O1Be5Mg5,11.6318;0.8871;0.7869
O1B5Mg5,23.0671;0.9807;0.9617
O1B5Li5,11.788;0.8102;0.6565
O1B5Na5,12.5757;1.1226;1.2603
O1C5Mg5,13.0719;0.7558;0.5712
O1Mg5Li5,9.677;0.869;0.7551
O1Mg5H5,12.9224;1.0201;1.0407
O1Li5P5,9.2475;0.8148;0.6639
Mo1Al5Nb5,11.2098;0.4918;0.2419
Mo1B5Mg5,10.5733;0.7882;0.6212
Mo1B5Li5,10.9058;0.8969;0.8044
Mo1Mg5H5,9.631;0.8134;0.6616
Ru1Mo5C5,10.9625;0.2129;0.0453
Ru1Mo5Tc5,11.3617;0.2963;0.0878
Ru1N5Nb5,11.1316;0.3452;0.1192
Ru1B5Mg5,11.0831;0.8471;0.7177
Ru1B5Li5,11.5924;0.8516;0.7253
Ru1Mg5H5,9.3316;0.8513;0.7246
Tm1N5Nb5,9.8653;0.3257;0.1061
Os1Mo5C5,10.1408;0.198;0.0392
Os1N5Nb5,10.3552;0.3497;0.1223
Os1B5Mg5,10.276;0.8098;0.6558
Sn1N5Nb5,11.3141;0.3032;0.0919
Sn1N5Zr5,9.8094;0.4005;0.1604
Sn1B5Mg5,9.7002;0.7607;0.5786
Sn1B5Li5,11.1398;0.7978;0.6365
Bi1Ba5Pb5,10.0155;0.4549;0.2069
Bi1N5Nb5,10.2811;0.3957;0.1566
Pb1N5Nb5,9.8083;0.4292;0.1842
Pb1N5Ti5,9.8378;0.4709;0.2217
S1O5Li5,9.3925;0.6943;0.4821
S1N5Nb5,11.4916;0.4184;0.175
S1N5Zr5,9.7023;0.3677;0.1352
S1N5Mg5,9.9451;0.6724;0.4521
S1Be5B5,9.9334;0.9343;0.8728
S1B5Mg5,17.1792;1.0396;1.0808
S1B5Li5,12.0048;0.8852;0.7836
S1B5Na5,10.0206;0.8246;0.68
S1Mg5H5,12.7942;0.9272;0.8597
F1K5O5,9.6444;0.7637;0.5832
F1Tm5N5,9.4601;0.5509;0.3035
F1N5Nb5,9.6854;0.3873;0.15
F1N5Mg5,10.8742;0.7166;0.5135
F1Be5Mg5,12.503;0.8928;0.7971
F1B5Mg5,21.6726;0.9138;0.8351
F1B5Li5,11.7407;0.8562;0.733
F1B5Na5,12.403;0.9167;0.8403
F1C5Mg5,12.6452;0.7617;0.5801
F1Mg5Li5,9.7808;0.8625;0.744
F1Mg5H5,12.575;1.0265;1.0536
V1O5Li5,10.1239;0.6844;0.4683
V1Mo5C5,10.2349;0.2667;0.0711
V1Al5Nb5,11.7794;0.6084;0.3702
V1N5Mg5,9.4634;0.6164;0.3799
V1B5Mg5,13.4512;0.7839;0.6145
V1B5Li5,10.6979;0.7871;0.6195
V1Mg5H5,12.0711;0.9443;0.8917
V1Li5Na5,10.0388;0.3891;0.1514
Ga1N5Nb5,12.0476;0.4612;0.2127
Ga1Be5B5,10.0699;0.9805;0.9614
Ga1B5Mg5,11.6694;0.9047;0.8184
Ga1B5Li5,11.6865;0.8892;0.7907
Ga1Mg5H5,12.5934;0.8228;0.677
Al1O5Li5,9.8082;0.7277;0.5296
Al1F5Li5,9.3611;0.6651;0.4423
Al1N5Nb5,9.8003;0.4788;0.2293
Al1N5Mg5,10.0312;0.6276;0.3939
Al1B5Mg5,17.0523;1.0101;1.0204
Al1B5Li5,11.6904;0.7932;0.6291
Al1B5Na5,10.0844;0.8951;0.8012
Al1C5Mg5,9.8121;0.6069;0.3684
Al1Mg5H5,12.7549;0.8757;0.7668
Sr1Ba5Pb5,9.9377;0.4978;0.2478
Sr1O5Li5,9.4145;0.6214;0.3862
Sr1O5I5,9.6405;0.5881;0.3458
Sr1N5Tc5,9.6061;0.422;0.1781
Sr1Be5B5,11.8037;0.9093;0.8268
Sr1B5Li5,10.3334;0.8313;0.6911
Sr1Mg5H5,9.6445;0.7713;0.5949
Co1N5Nb5,11.0444;0.3703;0.1372
Co1Be5B5,9.2825;0.9648;0.9309
Co1B5Mg5,13.6184;0.8447;0.7136
Co1B5Li5,11.0242;0.747;0.558
Co1Mg5H5,11.9189;0.9284;0.8619
Re1Mo5C5,10.2791;0.1805;0.0326
Re1N5Nb5,10.5757;0.3435;0.118
Re1B5Mg5,10.8798;0.805;0.6481
W1Mo5C5,10.791;0.1946;0.0379
W1Al5Nb5,10.2704;0.4663;0.2174
N1O5Mg5,9.5477;0.8689;0.7549
N1F5Mg5,9.478;0.81;0.656
N1Be5Mg5,10.517;0.8452;0.7144
N1Nb5C5,9.5602;0.5764;0.3323
N1B5Mg5,23.1122;0.8773;0.7697
N1B5Li5,10.5111;0.8701;0.7571
N1B5Na5,10.7016;0.9596;0.9209
N1C5Mg5,11.6676;0.6488;0.421
N1C5H5,9.4826;0.5924;0.351
N1Mg5Li5,10.3441;0.7876;0.6204
N1Mg5H5,11.7863;0.8902;0.7925
Be1O5Mg5,10.2228;0.7028;0.494
Be1F5Mg5,10.682;0.8128;0.6607
Be1Al5B5,10.5455;0.8292;0.6876
Be1N5Nb5,10.6053;0.5308;0.2818
Be1N5Mg5,12.3878;0.8678;0.753
Be1B5Mg5,27.8322;0.9222;0.8504
Be1B5Li5,10.279;0.8076;0.6522
Be1B5Na5,10.5623;0.9407;0.885
Be1C5Mg5,13.9352;0.7219;0.5211
Be1Mg5Li5,9.9902;0.7657;0.5863
Be1Mg5H5,12.112;0.8963;0.8033
Be1Li5Na5,10.2017;0.2809;0.0789
Nb1O5Li5,9.7233;0.618;0.3819
Nb1Mo5C5,11.6916;0.1568;0.0246
Nb1N5C5,9.3448;0.7082;0.5015
Nb1N5Mg5,9.5499;0.5378;0.2892
Nb1B5Mg5,10.3157;0.7823;0.612
Nb1B5Li5,10.6846;0.8581;0.7363
Nb1Mg5H5,9.7135;0.7956;0.6329
Tl1N5Nb5,10.1937;0.4012;0.161
Y1O5Li5,9.6374;0.5873;0.3449
Y1N5Nb5,9.7695;0.3246;0.1053
Y1Be5B5,9.5811;0.9208;0.8478
Y1B5Pd5,10.4469;0.5864;0.3438
Y1B5Mg5,10.226;0.8613;0.7418
Y1B5Li5,10.8136;0.8969;0.8044
Y1Mg5H5,9.692;0.812;0.6593
Hf1N5Nb5,10.041;0.2992;0.0895
Cl1N5Nb5,11.7994;0.413;0.1706
Cl1N5Hf5,9.9563;0.4905;0.2406
Cl1N5Zr5,10.602;0.3961;0.1569
Cl1N5Mg5,10.8318;0.6737;0.4539
Cl1B5Mg5,14.843;0.8339;0.6954
Cl1B5Li5,12.1225;0.8809;0.7759
Cl1Mg5H5,12.5372;0.9826;0.9655
Ni1N5Nb5,10.6134;0.3489;0.1217
Ni1B5Mg5,12.9106;0.8941;0.7994
Ni1B5Li5,11.0482;0.7744;0.5997
Ni1Mg5H5,11.8436;0.8603;0.7402
B1O5Mg5,9.7156;0.7765;0.603
B1Mo5C5,10.0503;0.2758;0.0761
B1F5Mg5,10.2681;0.7548;0.5696
B1N5Nb5,9.9647;0.5026;0.2527
B1N5Zr5,9.7156;0.3217;0.1035
B1N5Mg5,12.2472;0.8014;0.6423
B1N5H5,9.5887;0.6214;0.3861
B1Be5Mg5,10.1701;0.8075;0.652
B1C5Mg5,14.0521;0.6878;0.4731
B1Mg5Li5,9.8971;0.7904;0.6248
B1Mg5H5,12.2783;0.9787;0.9578
B1Li5Na5,9.7642;0.3353;0.1124
C1O5Mg5,9.8731;0.8516;0.7252
C1F5Mg5,10.0359;0.752;0.5655
C1N5Zr5,9.7421;0.418;0.1748
C1N5Mg5,11.9114;0.7241;0.5243
C1N5H5,9.5175;0.5631;0.317
C1Be5Mg5,10.6136;0.8023;0.6437
C1Be5Si5,9.5093;0.6222;0.3871
C1B5Mg5,26.1007;0.817;0.6676
C1B5Li5,11.6626;0.7302;0.5331
C1B5Na5,11.044;0.9605;0.9226
C1Mg5Li5,10.1779;0.7129;0.5082
C1Mg5H5,12.3586;0.8906;0.7931
In1N5Nb5,11.1854;0.3027;0.0916
In1Be5B5,9.1246;0.9402;0.884
In1B5Mg5,9.7555;0.7905;0.6248
In1B5Li5,11.2787;0.8026;0.6442
Pd1Mo5C5,9.7642;0.3126;0.0977
Pd1Mo5Tc5,10.586;0.2682;0.0719
Pd1Al5Nb5,10.0803;0.5351;0.2863
Pd1N5Nb5,10.5803;0.3553;0.1262
Pd1N5Zr5,9.7019;0.3774;0.1424
Pd1B5Mg5,10.4932;0.7913;0.6261
Pd1B5Li5,11.3744;0.8262;0.6826
Pd1Mg5H5,9.3843;0.7516;0.5649
Zr1Ba5Pb5,9.8033;0.5585;0.312
Zr1O5Li5,9.5302;0.5783;0.3345
Zr1Al5Nb5,9.5339;0.5187;0.2691
Zr1N5Nb5,10.9532;0.2983;0.089
Zr1N5Cl5,10.215;0.3924;0.1539
Zr1B5Mg5,10.0713;0.841;0.7074
Zr1B5Li5,11.294;0.8582;0.7365
Zr1Mg5H5,9.4984;0.805;0.648
Mn1O5Li5,9.5863;0.7427;0.5516
Mn1N5Nb5,11.3975;0.3495;0.1222
Mn1B5Mg5,12.6407;0.8977;0.8059
Mn1B5Li5,10.6744;0.7724;0.5966
Mn1Mg5H5,12.1778;0.9417;0.8868
Mn1Li5Na5,9.7651;0.4009;0.1607
Ho1N5Nb5,9.7205;0.3196;0.1022
Se1N5Nb5,12.2836;0.381;0.1452
Se1N5Zr5,10.3677;0.3409;0.1162
Se1Be5B5,9.3759;0.9407;0.8849
Se1B5Mg5,12.3262;0.8958;0.8025
Se1B5Li5,13.5928;0.9125;0.8327
Se1Mg5H5,11.5373;0.85;0.7226
Ti1O5Li5,10.2904;0.6718;0.4513
Ti1Al5Nb5,10.1014;0.5329;0.284
Ti1N5Nb5,14.4092;0.2967;0.088
Ti1N5Mg5,9.8236;0.7107;0.5051
Ti1Be5B5,9.4635;0.8901;0.7924
Ti1B5Mg5,13.7645;0.9509;0.9042
Ti1B5Li5,10.8904;0.8658;0.7495
Ti1Mg5H5,12.3982;0.9195;0.8454
Ti1Li5Na5,10.1222;0.3948;0.1558
Hg1N5Nb5,10.9414;0.4063;0.1651
Rb1Ba5Pb5,10.4969;0.7013;0.4918
Rb1O5Li5,9.7823;0.7209;0.5197
Rb1O5I5,11.0828;0.6409;0.4108
Rb1Ru5N5,9.5682;0.5665;0.3209
Rb1N5Pd5,9.8283;0.4605;0.212
Rb1N5Tc5,10.6918;0.4637;0.215
Rb1Be5B5,13.7938;0.9734;0.9476
Rb1B5Li5,10.4146;0.8251;0.6808
Rb1Mg5H5,10.0643;0.8058;0.6494
Mg1O5Li5,10.2098;0.6685;0.4468
Mg1F5Li5,10.1845;0.7016;0.4923
Mg1N5Nb5,11.7309;0.4965;0.2465
Mg1N5Cl5,10.4021;0.4002;0.1602
Mg1Be5B5,9.6166;0.7417;0.5502
Mg1B5Li5,11.1413;0.8938;0.7989
Mg1B5Na5,9.9578;0.8218;0.6753
Mg1Li5Na5,10.3149;0.391;0.1529
Sb1Ba5Pb5,9.4064;0.6681;0.4463
Sb1N5Nb5,11.7465;0.3193;0.1019
Sb1N5Zr5,10.0492;0.3869;0.1497
Sb1B5Li5,9.826;0.7303;0.5333
Er1N5Nb5,9.8484;0.3595;0.1292
Rh1Mo5Tc5,10.9543;0.2717;0.0738
Rh1Al5Nb5,10.9861;0.5092;0.2593
Rh1N5Nb5,10.2627;0.2967;0.088
Rh1B5Mg5,10.2188;0.7168;0.5137
Rh1B5Li5,11.7515;0.8431;0.7109
Au1Al5Nb5,9.4618;0.5391;0.2906
Au1N5Nb5,9.9288;0.4206;0.1769
Zn1O5Li5,9.3592;0.6498;0.4222
Zn1N5Nb5,11.6746;0.3835;0.1471
Zn1N5Zr5,9.9025;0.3529;0.1245
Zn1Be5B5,9.1473;0.9825;0.9652
Zn1B5Mg5,13.0038;0.8941;0.7994
Zn1B5Li5,11.9312;0.7975;0.6361
Zn1Mg5H5,12.2187;0.9272;0.8597
Li1O5Mg5,12.8193;0.8303;0.6893
Li1F5Mg5,11.4272;0.771;0.5944
Li1Al5B5,11.0341;0.9528;0.9078
Li1N5Mg5,13.3439;0.9327;0.8699
Li1B5Mg5,20.1335;1.0497;1.1019
Li1B5Na5,10.5613;0.877;0.7691
Li1C5Mg5,13.2921;0.8409;0.7072
Li1Mg5H5,12.3607;0.8874;0.7875
Si1O5Li5,9.507;0.6223;0.3872
Si1N5Nb5,10.5447;0.4484;0.2011
Si1N5Zr5,10.2844;0.3728;0.139
Si1N5Mg5,9.9355;0.6588;0.4341
Si1B5Mg5,20.4901;1.0569;1.1171
Si1B5Li5,12.1567;0.7555;0.5708
Si1B5Na5,9.9039;0.802;0.6431
Si1Mg5H5,12.0576;0.9008;0.8115
Si1Li5Na5,9.8942;0.3878;0.1504
P1N5Nb5,10.8539;0.4287;0.1838
P1N5Zr5,9.8738;0.3322;0.1103
P1N5Mg5,10.3199;0.7512;0.5644
P1Be5B5,9.1788;0.9053;0.8195
P1B5Mg5,17.5819;1.0229;1.0464
P1B5Li5,12.45;0.8956;0.8021
P1B5Na5,10.4982;0.866;0.7499
P1C5Mg5,9.3447;0.6892;0.475
P1Mg5H5,13.2773;1.02;1.0403
Ta1Mo5C5,10.0174;0.2019;0.0408
Ta1Al5Nb5,10.7959;0.4995;0.2495
Ta1Nb5Zr5,10.1153;0.0614;0.0038
Na1O5Mg5,9.3153;0.874;0.7639
Na1O5Li5,9.6732;0.6707;0.4498
Na1F5Mg5,9.3013;0.7796;0.6078
Na1F5Li5,9.6577;0.6953;0.4834
Na1N5Mg5,10.835;0.7515;0.5647
Na1B5Mg5,15.6028;0.9134;0.8343
Na1B5Li5,10.3064;0.8147;0.6637
Na1C5Mg5,10.3393;0.6522;0.4253
Na1Mg5Li5,9.7985;0.6963;0.4848
Na1Mg5H5,12.9941;0.959;0.9196
H1O5Mg5,11.9955;0.9552;0.9124
H1O5Na5,9.5366;0.7332;0.5376
H1S5Li5,9.4211;0.913;0.8335
H1F5Mg5,10.2566;0.8394;0.7045
H1N5Mg5,11.9386;0.8822;0.7782
H1Be5Mg5,12.1773;0.9131;0.8337
H1B5Mg5,23.456;0.8582;0.7365
H1B5Li5,9.3504;0.7919;0.6272
H1B5Na5,10.6186;0.9674;0.9358
H1C5Mg5,12.6242;0.655;0.429
H1Mg5Li5,11.4805;0.9069;0.8225
H1Li5P5,9.2457;0.8348;0.6969
H1Li5Na5,9.9152;0.4269;0.1823
Pt1Al5Nb5,9.8006;0.4553;0.2073
Pt1N5Nb5,10.4156;0.3637;0.1323
Pt1B5Mg5,9.4239;0.7991;0.6386
Ge1N5Nb5,11.5433;0.3425;0.1173
Ge1N5Cl5,9.9513;0.4032;0.1626
Ge1N5Zr5,10.2649;0.3402;0.1158
Ge1B5Mg5,11.693;0.925;0.8556
Ge1B5Li5,12.2334;0.8631;0.745
Ge1Mg5H5,10.8167;0.8503;0.723
Te1N5Nb5,11.6536;0.3279;0.1076
Te1N5Zr5,10.1089;0.3909;0.1528
Te1B5Mg5,9.3714;0.7027;0.4938
Te1B5Li5,10.3823;0.7297;0.5324
Ir1Mo5C5,10.1076;0.2078;0.0432
Ir1Al5Nb5,9.8799;0.4883;0.2384
Th1B5Pd5,10.076;0.5938;0.3526
Lu1N5Nb5,9.7596;0.3803;0.1446
Ag1Al5Nb5,9.9053;0.5897;0.3477
Ag1N5Nb5,10.0994;0.4292;0.1842
Ag1B5Li5,11.1246;0.8512;0.7245
Cd1N5Nb5,11.0638;0.3117;0.0972
Cd1N5Zr5,9.6621;0.3655;0.1336
Cd1B5Mg5,9.9179;0.7333;0.5377
Cd1B5Li5,11.3507;0.8903;0.7926
Cd1Mg5H5,9.3489;0.7191;0.5171
Br1N5Nb5,12.3782;0.4136;0.1711
Br1N5Zr5,11.0181;0.3668;0.1345
Br1N5Mg5,9.7525;0.5364;0.2878
Br1Be5B5,9.302;0.8707;0.7581
Br1B5Mg5,12.1722;0.9361;0.8763
Br1B5Li5,12.7321;0.9361;0.8762
Br1Mg5H5,11.002;0.8573;0.7349
I1N5Nb5,11.4972;0.3623;0.1313
I1N5Zr5,10.4854;0.4123;0.17
I1N5Mg5,9.6534;0.614;0.377
I1B5Li5,10.8912;0.7631;0.5823
I1Mg5H5,9.3464;0.7082;0.5015
Sc1O5Li5,9.8484;0.6059;0.3671
Sc1N5Nb5,11.0717;0.3685;0.1358
Sc1N5Mg5,9.5435;0.6581;0.4331
Sc1B5Mg5,11.4401;0.81;0.6561
Sc1B5Li5,9.9883;0.7899;0.624
Sc1Mg5H5,11.7602;0.8759;0.7672
Sc1Li5Na5,10.1666;0.4423;0.1957
Cr1O5Li5,9.8109;0.6173;0.381
Cr1Mo5C5,9.9595;0.2643;0.0698
Cr1Al5Nb5,11.5225;0.549;0.3014
Cr1B5Mg5,13.3045;0.7681;0.59
Cr1B5Li5,10.6908;0.8009;0.6414
Cr1Mg5H5,12.0489;0.9398;0.8832
Cr1Li5Na5,9.9629;0.3876;0.1503
Cs1Ba5Pb5,9.6439;0.5903;0.3485
Cs1N5Pd5,9.9153;0.5281;0.2788
Cs1N5Tc5,10.0738;0.485;0.2352
Cs1Mg5H5,9.5207;0.7274;0.5291
Tc1Mo5C5,11.099;0.1248;0.0156
Tc1Al5Nb5,9.5362;0.5986;0.3584
Tc1N5Nb5,11.3904;0.3068;0.0942
Tc1B5Mg5,11.9172;0.788;0.621
Tc1B5Li5,10.9485;0.7436;0.5529
Tc1Mg5H5,9.5432;0.8512;0.7245
Po1N5Nb5,10.0599;0.4218;0.1779

410 of 285852 appear to be promising

hp_tune_sug_nc_normal:

{'ccp_alpha': 0.0, 'criterion': 'squared_error', 'max_depth': None, 'max_leaf_nodes': None, 'max_samples': None, 'min_impurity_decrease': 0.0, 'min_samples_leaf': 1, 'min_samples_split': 2, 'min_weight_fraction_leaf': 0.0, 'n_estimators': 200, 'n_jobs': None, 'oob_score': False, 'random_state': None, 'verbose': 0, 'warm_start': False, 'max_features': 'sqrt', 'bootstrap': False}

K1Ba5O5,12.2489;0.8789;0.7724
K1Ba5Bi5,11.8853;0.7587;0.5756
K1Ba5Pb5,11.6854;0.7105;0.5048
K1Ba5F5,9.7443;0.7302;0.5331
K1Ba5Cl5,10.075;0.6826;0.4659
K1Ba5Br5,9.558;0.8076;0.6522
K1Ba5Po5,10.4486;0.783;0.6131
K1O5I5,11.5556;0.72;0.5185
K1O5Cs5,9.287;0.8811;0.7763
K1N5Mg5,9.8568;0.7041;0.4957
K1B5Mg5,9.3342;1.0117;1.0235
K1Mg5H5,9.5556;0.8984;0.8071
Fe1Al5Nb5,9.6093;0.5181;0.2684
Fe1B5Mg5,12.798;1.0052;1.0105
As1N5Nb5,11.1279;0.4103;0.1683
As1B5Mg5,10.6378;1.1278;1.2719
As1B5Li5,9.6443;0.9146;0.8365
Ca1B5Mg5,9.4087;0.9132;0.834
Ca1Mg5H5,9.2003;0.8784;0.7717
Cu1Al5Nb5,9.7125;0.6449;0.4159
Cu1B5Mg5,9.3987;0.8016;0.6426
O1N5Nb5,10.5736;0.4569;0.2087
O1N5Hf5,9.7243;0.5357;0.2869
O1N5Zr5,10.3651;0.4619;0.2134
O1N5Mg5,10.2951;0.8187;0.6703
O1Be5Mg5,9.3729;0.6303;0.3972
O1B5Mg5,16.2438;0.9283;0.8617
O1B5Na5,10.94;0.8335;0.6948
O1Mg5H5,9.855;0.9312;0.867
Mo1Al5Nb5,11.5364;0.6152;0.3785
Mo1B5Li5,9.2556;0.9047;0.8184
Mo1Mg5H5,9.205;0.9094;0.8269
Ru1Mo5Tc5,11.0367;0.2915;0.085
Ru1Al5Nb5,10.6734;0.6872;0.4723
Tm1Al5Nb5,9.6338;0.6287;0.3953
Sn1N5Nb5,10.7921;0.3696;0.1366
Sn1B5Li5,9.8042;0.8597;0.7391
S1N5Nb5,10.1892;0.5154;0.2656
S1N5Mg5,9.4562;0.8206;0.6735
S1B5Mg5,18.344;1.1072;1.2258
F1N5Mg5,9.8396;0.7647;0.5847
F1N5H5,9.4723;0.5323;0.2833
F1Be5Mg5,9.9902;0.73;0.5328
F1B5Mg5,17.447;0.9204;0.8472
F1B5Na5,10.7273;0.9314;0.8675
F1Mg5H5,9.7165;0.8849;0.783
V1Al5Nb5,12.0881;0.6094;0.3714
V1B5Mg5,13.4152;1.1433;1.3071
V1Li5Na5,9.7349;0.4605;0.2121
Ga1N5Nb5,10.1351;0.4791;0.2295
Ga1B5Mg5,10.6382;1.0551;1.1132
Al1N5Mg5,10.1441;0.7612;0.5794
Al1B5Mg5,15.4378;1.0582;1.1197
Al1B5Na5,9.4924;0.7142;0.51
Al1Mg5H5,9.1678;0.8771;0.7693
Co1B5Mg5,12.6493;0.9826;0.9654
Re1Mo5Tc5,10.1245;0.2822;0.0796
Re1Al5Nb5,9.6596;0.5833;0.3403
Re1B5Mg5,9.4508;0.856;0.7327
W1Al5Nb5,10.5461;0.6016;0.3619
W1H5Ag5,9.5377;0.5003;0.2503
N1B5Mg5,16.6495;0.8228;0.677
N1B5Na5,10.322;0.773;0.5975
N1Li5Si5,9.653;0.6434;0.414
Be1O5Mg5,9.9897;0.803;0.6449
Be1F5Mg5,9.6974;0.8117;0.6589
Be1N5Mg5,10.466;0.8127;0.6605
Be1N5H5,9.552;0.4823;0.2326
Be1B5Mg5,17.2115;1.0015;1.003
Be1Li5P5,9.3003;0.7443;0.5539
Be1Li5Na5,9.4685;0.5734;0.3288
Nb1B5Mg5,10.1389;0.9181;0.843
Nb1B5Li5,9.2077;0.8801;0.7745
Nb1Mg5H5,9.1632;0.8504;0.7232
Hf1Al5Nb5,10.3353;0.6484;0.4204
Hf1N5Nb5,9.7111;0.3463;0.1199
Cl1Tm5N5,10.2306;0.5592;0.3127
Cl1N5Nb5,11.7882;0.5805;0.337
Cl1N5Y5,9.4323;0.6064;0.3677
Cl1N5Hf5,11.5612;0.5799;0.3363
Cl1N5Zr5,11.9035;0.4586;0.2103
Cl1N5Ho5,9.6389;0.5271;0.2778
Cl1N5Mg5,10.4149;0.8331;0.6941
Cl1N5Er5,10.0581;0.5017;0.2517
Cl1N5Ta5,10.5454;0.5484;0.3007
Cl1N5H5,9.4751;0.6026;0.3632
Cl1N5Lu5,9.8544;0.4822;0.2325
Cl1B5Mg5,16.3084;1.0117;1.0236
Cl1B5Na5,9.8677;0.7834;0.6137
Cl1Mg5H5,9.3562;0.8031;0.645
Ni1Al5Nb5,10.254;0.5622;0.3161
Ni1B5Mg5,12.171;1.033;1.0672
B1O5Mg5,9.6985;0.7515;0.5648
B1F5Mg5,9.6122;0.843;0.7107
B1N5Mg5,10.5516;0.7921;0.6275
B1N5H5,9.5588;0.5955;0.3546
B1Be5Si5,9.3926;0.7131;0.5085
B1Cl5Li5,9.5908;0.6031;0.3638
B1Li5Si5,9.4064;0.5942;0.3531
B1Li5P5,10.0173;0.6594;0.4347
In1N5Nb5,10.1889;0.3731;0.1392
In1B5Li5,9.7493;0.82;0.6724
Pd1Mo5Tc5,10.0478;0.3267;0.1068
Pd1Al5Nb5,10.4358;0.5564;0.3096
Pd1H5Ag5,9.804;0.5341;0.2852
Zr1Al5Nb5,10.8203;0.6792;0.4613
Zr1N5Nb5,10.9287;0.319;0.1017
Zr1N5Cl5,9.7257;0.3115;0.097
Zr1B5Mg5,9.5313;0.8988;0.8079
Zr1B5Li5,9.58;0.9181;0.8429
Mn1B5Mg5,12.9668;0.9479;0.8985
Ho1Al5Nb5,9.6028;0.6466;0.4181
Se1N5Nb5,11.4487;0.3675;0.1351
Se1N5Zr5,10.0234;0.3973;0.1579
Se1B5Mg5,10.5785;1.1415;1.3031
Se1B5Li5,10.6763;0.8849;0.7831
Se1Mg5H5,9.6402;0.8241;0.6791
Ti1Al5Nb5,11.4195;0.6335;0.4014
Ti1N5Nb5,9.7645;0.3677;0.1352
Ti1B5Mg5,13.443;1.027;1.0548
Hg1N5Nb5,10.3559;0.3879;0.1504
Rb1N5Pd5,9.6121;0.6109;0.3732
Rb1N5Tc5,9.6441;0.4861;0.2363
Rb1Mg5H5,9.3917;0.8326;0.6932
Mg1Al5B5,9.3658;0.7871;0.6195
Mg1B5Si5,10.0084;0.7179;0.5154
Mg1Li5Na5,9.4471;0.705;0.497
Sb1N5Nb5,10.8376;0.3551;0.1261
Sb1B5Li5,9.9693;0.8165;0.6667
Er1Al5Nb5,9.6703;0.622;0.3869
Rh1Mo5Tc5,10.2109;0.2978;0.0887
Rh1Al5Nb5,11.5697;0.6333;0.4011
Rh1H5Ag5,9.4406;0.5917;0.3501
Au1Cu5H5,9.3742;0.6585;0.4336
Zn1B5Mg5,11.4319;1.0674;1.1394
Zn1Mg5H5,9.2181;0.795;0.632
Li1O5Mg5,10.6709;0.881;0.7761
Li1F5Mg5,10.5976;0.737;0.5432
Li1N5Mg5,11.1563;0.7344;0.5393
Li1B5Mg5,15.0785;1.0554;1.1139
Li1B5Si5,9.7916;0.823;0.6773
Si1Al5Nb5,9.6692;0.6131;0.3759
Si1N5Zr5,9.9079;0.3182;0.1013
Si1N5Mg5,10.2501;0.7463;0.5569
Si1N5H5,9.3923;0.6456;0.4169
Si1B5Mg5,21.4644;0.972;0.9447
Si1B5Li5,9.3794;0.8333;0.6945
Si1B5Na5,9.3736;0.7777;0.6047
Si1Li5Na5,9.6774;0.5543;0.3072
P1Al5B5,9.2574;0.8246;0.6799
P1N5Zr5,9.6271;0.411;0.1689
P1N5Mg5,10.1663;0.8391;0.7041
P1B5Mg5,18.3996;1.1492;1.3207
P1B5Na5,9.8546;0.7061;0.4986
P1Mg5H5,10.0675;0.8675;0.7526
Ta1Ga5Nb5,10.7308;0.5595;0.313
Ta1Al5Nb5,10.9798;0.5705;0.3255
Na1O5Mg5,9.8334;0.9313;0.8673
Na1F5Mg5,9.8587;0.796;0.6337
Na1N5Mg5,10.9028;0.7734;0.5982
Na1B5Mg5,13.0051;1.0572;1.1177
Na1B5Si5,10.3364;0.7721;0.5962
Na1Mg5H5,9.6086;0.9415;0.8865
H1O5Mg5,9.5724;0.7256;0.5265
H1F5Mg5,9.7688;0.7207;0.5194
H1B5Mg5,14.5951;0.7287;0.531
H1B5Na5,9.7793;0.7129;0.5083
H1Li5Si5,9.5909;0.6378;0.4068
Pt1Al5Nb5,10.4011;0.5804;0.3368
Ge1Al5Nb5,9.7646;0.6368;0.4056
Ge1N5Nb5,10.3906;0.4505;0.2029
Ge1B5Mg5,10.6296;1.0176;1.0355
Te1N5Nb5,11.1794;0.3372;0.1137
Te1B5Li5,10.129;0.8685;0.7542
Ir1Al5Nb5,10.1347;0.5336;0.2847
Ag1Al5Nb5,10.115;0.5266;0.2773
Ag1B5Li5,9.3819;0.8508;0.7239
Ag1Pd5H5,10.6803;0.4325;0.187
Cd1N5Nb5,9.6057;0.4299;0.1848
Cd1B5Li5,9.3461;0.839;0.704
Br1N5Nb5,10.9703;0.3804;0.1447
Br1N5Zr5,10.7982;0.4479;0.2006
Br1B5Mg5,10.1335;1.009;1.018
Br1B5Li5,10.5152;0.8747;0.765
I1N5Nb5,10.9229;0.3705;0.1372
I1N5Zr5,10.2757;0.5122;0.2624
I1B5Li5,10.9934;0.7737;0.5986
Sc1N5Nb5,9.7142;0.3478;0.121
Sc1B5Mg5,12.2509;0.9972;0.9944
Sc1Li5Na5,9.5692;0.4592;0.2109
Cr1Al5Nb5,11.4077;0.6002;0.3602
Cr1B5Mg5,12.7976;0.9989;0.9978
Cs1N5Pd5,9.8885;0.5595;0.313
Tc1Al5Nb5,10.8237;0.6546;0.4285
Tc1B5Mg5,10.1534;0.8907;0.7934

195 of 219450 appear to be promising

