hp_tune_blank_nc_normal:

{'ccp_alpha': 0.0, 'criterion': 'squared_error', 'max_depth': None, 'max_leaf_nodes': None, 'max_samples': None, 'min_impurity_decrease': 0.0, 'min_samples_leaf': 1, 'min_samples_split': 2, 'min_weight_fraction_leaf': 0.0, 'n_estimators': 200, 'n_jobs': None, 'oob_score': False, 'random_state': None, 'verbose': 0, 'warm_start': False, 'max_features': 'sqrt', 'bootstrap': False}

Ba1Mo6C6,11.8105;0.1679;0.0282
Ba1Sn6Nb6,16.3331;0.2377;0.0565
Ba1V6Ga6,14.2907;0.3895;0.1517
Ba1Ga6Nb6,18.2292;0.3398;0.1155
Ba1Al6Nb6,14.2959;0.4306;0.1854
Ba1N6Nb6,12.4628;0.2136;0.0456
Ba1N6Cl6,9.5321;0.5482;0.3005
Ba1N6C6,10.9413;0.4891;0.2392
Ba1N6Br6,11.0409;0.4527;0.2049
Ba1B6Mg6,23.1077;0.8709;0.7584
Ba1C6Mg6,11.3926;0.7552;0.5703
Ba1C6Cs6,16.409;0.9012;0.8121
Ba1Mn6Mg6,9.3178;0.8008;0.6412
Ba1Mg6Li6,10.7575;1.0118;1.0238
K1Ba6Fe6,9.8085;0.6684;0.4468
K1Ba6Ca6,10.506;0.6113;0.3736
K1Ba6La6,11.4468;0.9823;0.9649
K1Ba6Cu6,9.9361;0.6017;0.3621
K1Ba6O6,11.1983;0.8107;0.6573
K1Ba6Ru6,9.8018;0.5399;0.2915
K1Ba6Tm6,10.7828;0.5912;0.3495
K1Ba6Os6,10.0315;0.5816;0.3382
K1Ba6Sn6,10.4746;0.5943;0.3533
K1Ba6Nd6,12.5495;0.845;0.7141
K1Ba6Bi6,15.8616;0.695;0.483
K1Ba6Pb6,12.6947;0.582;0.3387
K1Ba6F6,10.7283;0.5644;0.3186
K1Ba6V6,9.7999;0.5809;0.3375
K1Ba6Sr6,11.3985;0.7239;0.524
K1Ba6Re6,10.2789;0.6146;0.3777
K1Ba6W6,9.5083;0.6093;0.3713
K1Ba6N6,11.7174;0.5611;0.3148
K1Ba6Be6,10.7423;0.5912;0.3495
K1Ba6Tl6,10.15;0.6719;0.4514
K1Ba6Y6,12.5084;0.7794;0.6074
K1Ba6Hf6,10.9655;0.6317;0.399
K1Ba6Cl6,10.6693;0.6009;0.3611
K1Ba6Sm6,10.7682;0.5816;0.3382
K1Ba6Tb6,10.6883;0.605;0.3661
K1Ba6B6,10.2864;0.6487;0.4208
K1Ba6Gd6,10.6354;0.59;0.3481
K1Ba6In6,10.3192;0.6254;0.3912
K1Ba6Pd6,9.8129;0.5497;0.3022
K1Ba6Zr6,10.6623;0.6026;0.3631
K1Ba6Mn6,10.4783;0.585;0.3422
K1Ba6Ho6,10.473;0.5961;0.3553
K1Ba6Se6,10.2724;0.6216;0.3864
K1Ba6Eu6,10.7787;0.5816;0.3383
K1Ba6Rb6,12.1117;0.7026;0.4937
K1Ba6Er6,10.5565;0.589;0.3469
K1Ba6Rh6,10.8561;0.5544;0.3073
K1Ba6Zn6,10.3844;0.6054;0.3666
K1Ba6Np6,10.7888;0.5863;0.3438
K1Ba6P6,9.6052;0.5882;0.3459
K1Ba6Ta6,10.0628;0.6445;0.4154
K1Ba6Na6,9.7362;0.6328;0.4004
K1Ba6H6,11.1897;0.6118;0.3742
K1Ba6Pt6,9.6572;0.65;0.4226
K1Ba6Ge6,10.3533;0.5098;0.2599
K1Ba6Pa6,10.792;0.5852;0.3424
K1Ba6Ir6,9.5359;0.5884;0.3462
K1Ba6Yb6,10.7239;0.5862;0.3436
K1Ba6T6,10.8042;0.5862;0.3436
K1Ba6Th6,10.5099;0.5653;0.3196
K1Ba6Lu6,10.6428;0.5919;0.3504
K1Ba6Ag6,10.1235;0.6446;0.4155
K1Ba6Cd6,10.6973;0.5916;0.35
K1Ba6Br6,11.3435;0.6947;0.4827
K1Ba6I6,10.8074;0.6002;0.3603
K1Ba6Dy6,10.66;0.6058;0.367
K1Ba6Sc6,10.8003;0.5887;0.3466
K1Ba6Cr6,10.0742;0.6625;0.4389
K1Ba6D6,11.0478;0.5553;0.3083
K1Ba6Cs6,10.3393;0.5898;0.3479
K1Ba6Tc6,10.8965;0.5933;0.3521
K1Ba6Pu6,10.7095;0.5716;0.3267
K1Ba6Am6,10.791;0.5852;0.3425
K1Ba6Cm6,10.791;0.5852;0.3425
K1Ba6Po6,10.791;0.5852;0.3425
K1Sn6Nb6,12.5203;0.5817;0.3384
K1Bi6Pb6,10.8497;0.5428;0.2946
K1V6Ga6,10.2211;0.5623;0.3162
K1Ga6Nb6,14.3294;0.6539;0.4276
K1Al6Nb6,11.7485;0.6243;0.3897
K1N6Nb6,11.8954;0.3213;0.1032
K1N6Cl6,10.6801;0.3973;0.1579
K1N6C6,11.1786;0.3609;0.1303
K1N6Zr6,10.6397;0.2924;0.0855
K1N6Rb6,10.7451;0.7154;0.5118
K1N6Li6,10.2531;0.5388;0.2903
K1N6Br6,13.4893;0.4201;0.1765
K1N6Cs6,9.5125;0.5943;0.3532
K1B6Mg6,18.19;1.1329;1.2834
K1C6Rb6,10.424;0.7433;0.5525
K1C6Mg6,9.9421;0.7485;0.5602
K1C6Cs6,13.1933;0.8829;0.7794
K1Mg6Li6,9.2979;0.9511;0.9045
Fe1Ba6K6,11.8678;0.7729;0.5974
Fe1Ca6Li6,9.8611;0.3822;0.1461
Fe1Mo6C6,11.1953;0.2121;0.045
Fe1Sn6Nb6,16.3745;0.2364;0.0559
Fe1V6Ga6,12.0863;0.3687;0.1359
Fe1Ga6Nb6,16.6895;0.4073;0.1659
Fe1Al6Nb6,13.7722;0.4572;0.209
Fe1N6Nb6,12.248;0.2372;0.0562
Fe1N6C6,10.4841;0.5307;0.2816
Fe1N6Br6,10.9273;0.4232;0.1791
Fe1B6Mg6,23.0036;0.9195;0.8454
Fe1C6Mg6,11.472;0.7701;0.593
Fe1C6Cs6,15.8558;0.9433;0.8898
Fe1Mn6Mg6,9.4753;0.8703;0.7574
Fe1Mg6Li6,11.2904;1.0105;1.0211
As1Ba6K6,11.079;0.8581;0.7364
As1Mo6C6,11.2846;0.2131;0.0454
As1Sn6Nb6,16.0917;0.3016;0.091
As1V6Ga6,14.0414;0.3372;0.1137
As1Ga6Nb6,18.0494;0.3436;0.1181
As1Al6Nb6,14.4405;0.4653;0.2165
As1N6Nb6,12.3202;0.2652;0.0703
As1N6C6,10.5384;0.5058;0.2559
As1N6Br6,10.5385;0.4321;0.1867
As1B6Mg6,22.4853;1.009;1.018
As1C6Mg6,11.0328;0.784;0.6147
As1C6Cs6,15.8556;0.9629;0.9271
As1Mg6Li6,10.512;0.9892;0.9785
Ca1Ba6K6,11.6881;0.7443;0.554
Ca1Mo6C6,11.857;0.1727;0.0298
Ca1Sn6Nb6,16.142;0.2491;0.062
Ca1V6Ga6,15.1861;0.2633;0.0693
Ca1Ga6Nb6,18.6007;0.3169;0.1004
Ca1Al6Nb6,14.643;0.4524;0.2046
Ca1N6Nb6,12.3865;0.2217;0.0491
Ca1N6C6,10.9178;0.4974;0.2474
Ca1N6Br6,10.9206;0.4316;0.1863
Ca1B6Mg6,23.058;0.9299;0.8647
Ca1C6Mg6,11.5979;0.7665;0.5875
Ca1C6Cs6,16.575;0.8858;0.7846
Ca1Mg6Li6,10.7643;0.9961;0.9922
La1Ba6K6,12.627;1.0837;1.1744
La1Mo6C6,11.7037;0.1807;0.0326
La1Sn6Nb6,15.8749;0.2946;0.0868
La1V6Ga6,12.2405;0.4713;0.2221
La1Ga6Nb6,16.1703;0.482;0.2324
La1Al6Nb6,13.8715;0.4985;0.2485
La1N6Nb6,12.346;0.2316;0.0536
La1N6C6,10.8405;0.4951;0.2452
La1N6Br6,10.8512;0.4359;0.19
La1B6Mg6,22.9656;0.9192;0.8449
La1C6Mg6,11.3646;0.7432;0.5523
La1C6Cs6,16.4694;0.8939;0.7991
La1Mg6Li6,10.7683;0.9943;0.9887
Cu1Ba6K6,11.617;0.7718;0.5957
Cu1Ca6Li6,9.8083;0.3703;0.1371
Cu1Mo6C6,11.5365;0.1905;0.0363
Cu1Sn6Nb6,16.4099;0.2359;0.0556
Cu1V6Ga6,15.1775;0.2513;0.0631
Cu1Ga6Nb6,18.5691;0.3019;0.0911
Cu1Al6Nb6,12.8401;0.5324;0.2834
Cu1N6Nb6,12.385;0.2131;0.0454
Cu1N6C6,10.81;0.4754;0.226
Cu1N6Br6,10.9243;0.4252;0.1808
Cu1B6Mg6,24.2832;1.0184;1.0371
Cu1C6Mg6,11.949;0.8531;0.7278
Cu1C6Cs6,16.4314;0.8973;0.8052
Cu1Mn6Mg6,9.7738;0.9521;0.9065
Cu1Mg6Li6,11.4061;1.0692;1.1432
O1Ba6K6,12.0033;0.8077;0.6523
O1Ca6Li6,9.896;0.3851;0.1483
O1Mo6C6,11.2122;0.2521;0.0636
O1Sn6Nb6,16.0869;0.2742;0.0752
O1V6Ga6,14.72;0.3059;0.0936
O1Ga6Nb6,18.1156;0.3499;0.1224
O1Al6Nb6,13.8558;0.5216;0.272
O1N6Nb6,15.0384;0.1476;0.0218
O1N6C6,10.8734;0.5141;0.2643
O1N6Li6,9.9658;0.5593;0.3129
O1N6Br6,11.3863;0.4108;0.1688
O1Nb6Zr6,9.7997;0.2051;0.0421
O1B6Mg6,23.1411;0.9279;0.861
O1C6Mg6,11.3289;0.7672;0.5887
O1C6Cs6,16.3891;0.9281;0.8614
O1Mg6Li6,10.9212;0.9765;0.9535
Mo1Ba6K6,11.5887;0.781;0.61
Mo1La6C6,9.7558;0.2602;0.0677
Mo1Sn6Nb6,14.6328;0.3305;0.1092
Mo1V6Ga6,12.9535;0.3467;0.1202
Mo1Ga6Nb6,16.9257;0.4278;0.183
Mo1Al6Nb6,12.5905;0.5524;0.3051
Mo1N6Nb6,11.5539;0.2834;0.0803
Mo1N6C6,11.4525;0.4299;0.1848
Mo1N6Br6,10.4574;0.4065;0.1652
Mo1Y6C6,11.2095;0.2528;0.0639
Mo1B6Mg6,22.4655;0.8994;0.8089
Mo1C6Mg6,12.1606;0.6442;0.415
Mo1C6Cs6,16.3303;0.7248;0.5253
Mo1Mg6Li6,10.5366;1.0145;1.0292
Ru1Ba6K6,11.2755;0.7404;0.5482
Ru1Mo6C6,12.069;0.1991;0.0396
Ru1Sn6Nb6,13.7192;0.4518;0.2041
Ru1V6Ga6,14.0208;0.3903;0.1524
Ru1Ga6Nb6,16.2881;0.4691;0.2201
Ru1Al6Nb6,12.8962;0.518;0.2683
Ru1N6Nb6,10.8419;0.3286;0.108
Ru1N6C6,10.0695;0.5358;0.287
Ru1N6Br6,10.194;0.4537;0.2059
Ru1B6Mg6,21.6268;0.9687;0.9384
Ru1C6Mg6,10.4944;0.7088;0.5023
Ru1C6Cs6,15.0469;0.8415;0.7082
Ru1Mg6Li6,10.2858;0.9594;0.9204
Tm1Ba6K6,11.8818;0.7754;0.6012
Tm1Ca6Li6,9.8495;0.3802;0.1445
Tm1Mo6C6,11.8659;0.1708;0.0292
Tm1Sn6Nb6,16.3241;0.2569;0.066
Tm1V6Ga6,15.2449;0.2482;0.0616
Tm1Ga6Nb6,18.6146;0.3103;0.0963
Tm1Al6Nb6,14.646;0.4529;0.2051
Tm1N6Nb6,12.3965;0.216;0.0466
Tm1N6C6,10.8228;0.5007;0.2507
Tm1N6Br6,10.9379;0.4305;0.1854
Tm1B6Mg6,23.01;0.9718;0.9444
Tm1C6Mg6,11.3282;0.7662;0.5871
Tm1C6Cs6,16.3897;0.9194;0.8452
Tm1Mg6Li6,10.8429;0.9902;0.9805
Os1Ba6K6,11.4786;0.7472;0.5584
Os1Mo6C6,11.5456;0.2074;0.043
Os1Sn6Nb6,13.5811;0.443;0.1962
Os1V6Ga6,14.3129;0.4104;0.1684
Os1Ga6Nb6,15.8818;0.4368;0.1908
Os1Al6Nb6,12.8047;0.5137;0.2639
Os1N6Nb6,10.5296;0.3152;0.0993
Os1N6C6,10.3988;0.4912;0.2413
Os1N6Br6,10.4357;0.4412;0.1947
Os1B6Mg6,22.1424;0.9202;0.8467
Os1C6Mg6,10.8888;0.7406;0.5485
Os1C6Cs6,15.531;0.9427;0.8887
Os1Mg6Li6,10.4899;0.9927;0.9855
Sn1Ba6K6,11.4282;0.7794;0.6074
Sn1Mo6S6,10.7158;0.3673;0.1349
Sn1Mo6C6,11.3486;0.2184;0.0477
Sn1V6Ga6,13.3073;0.364;0.1325
Sn1Ga6Nb6,16.8715;0.345;0.119
Sn1Al6Nb6,14.4983;0.3926;0.1541
Sn1N6Nb6,12.3057;0.228;0.052
Sn1N6C6,10.753;0.4997;0.2497
Sn1N6Br6,10.3849;0.4057;0.1646
Sn1Nb6Zr6,10.9537;0.2022;0.0409
Sn1Nb6Ti6,9.8027;0.2257;0.0509
Sn1B6Mg6,20.4184;1.006;1.012
Sn1C6Mg6,11.0108;0.6732;0.4533
Sn1C6Cs6,16.1283;0.8858;0.7847
Sn1Mg6Li6,10.0852;1.0083;1.0168
Nd1Ba6K6,14.1259;1.032;1.065
Nd1Ba6Ca6,9.2291;1.2926;1.6709
Nd1Ba6La6,9.5355;1.4416;2.0782
Nd1Ba6O6,9.7175;1.3529;1.8303
Nd1Ba6Tm6,9.5971;1.2897;1.6632
Nd1Ba6Sn6,8.8965;1.2551;1.5752
Nd1Ba6Bi6,9.9399;1.1118;1.236
Nd1Ba6Pb6,10.1924;0.9477;0.8981
Nd1Ba6F6,9.5675;1.3014;1.6937
Nd1Ba6Sr6,11.3499;1.2998;1.6894
Nd1Ba6W6,9.6166;1.2921;1.6696
Nd1Ba6Be6,9.4136;1.288;1.659
Nd1Ba6Tl6,9.6042;1.2647;1.5995
Nd1Ba6Y6,8.8208;1.3328;1.7763
Nd1Ba6Hf6,9.6714;1.2624;1.5936
Nd1Ba6Cl6,8.9555;1.1133;1.2394
Nd1Ba6Sm6,9.5121;1.2708;1.615
Nd1Ba6Tb6,9.3338;1.2595;1.5863
Nd1Ba6Gd6,9.2111;1.2882;1.6594
Nd1Ba6In6,9.295;1.2623;1.5935
Nd1Ba6Ho6,8.7731;1.2707;1.6148
Nd1Ba6Se6,9.5636;1.252;1.5675
Nd1Ba6Hg6,8.9099;1.3043;1.7013
Nd1Ba6Eu6,9.5536;1.2914;1.6678
Nd1Ba6Rb6,8.8707;1.1543;1.3323
Nd1Ba6Rh6,10.4802;1.1589;1.343
Nd1Ba6Np6,9.6052;1.2839;1.6485
Nd1Ba6Ta6,9.4931;1.246;1.5524
Nd1Ba6Na6,9.2344;1.299;1.6874
Nd1Ba6H6,9.8561;1.2659;1.6026
Nd1Ba6Ge6,9.1992;1.0771;1.1602
Nd1Ba6Pa6,9.614;1.284;1.6487
Nd1Ba6Yb6,9.4187;1.2874;1.6574
Nd1Ba6T6,9.6517;1.2807;1.6402
Nd1Ba6Lu6,9.0356;1.2016;1.4438
Nd1Ba6Cd6,9.2505;1.2403;1.5383
Nd1Ba6Br6,9.4445;1.2032;1.4477
Nd1Ba6I6,9.6049;1.2425;1.5439
Nd1Ba6Dy6,9.3052;1.2752;1.6262
Nd1Ba6Sc6,9.6112;1.2585;1.5839
Nd1Ba6D6,10.3835;1.1801;1.3927
Nd1Ba6Tc6,9.9724;1.292;1.6693
Nd1Ba6Pu6,9.1989;1.1885;1.4126
Nd1Ba6Am6,9.6095;1.2831;1.6464
Nd1Ba6Cm6,9.6095;1.2831;1.6464
Nd1Ba6Po6,9.6095;1.2831;1.6464
Nd1Ca6Li6,9.6783;0.3991;0.1593
Nd1Mo6C6,11.476;0.2378;0.0566
Nd1Sn6Nb6,16.5043;0.2261;0.0511
Nd1V6Ga6,14.9919;0.3309;0.1095
Nd1Ga6Nb6,18.5829;0.3173;0.1007
Nd1Al6Nb6,14.6169;0.4509;0.2033
Nd1N6Nb6,12.3943;0.2156;0.0465
Nd1N6C6,10.6677;0.5209;0.2713
Nd1N6Br6,10.9136;0.4376;0.1915
Nd1B6Mg6,23.1113;0.9247;0.855
Nd1C6Mg6,11.1188;0.7807;0.6095
Nd1C6Cs6,16.0865;0.9076;0.8238
Nd1Mg6Li6,10.8174;1.0012;1.0025
Bi1Ba6K6,14.4461;0.7271;0.5286
Bi1Ba6Pb6,10.3685;0.2752;0.0757
Bi1Mo6C6,11.2215;0.2602;0.0677
Bi1Sn6Nb6,15.7883;0.314;0.0986
Bi1V6Ga6,13.3427;0.4397;0.1933
Bi1Ga6Nb6,17.6346;0.3997;0.1597
Bi1Al6Nb6,14.0188;0.4653;0.2165
Bi1N6Nb6,11.9959;0.2042;0.0417
Bi1N6C6,10.4337;0.475;0.2257
Bi1N6Br6,10.1828;0.4154;0.1726
Bi1B6Mg6,21.8966;0.8753;0.7662
Bi1C6Mg6,10.9993;0.735;0.5403
Bi1C6Cs6,15.4625;0.9406;0.8847
Bi1Mg6Li6,10.3436;0.9502;0.9028
Pb1Ba6K6,11.3556;0.7716;0.5953
Pb1Mo6S6,13.6696;0.1206;0.0145
Pb1Mo6C6,11.2797;0.2697;0.0727
Pb1Sn6Nb6,16.0939;0.2646;0.07
Pb1V6Ga6,13.2477;0.3644;0.1328
Pb1Ga6Nb6,17.4498;0.3314;0.1098
Pb1Al6Nb6,14.24;0.4898;0.2399
Pb1N6Nb6,12.236;0.2313;0.0535
Pb1N6C6,10.751;0.4881;0.2382
Pb1N6Br6,10.4657;0.4104;0.1685
Pb1B6Mg6,20.6278;0.9422;0.8877
Pb1C6Mg6,11.1901;0.7041;0.4957
Pb1C6Cs6,16.2274;0.8759;0.7672
Pb1Mg6Li6,10.3029;1.0218;1.044
S1Ba6K6,11.8543;0.7775;0.6045
S1Ca6C6,9.2006;0.8291;0.6874
S1La6C6,11.2588;0.6986;0.488
S1Mo6C6,12.9055;0.4608;0.2123
S1Sn6Nb6,16.2606;0.2528;0.0639
S1V6Ga6,14.5194;0.3671;0.1348
S1Ga6Nb6,18.422;0.2995;0.0897
S1Al6Nb6,14.4728;0.4687;0.2197
S1W6C6,10.1881;0.6701;0.449
S1N6Nb6,12.3487;0.2154;0.0464
S1N6C6,11.9059;0.7388;0.5459
S1N6Br6,10.7787;0.4493;0.2018
S1B6Mg6,22.9672;0.9461;0.8951
S1C6Mg6,12.8683;0.8621;0.7432
S1C6Er6,9.3004;0.8208;0.6738
S1C6Ta6,10.5621;0.6395;0.4089
S1C6H6,9.4396;0.7344;0.5394
S1C6Yb6,9.2514;0.8078;0.6526
S1C6Cs6,16.747;0.9153;0.8377
S1Mn6Mg6,9.1974;0.8493;0.7214
S1Mg6Li6,10.7582;0.9727;0.9461
F1Ba6K6,11.8182;0.7668;0.5879
F1Mo6C6,11.8664;0.1702;0.029
F1Sn6Nb6,16.4924;0.2264;0.0512
F1V6Ga6,14.7251;0.3141;0.0987
F1Ga6Nb6,18.591;0.3187;0.1016
F1Al6Nb6,14.6166;0.4528;0.205
F1N6Nb6,12.3965;0.216;0.0466
F1N6C6,10.8067;0.4953;0.2454
F1N6Br6,10.8638;0.4236;0.1795
F1B6Mg6,17.5693;0.8838;0.7811
F1C6Mg6,11.4527;0.7585;0.5753
F1C6Cs6,16.2395;0.9414;0.8863
F1Mg6Li6,10.9055;0.9684;0.9377
V1Ba6K6,11.8639;0.7932;0.6292
V1Ca6Li6,9.6867;0.3791;0.1437
V1Mo6C6,12.853;0.1457;0.0212
V1Sn6Nb6,14.9625;0.2585;0.0668
V1Ga6Nb6,16.0697;0.315;0.0992
V1Al6Nb6,13.7604;0.4657;0.2169
V1N6Br6,10.0239;0.422;0.1781
V1B6Mg6,23.0636;0.9309;0.8667
V1C6Mg6,11.3266;0.775;0.6006
V1C6Cs6,16.361;0.9234;0.8527
V1Mg6Li6,10.8143;0.9938;0.9876
Ga1Ba6K6,10.4725;0.8732;0.7624
Ga1Mo6C6,10.2368;0.313;0.098
Ga1Sn6Nb6,14.9568;0.3832;0.1468
Ga1Al6Nb6,13.727;0.5262;0.2769
Ga1N6Nb6,12.1295;0.3758;0.1413
Ga1N6C6,9.5187;0.5363;0.2877
Ga1Nb6Tl6,9.8416;0.4757;0.2263
Ga1Nb6Hf6,9.7155;0.401;0.1608
Ga1Nb6Zr6,9.8141;0.4695;0.2204
Ga1Nb6Zn6,10.5946;0.5003;0.2503
Ga1B6Mg6,18.1653;0.976;0.9526
Ga1C6Mg6,9.7841;0.8191;0.6709
Ga1C6Cs6,13.7208;0.9629;0.9272
Ga1Mg6Li6,9.3044;0.9545;0.911
Al1Ba6K6,10.2107;0.6173;0.381
Al1Mo6C6,9.7847;0.3286;0.1079
Al1Sn6Nb6,13.7468;0.3983;0.1587
Al1V6Ga6,10.7848;0.4237;0.1795
Al1Ga6Nb6,14.2394;0.4941;0.2441
Al1B6Mg6,26.7827;0.8369;0.7003
Al1C6Mg6,10.8432;0.8333;0.6944
Al1C6Cs6,12.6839;0.8797;0.7739
Al1Mn6Mg6,9.2132;0.862;0.743
Al1Mg6Li6,10.4227;0.8216;0.675
Sr1Ba6K6,12.7041;0.817;0.6674
Sr1Ba6Nd6,10.6233;1.05;1.1024
Sr1Mo6C6,11.7491;0.174;0.0303
Sr1Sn6Nb6,16.1265;0.2715;0.0737
Sr1V6Ga6,13.7501;0.4046;0.1637
Sr1Ga6Nb6,17.2193;0.426;0.1815
Sr1Al6Nb6,14.36;0.4056;0.1645
Sr1N6Nb6,12.4774;0.1937;0.0375
Sr1N6Cl6,9.9659;0.5221;0.2725
Sr1N6C6,11.0069;0.5043;0.2543
Sr1N6Zr6,9.805;0.2837;0.0805
Sr1N6Br6,11.1885;0.3984;0.1587
Sr1B6Mg6,22.9898;0.9152;0.8375
Sr1C6Mg6,11.3461;0.764;0.5836
Sr1C6Cs6,16.4049;0.919;0.8446
Sr1Mg6Li6,10.7605;0.9845;0.9693
Co1Ba6K6,11.8347;0.7656;0.5862
Co1Ca6Li6,9.6857;0.4298;0.1847
Co1Mo6C6,11.3833;0.1981;0.0393
Co1Sn6Nb6,15.8221;0.2365;0.0559
Co1V6Ga6,12.4926;0.3656;0.1336
Co1Ga6Nb6,15.6363;0.4313;0.186
Co1Ga6Pu6,11.4898;0.3996;0.1597
Co1Al6Nb6,13.2615;0.4968;0.2469
Co1N6Nb6,12.0087;0.2484;0.0617
Co1N6C6,10.7231;0.503;0.2531
Co1N6Br6,10.7127;0.4236;0.1794
Co1B6Mg6,23.4044;0.9204;0.847
Co1C6Mg6,12.1441;0.8497;0.722
Co1C6Cs6,16.2571;0.9144;0.8361
Co1Mn6Mg6,10.0352;0.927;0.8594
Co1Mg6Li6,11.6831;0.9961;0.9922
Re1Ba6K6,11.7616;0.8002;0.6403
Re1Mo6C6,11.0187;0.2267;0.0514
Re1Sn6Nb6,15.8406;0.2927;0.0857
Re1V6Ga6,12.9994;0.4716;0.2224
Re1Ga6Nb6,18.0038;0.3452;0.1192
Re1Al6Nb6,14.1209;0.4982;0.2482
Re1N6Nb6,12.0651;0.2522;0.0636
Re1N6C6,10.6586;0.4693;0.2202
Re1N6Br6,10.5902;0.4982;0.2482
Re1B6Mg6,23.1327;0.8621;0.7432
Re1C6Mg6,11.3179;0.7191;0.5171
Re1C6Cs6,16.2223;0.945;0.893
Re1Mn6Mg6,9.3264;0.8063;0.6501
Re1Mg6Li6,10.687;0.9497;0.902
W1Ba6K6,11.8767;0.7744;0.5997
W1Ca6Li6,9.8388;0.3802;0.1445
W1Mo6C6,11.6474;0.1941;0.0377
W1Sn6Nb6,16.3234;0.2616;0.0684
W1V6Ga6,15.2167;0.261;0.0681
W1Ga6Nb6,18.4312;0.324;0.105
W1Al6Nb6,14.4529;0.4416;0.195
W1N6Nb6,12.25;0.2167;0.047
W1N6C6,10.8694;0.4985;0.2485
W1N6Br6,10.9343;0.4271;0.1825
W1Y6C6,10.5314;0.3126;0.0977
W1B6Mg6,23.1244;0.9307;0.8663
W1C6Mg6,11.5905;0.7537;0.5681
W1C6Cs6,16.6859;0.8935;0.7983
W1Mg6Li6,10.8383;0.988;0.9761
N1Ba6K6,11.6216;0.7633;0.5826
N1Ba6C6,10.5609;0.4782;0.2287
N1Fe6C6,11.1493;0.5609;0.3146
N1As6C6,11.2832;0.5182;0.2686
N1Ca6C6,11.3292;0.5214;0.2719
N1Ca6Li6,9.8415;0.5198;0.2702
N1La6C6,12.3047;0.4335;0.1879
N1Cu6C6,10.7949;0.5461;0.2983
N1O6C6,10.7057;0.4893;0.2394
N1Mo6C6,13.0208;0.3561;0.1268
N1Ru6C6,10.1554;0.5172;0.2675
N1Tm6C6,11.7882;0.4621;0.2135
N1Os6C6,11.2761;0.4999;0.2499
N1Sn6Nb6,13.6008;0.4015;0.1612
N1Sn6C6,11.5658;0.4435;0.1967
N1Nd6C6,11.4691;0.5084;0.2585
N1Bi6C6,11.3629;0.4558;0.2078
N1Pb6C6,11.7001;0.5043;0.2543
N1S6C6,12.3814;0.435;0.1892
N1F6C6,11.4923;0.4932;0.2433
N1V6Ga6,10.9856;0.5718;0.327
N1Ga6Nb6,15.3345;0.5322;0.2833
N1Ga6C6,10.2309;0.5135;0.2636
N1Al6Nb6,12.1919;0.5831;0.34
N1Sr6C6,12.0683;0.4943;0.2444
N1Co6C6,10.1457;0.562;0.3158
N1Re6C6,11.5099;0.4409;0.1944
N1W6C6,10.8274;0.5036;0.2536
N1Be6C6,11.885;0.484;0.2342
N1Nb6C6,16.4084;0.1906;0.0363
N1Nb6Zr6,10.407;0.2383;0.0568
N1Tl6C6,11.785;0.4754;0.226
N1Y6C6,11.5352;0.3723;0.1386
N1Hf6Cl6,11.5117;0.6718;0.4513
N1Hf6C6,10.9503;0.5721;0.3273
N1Hf6Li6,10.8236;0.6429;0.4133
N1Hf6Br6,9.47;0.6458;0.417
N1Cl6C6,9.6624;0.4702;0.2211
N1Sm6C6,11.7624;0.4934;0.2434
N1Ni6C6,10.3519;0.4741;0.2247
N1B6C6,10.1365;0.4925;0.2425
N1B6Mg6,18.9483;0.9453;0.8935
N1C6Gd6,10.8182;0.5666;0.3211
N1C6In6,10.2622;0.5027;0.2528
N1C6Pd6,10.8209;0.5692;0.324
N1C6Zr6,11.1594;0.4633;0.2147
N1C6Mn6,11.2407;0.5722;0.3274
N1C6Ho6,11.9105;0.4756;0.2262
N1C6Se6,11.5359;0.5144;0.2646
N1C6Ti6,9.7535;0.5196;0.2699
N1C6Hg6,11.9873;0.4989;0.2489
N1C6Eu6,11.9027;0.4855;0.2357
N1C6Rb6,10.0045;0.4897;0.2398
N1C6Pr6,10.2866;0.5418;0.2936
N1C6Mg6,13.0425;0.6381;0.4071
N1C6Sb6,11.2396;0.4778;0.2283
N1C6Er6,11.9811;0.4522;0.2045
N1C6Rh6,10.0047;0.4609;0.2124
N1C6Au6,11.1803;0.4586;0.2103
N1C6Zn6,11.2655;0.5203;0.2707
N1C6Li6,10.8336;0.4329;0.1874
N1C6Np6,11.9047;0.486;0.2362
N1C6Si6,10.6028;0.5032;0.2532
N1C6P6,11.8201;0.4896;0.2397
N1C6Ta6,11.7497;0.2737;0.0749
N1C6Na6,15.0174;0.691;0.4775
N1C6H6,12.6673;0.8165;0.6667
N1C6Pt6,11.4739;0.4607;0.2123
N1C6Ge6,11.3011;0.5036;0.2536
N1C6Pa6,11.9047;0.486;0.2362
N1C6Te6,10.2585;0.547;0.2992
N1C6Ir6,9.617;0.4546;0.2066
N1C6Yb6,12.0534;0.4806;0.231
N1C6T6,11.9055;0.4861;0.2363
N1C6Th6,11.2354;0.5269;0.2776
N1C6Lu6,11.5551;0.521;0.2715
N1C6Ag6,11.1658;0.4893;0.2394
N1C6Cd6,11.8961;0.4845;0.2347
N1C6Br6,12.5701;0.5168;0.2671
N1C6I6,11.8208;0.5099;0.26
N1C6Dy6,10.5385;0.5339;0.285
N1C6Sc6,10.8898;0.5256;0.2762
N1C6Cr6,9.4821;0.5617;0.3155
N1C6D6,11.9314;0.4854;0.2356
N1C6Cs6,20.0037;0.6798;0.4621
N1C6Tc6,11.9092;0.4896;0.2397
N1C6Pu6,11.853;0.4979;0.2479
N1C6Am6,11.9047;0.486;0.2362
N1C6Cm6,11.9047;0.486;0.2362
N1C6Po6,11.9047;0.486;0.2362
N1Mg6Li6,11.4954;1.0235;1.0475
N1Li6Br6,11.1525;0.5149;0.2652
Be1Ba6K6,11.8741;0.7773;0.6042
Be1Mo6C6,11.8495;0.1663;0.0277
Be1Sn6Nb6,16.4615;0.2293;0.0526
Be1V6Ga6,15.2265;0.2517;0.0633
Be1Ga6Nb6,18.553;0.2992;0.0895
Be1Al6Nb6,14.4442;0.4583;0.21
Be1N6Nb6,12.3177;0.2225;0.0495
Be1N6C6,10.8183;0.5;0.25
Be1N6Br6,10.9319;0.4262;0.1816
Be1B6Mg6,23.7964;0.9207;0.8477
Be1C6Mg6,11.7725;0.7355;0.541
Be1C6Cs6,16.3691;0.9278;0.8607
Be1Mn6Mg6,9.473;0.8602;0.74
Be1Mg6Li6,10.1403;0.958;0.9178
Nb1Ba6K6,10.3724;0.763;0.5822
Nb1Mo6C6,11.6514;0.1696;0.0288
Nb1V6Ga6,12.4021;0.4119;0.1697
Nb1N6C6,12.6068;0.4179;0.1746
Nb1N6Zr6,9.893;0.3143;0.0988
Nb1N6Ti6,10.0198;0.093;0.0087
Nb1N6Li6,10.7169;0.4987;0.2487
Nb1N6Na6,10.1809;0.4365;0.1905
Nb1N6Br6,11.6605;0.387;0.1498
Nb1N6Cs6,10.1102;0.5964;0.3557
Nb1B6Mg6,22.2079;0.9037;0.8167
Nb1C6Mg6,11.5441;0.7023;0.4933
Nb1C6Cs6,15.6723;0.8838;0.7811
Nb1Mn6Mg6,9.3706;0.8824;0.7786
Nb1Mg6Li6,10.2194;0.9776;0.9557
Tl1Ba6K6,11.5131;0.7681;0.5899
Tl1Ca6Li6,9.8246;0.3696;0.1366
Tl1Mo6C6,11.3614;0.3112;0.0968
Tl1Sn6Nb6,16.7493;0.2164;0.0468
Tl1V6Ga6,15.1548;0.259;0.0671
Tl1Ga6Nb6,18.5029;0.3276;0.1073
Tl1Al6Nb6,14.6373;0.4516;0.2039
Tl1N6Nb6,12.7297;0.2407;0.0579
Tl1N6C6,10.8109;0.496;0.246
Tl1N6Br6,10.9426;0.4304;0.1852
Tl1Nb6Zr6,10.6681;0.2052;0.0421
Tl1Nb6Ti6,10.1902;0.2164;0.0468
Tl1B6Mg6,19.6244;1.0603;1.1242
Tl1C6Mg6,10.8308;0.7817;0.6111
Tl1C6Cs6,18.0155;0.8305;0.6897
Tl1Mg6Li6,10.0803;0.954;0.9101
Y1Ba6K6,11.7758;0.7754;0.6012
Y1Ca6Li6,9.6233;0.3824;0.1462
Y1Mo6C6,11.5026;0.2329;0.0543
Y1Sn6Nb6,16.0266;0.2717;0.0738
Y1V6Ga6,13.1253;0.3732;0.1392
Y1Ga6Nb6,16.8494;0.4456;0.1986
Y1Al6Nb6,12.2215;0.5144;0.2647
Y1N6Nb6,12.3495;0.2229;0.0497
Y1N6C6,10.6871;0.487;0.2372
Y1N6Br6,10.8968;0.4204;0.1767
Y1B6Mg6,23.1255;0.9035;0.8162
Y1C6Mg6,11.2403;0.7622;0.581
Y1C6Cs6,16.2292;0.9192;0.8449
Y1Mg6Li6,10.8021;0.9867;0.9735
Hf1Ba6K6,11.8642;0.7385;0.5453
Hf1Ca6Li6,10.5301;0.5114;0.2615
Hf1Mo6C6,11.1564;0.1564;0.0245
Hf1Sn6Nb6,16.0626;0.2829;0.08
Hf1V6Ga6,13.766;0.3469;0.1203
Hf1Ga6Nb6,18.2409;0.3142;0.0987
Hf1Al6Nb6,13.9117;0.4692;0.2202
Hf1N6Nb6,12.2949;0.13;0.0169
Hf1N6Cl6,11.9789;0.6493;0.4216
Hf1N6C6,10.7995;0.5024;0.2524
Hf1N6Zr6,9.9011;0.2627;0.069
Hf1N6Li6,11.9187;0.6901;0.4763
Hf1N6Br6,11.8231;0.5041;0.2541
Hf1B6Mg6,22.9043;0.9449;0.8928
Hf1C6Mg6,11.4768;0.7901;0.6243
Hf1C6Cs6,16.2851;0.9004;0.8108
Hf1Mg6Li6,11.3948;0.9918;0.9836
Cl1Ba6K6,11.9304;0.7508;0.5636
Cl1Ca6Li6,10.4537;0.4381;0.1919
Cl1Mo6C6,11.6132;0.1831;0.0335
Cl1Sn6Nb6,16.4709;0.2223;0.0494
Cl1V6Ga6,15.1285;0.2732;0.0746
Cl1Ga6Nb6,18.5717;0.3201;0.1024
Cl1Al6Nb6,14.6175;0.4481;0.2008
Cl1N6Nb6,12.7383;0.2583;0.0667
Cl1N6C6,11.0921;0.5362;0.2876
Cl1N6Zr6,10.1995;0.2353;0.0554
Cl1N6Li6,10.9762;0.6501;0.4227
Cl1N6Br6,11.5618;0.5085;0.2585
Cl1B6Mg6,23.0944;0.9239;0.8535
Cl1C6Mg6,11.1905;0.7526;0.5665
Cl1C6Cs6,16.1465;0.9073;0.8232
Cl1Mg6Li6,11.1476;0.9675;0.936
Sm1Ba6K6,11.8655;0.7766;0.6032
Sm1Ca6Li6,9.8237;0.3804;0.1447
Sm1Mo6C6,11.8664;0.1702;0.029
Sm1Sn6Nb6,16.5161;0.224;0.0502
Sm1V6Ga6,13.7996;0.3842;0.1476
Sm1Ga6Nb6,17.4163;0.4384;0.1922
Sm1Al6Nb6,14.6423;0.4497;0.2023
Sm1N6Nb6,12.3965;0.216;0.0466
Sm1N6C6,10.8207;0.5009;0.2509
Sm1N6Br6,10.9341;0.429;0.184
Sm1B6Mg6,22.9376;0.9763;0.9531
Sm1C6Mg6,11.3292;0.7675;0.5891
Sm1C6Cs6,16.3764;0.922;0.85
Sm1Mg6Li6,10.8356;0.9958;0.9917
Ni1Ba6K6,11.0501;0.7804;0.6091
Ni1Mo6C6,11.6814;0.192;0.0369
Ni1Sn6Nb6,15.8966;0.2906;0.0845
Ni1V6Ga6,13.5234;0.3712;0.1378
Ni1Ga6Nb6,16.4111;0.3818;0.1458
Ni1Al6Nb6,13.7711;0.4362;0.1903
Ni1N6Nb6,12.1824;0.2315;0.0536
Ni1N6C6,10.829;0.5082;0.2582
Ni1N6Br6,10.6959;0.4589;0.2106
Ni1B6Mg6,22.2849;0.9179;0.8425
Ni1C6Mg6,11.3305;0.7736;0.5984
Ni1C6Cs6,16.4701;0.9124;0.8325
Ni1Mg6Li6,10.5027;0.9734;0.9476
Tb1Ba6K6,11.8093;0.7892;0.6228
Tb1Ca6Li6,9.6259;0.418;0.1747
Tb1Sn6Nb6,16.2484;0.2905;0.0844
Tb1V6Ga6,14.6938;0.3016;0.091
Tb1Ga6Nb6,18.3005;0.3271;0.107
Tb1Al6Nb6,14.1472;0.4501;0.2026
Tb1N6Nb6,11.7627;0.3295;0.1085
Tb1N6Br6,10.0953;0.4892;0.2393
Tb1B6Mg6,22.4628;0.9605;0.9225
Tb1C6Mg6,9.2993;0.8548;0.7306
Tb1C6Cs6,13.014;0.8787;0.772
Tb1Mg6Li6,10.7797;0.9968;0.9937
Ce1Sn6Nb6,11.2323;0.4977;0.2477
Ce1Ga6Nb6,13.3405;0.5655;0.3198
Ce1Al6Nb6,10.8157;0.5467;0.2988
Ce1B6Mg6,17.4277;1.0756;1.1569
Ce1C6Cs6,9.5583;0.8767;0.7686
B1Ba6K6,11.6802;0.7532;0.5674
B1Mo6C6,11.7922;0.1417;0.0201
B1Sn6Nb6,15.8766;0.2813;0.0791
B1V6Ga6,13.8492;0.379;0.1437
B1Ga6Nb6,18.0279;0.3728;0.139
B1Al6Nb6,14.3557;0.5162;0.2665
B1N6Nb6,12.2869;0.2274;0.0517
B1N6C6,10.6258;0.4583;0.2101
B1N6Br6,10.522;0.4094;0.1676
B1Y6C6,10.8734;0.3641;0.1325
B1C6Mg6,12.5925;0.6442;0.415
B1C6Cs6,16.0915;0.9269;0.8591
B1Mn6Mg6,10.1514;0.9563;0.9145
B1Mg6Li6,11.4724;0.9773;0.9552
C1Ba6Mg6,11.6825;0.671;0.4503
C1Ba6Cs6,11.0629;0.9958;0.9915
C1Fe6Mg6,12.7664;0.7874;0.62
C1Fe6Cs6,11.5016;0.9801;0.9606
C1As6Mg6,12.297;0.7824;0.6122
C1As6Cs6,11.6976;0.9745;0.9497
C1Ca6Mg6,12.6291;0.732;0.5359
C1Ca6Cs6,12.7367;0.969;0.9389
C1La6Mg6,10.803;0.7556;0.5709
C1La6Cs6,11.9151;0.9634;0.9281
C1Cu6Mg6,11.4836;0.6977;0.4868
C1Cu6Cs6,12.2751;0.9916;0.9832
C1O6Mg6,12.7888;0.7384;0.5452
C1O6Cs6,12.5127;0.9731;0.947
C1Mo6Mg6,11.7045;0.7204;0.519
C1Mo6Cs6,10.7835;0.6531;0.4266
C1Ru6Mg6,11.955;0.7498;0.5622
C1Ru6Cs6,11.3516;0.9184;0.8434
C1Tm6Mg6,13.043;0.7685;0.5906
C1Tm6Cs6,12.5398;0.9986;0.9972
C1Os6Mg6,12.4094;0.7946;0.6314
C1Os6Cs6,11.9456;1.0171;1.0346
C1Sn6Nb6,10.5929;0.4875;0.2377
C1Sn6Mg6,12.309;0.7129;0.5082
C1Sn6Cs6,12.0814;0.9315;0.8677
C1Nd6Mg6,12.6411;0.783;0.613
C1Nd6Cs6,11.837;0.9376;0.8791
C1Bi6Mg6,11.8266;0.7831;0.6132
C1Bi6Cs6,11.7523;0.9282;0.8615
C1Pb6Mg6,13.6536;0.6542;0.4279
C1Pb6Cs6,12.7377;0.967;0.9352
C1S6Mg6,13.2034;0.747;0.5579
C1S6Cs6,12.8119;0.9413;0.8861
C1F6Mg6,12.9866;0.7491;0.5612
C1F6Cs6,12.4148;0.9735;0.9478
C1V6Mg6,12.2558;0.809;0.6546
C1V6Cs6,11.4915;0.9336;0.8717
C1Ga6Nb6,13.1803;0.6124;0.3751
C1Ga6Mg6,11.2839;0.8221;0.6759
C1Ga6Cs6,10.6453;0.7922;0.6275
C1Sr6Mg6,13.027;0.7545;0.5693
C1Sr6Cs6,12.9225;0.9934;0.9868
C1Co6Mg6,12.8292;0.806;0.6496
C1Co6Cs6,10.6574;0.9675;0.936
C1Re6Mg6,12.6106;0.775;0.6007
C1Re6Cs6,12.3692;1.0207;1.0418
C1W6Y6,9.789;0.5182;0.2685
C1W6Mg6,12.9239;0.7284;0.5305
C1W6Cs6,13.0247;0.887;0.7868
C1N6Mg6,11.6801;0.6686;0.4471
C1N6Li6,10.1986;0.3959;0.1567
C1N6Ta6,9.937;0.1468;0.0215
C1N6Na6,11.2273;0.4679;0.2189
C1N6Br6,10.2647;0.3433;0.1178
C1N6Cs6,14.6847;0.6845;0.4686
C1Be6Mg6,13.4701;0.7496;0.5619
C1Be6Cs6,12.5001;0.9953;0.9907
C1Nb6Ni6,10.7877;0.4929;0.2429
C1Nb6Mg6,10.9988;0.6733;0.4533
C1Nb6Cs6,10.1529;0.7684;0.5905
C1Tl6Mg6,12.2931;0.7367;0.5427
C1Tl6Cs6,14.2973;0.9568;0.9155
C1Y6Ni6,9.5406;0.5392;0.2907
C1Y6B6,11.4378;0.7068;0.4996
C1Y6Pd6,13.6067;0.7989;0.6382
C1Y6Mg6,11.4634;0.7629;0.582
C1Y6Th6,10.1039;0.5277;0.2785
C1Y6I6,9.6496;0.4754;0.226
C1Y6Cs6,11.7598;0.8367;0.7001
C1Hf6Mg6,12.1989;0.7882;0.6213
C1Hf6Cs6,11.1858;0.9252;0.8561
C1Cl6Mg6,11.8737;0.7712;0.5947
C1Cl6Cs6,10.5435;0.8546;0.7303
C1Sm6Mg6,13.0045;0.7626;0.5816
C1Sm6Cs6,12.4355;1.0084;1.017
C1Ni6Mg6,11.6044;0.7548;0.5697
C1Ni6Cs6,11.025;1.0032;1.0065
C1Tb6Mg6,10.9388;0.8623;0.7435
C1Tb6Cs6,9.2978;0.8388;0.7036
C1B6Pd6,15.2824;0.5236;0.2741
C1B6Mg6,25.045;0.3047;0.0928
C1B6Th6,9.4525;0.6761;0.4571
C1B6Cs6,13.5213;0.8863;0.7856
C1Gd6Mg6,12.0184;0.8473;0.7179
C1Gd6Cs6,10.9666;0.9203;0.847
C1In6Mg6,12.3379;0.747;0.558
C1In6Cs6,11.6253;0.9756;0.9518
C1Pd6Mg6,12.6241;0.8195;0.6716
C1Pd6Th6,10.8032;0.611;0.3733
C1Pd6Cs6,12.6386;0.91;0.8281
C1Zr6Mg6,12.9644;0.7768;0.6034
C1Zr6Cs6,11.2825;0.9319;0.8684
C1Mn6Mg6,14.26;0.9909;0.9818
C1Mn6Cs6,11.9581;1.0309;1.0629
C1Ho6Mg6,13.0313;0.7588;0.5758
C1Ho6Cs6,12.4932;1.0006;1.0013
C1Se6Mg6,13.0385;0.7535;0.5677
C1Se6Cs6,12.417;0.994;0.9881
C1Ti6Mg6,13.0242;0.9296;0.8642
C1Ti6Cs6,10.5675;1.0361;1.0734
C1Hg6Mg6,12.1136;0.7613;0.5796
C1Hg6Cs6,14.5878;1.0243;1.0491
C1Eu6Mg6,13.059;0.7617;0.5801
C1Eu6Cs6,12.5094;1.0001;1.0002
C1Rb6Mg6,11.3873;0.7574;0.5737
C1Rb6Cs6,15.0029;1.0344;1.07
C1Pr6Mg6,12.4743;0.809;0.6545
C1Pr6Cs6,11.5957;0.9679;0.9368
C1Mg6Sb6,11.8218;0.7245;0.5249
C1Mg6Er6,13.0138;0.7655;0.5861
C1Mg6Rh6,10.9651;0.6447;0.4156
C1Mg6Au6,11.6074;0.7348;0.54
C1Mg6Zn6,11.4953;0.7894;0.6232
C1Mg6Li6,15.2975;0.9457;0.8943
C1Mg6Np6,13.0577;0.7633;0.5826
C1Mg6Si6,10.7078;0.7561;0.5718
C1Mg6P6,12.9951;0.7816;0.6109
C1Mg6Ta6,13.1882;0.7481;0.5596
C1Mg6Na6,13.6882;0.7154;0.5118
C1Mg6H6,13.0845;0.737;0.5432
C1Mg6Pt6,12.1725;0.76;0.5776
C1Mg6Ge6,12.0045;0.7921;0.6275
C1Mg6Pa6,13.0588;0.7639;0.5835
C1Mg6Te6,11.1625;0.6796;0.4619
C1Mg6Ir6,10.5472;0.7343;0.5392
C1Mg6Yb6,13.0962;0.7539;0.5684
C1Mg6T6,13.0771;0.7611;0.5793
C1Mg6Th6,12.9154;0.7436;0.553
C1Mg6Lu6,12.223;0.8163;0.6663
C1Mg6Ag6,12.6385;0.7858;0.6175
C1Mg6Cd6,11.5569;0.743;0.552
C1Mg6Br6,12.8249;0.7602;0.578
C1Mg6I6,13.1482;0.773;0.5976
C1Mg6Dy6,11.8299;0.8175;0.6683
C1Mg6Sc6,12.9176;0.7101;0.5043
C1Mg6Cr6,11.425;0.834;0.6955
C1Mg6D6,13.1763;0.7623;0.5811
C1Mg6Cs6,14.0674;0.9282;0.8615
C1Mg6Tc6,13.0964;0.7618;0.5803
C1Mg6Pu6,13.0058;0.7689;0.5912
C1Mg6Am6,13.0583;0.763;0.5822
C1Mg6Cm6,13.0582;0.7633;0.5826
C1Mg6Po6,13.0582;0.7633;0.5826
C1Sb6Cs6,11.7029;0.9606;0.9228
C1Er6Cs6,12.5617;1.015;1.0302
C1Rh6Cs6,10.8187;0.8297;0.6884
C1Au6Cs6,11.5985;1.0023;1.0045
C1Zn6Cs6,11.9267;1.0163;1.033
C1Li6Cs6,10.3508;0.852;0.7258
C1Np6Cs6,12.5006;1.0046;1.0092
C1Si6Cs6,11.0159;0.9536;0.9093
C1P6Cs6,12.468;1.0145;1.0293
C1Ta6Cs6,13.1763;0.9153;0.8377
C1Na6Cs6,11.3933;0.9864;0.973
C1H6Cs6,13.44;0.9753;0.9512
C1Pt6Cs6,12.094;0.9598;0.9212
C1Ge6Cs6,11.5947;0.9998;0.9996
C1Pa6Cs6,12.51;1.0018;1.0036
C1Te6Cs6,10.528;0.9748;0.9503
C1Ir6Cs6,9.741;0.8443;0.7128
C1Yb6Cs6,12.596;0.9953;0.9907
C1T6Cs6,12.5543;1.0049;1.0099
C1Th6Cs6,12.4999;0.9738;0.9483
C1Lu6Cs6,11.7422;0.8568;0.7341
C1Ag6Cs6,12.0138;1.0006;1.0012
C1Cd6Cs6,12.4646;1.0075;1.0151
C1Br6Cs6,12.3639;0.9699;0.9408
C1I6Cs6,12.7275;0.9895;0.979
C1Dy6Cs6,10.6924;0.9046;0.8183
C1Sc6Cs6,12.6109;0.9931;0.9862
C1Cr6Cs6,9.527;0.8913;0.7945
C1D6Cs6,12.7456;1.0042;1.0084
C1Cs6Tc6,12.6336;0.9826;0.9654
C1Cs6Pu6,12.4837;1.0062;1.0125
C1Cs6Am6,12.5039;1.0038;1.0077
C1Cs6Cm6,12.5032;1.0043;1.0087
C1Cs6Po6,12.5032;1.0043;1.0087
Gd1Ba6K6,11.7803;0.7681;0.5899
Gd1Ca6Li6,9.5858;0.4194;0.1759
Gd1Mo6C6,10.3193;0.3537;0.1251
Gd1Sn6Nb6,16.3348;0.2442;0.0596
Gd1V6Ga6,13.4593;0.3463;0.1199
Gd1Ga6Nb6,17.4055;0.4102;0.1683
Gd1Al6Nb6,13.9739;0.5345;0.2857
Gd1N6Nb6,12.3785;0.2199;0.0483
Gd1N6C6,9.919;0.5655;0.3197
Gd1N6Br6,10.8983;0.4293;0.1843
Gd1B6Mg6,22.6311;0.9816;0.9636
Gd1C6Mg6,10.3083;0.8602;0.7399
Gd1C6Cs6,14.8892;0.9544;0.9109
Gd1Mg6Li6,10.7786;0.9855;0.9712
In1Ba6K6,11.6402;0.7574;0.5737
In1Mo6C6,11.1387;0.2141;0.0458
In1Sn6Nb6,16.3618;0.2496;0.0623
In1V6Ga6,14.3342;0.3221;0.1038
In1Ga6Nb6,18.2123;0.3072;0.0944
In1Al6Nb6,14.4448;0.4393;0.193
In1N6Nb6,12.281;0.2253;0.0507
In1N6C6,10.658;0.4942;0.2443
In1N6Br6,10.7904;0.4317;0.1863
In1B6Mg6,22.7609;0.9678;0.9367
In1C6Mg6,11.0902;0.7462;0.5568
In1C6Cs6,16.103;0.9155;0.8381
In1Mg6Li6,10.6892;0.9652;0.9316
Pd1Ba6K6,11.3915;0.7592;0.5764
Pd1Mo6C6,11.3835;0.2314;0.0535
Pd1Sn6Nb6,12.304;0.4985;0.2485
Pd1V6Ga6,12.2816;0.424;0.1798
Pd1Ga6Nb6,13.0118;0.5743;0.3298
Pd1Al6Nb6,10.5962;0.5742;0.3298
Pd1N6C6,10.4538;0.4668;0.2179
Pd1N6Br6,10.4143;0.4413;0.1947
Pd1B6Mg6,22.1484;0.962;0.9254
Pd1C6Mg6,10.9795;0.7586;0.5755
Pd1C6Cs6,15.8008;0.9256;0.8567
Pd1Mg6Li6,10.2469;1.0074;1.0148
Zr1Ba6K6,11.7414;0.7589;0.5759
Zr1Mo6C6,11.1268;0.1181;0.014
Zr1Sn6Nb6,16.3218;0.2689;0.0723
Zr1V6Ga6,11.7936;0.4319;0.1865
Zr1Ga6Nb6,16.3579;0.5026;0.2526
Zr1Al6Nb6,13.4279;0.5228;0.2733
Zr1N6Nb6,13.3229;0.1656;0.0274
Zr1N6Cl6,10.1001;0.5151;0.2654
Zr1N6C6,11.1192;0.4555;0.2075
Zr1N6Li6,10.9252;0.3785;0.1432
Zr1N6Br6,12.1132;0.2846;0.081
Zr1B6Mg6,23.8583;1.0035;1.0071
Zr1C6Mg6,12.1915;0.7791;0.607
Zr1C6Cs6,16.3553;0.9218;0.8498
Zr1Mn6Mg6,9.9466;0.9113;0.8305
Zr1Mg6Li6,11.7654;1.0156;1.0314
Mn1Ba6K6,11.6891;0.7737;0.5987
Mn1Fe6Mg6,9.2017;0.8891;0.7904
Mn1Tm6Mg6,9.2372;0.8668;0.7514
Mn1Sn6Nb6,16.0272;0.2848;0.0811
Mn1Pb6Mg6,10.5672;0.9037;0.8167
Mn1S6Mg6,9.2376;0.8782;0.7713
Mn1F6Mg6,9.481;0.8663;0.7505
Mn1V6Ga6,12.2369;0.3921;0.1538
Mn1V6Mg6,9.9745;0.8291;0.6875
Mn1Ga6Nb6,16.4568;0.381;0.1452
Mn1Al6Nb6,14.0789;0.4825;0.2328
Mn1Sr6Mg6,9.2948;0.8499;0.7223
Mn1Re6Mg6,9.499;0.8162;0.6662
Mn1W6Mg6,9.4315;0.8576;0.7355
Mn1N6Nb6,12.2193;0.2473;0.0612
Mn1N6C6,10.3821;0.5586;0.312
Mn1N6Br6,10.5674;0.4681;0.2191
Mn1Be6Mg6,9.3468;0.7977;0.6363
Mn1Hf6Mg6,9.2707;0.8601;0.7398
Mn1Sm6Mg6,9.2317;0.8671;0.7518
Mn1B6Mg6,29.2883;0.8965;0.8037
Mn1C6Mg6,12.4009;1.0026;1.0053
Mn1C6Cs6,15.7193;0.8935;0.7983
Mn1Zr6Mg6,9.7461;0.8779;0.7707
Mn1Se6Mg6,9.3349;0.846;0.7158
Mn1Ti6Mg6,10.6622;0.8651;0.7484
Mn1Eu6Mg6,9.2603;0.8577;0.7357
Mn1Mg6Li6,13.7755;1.1206;1.2556
Mn1Mg6Np6,9.2373;0.8635;0.7456
Mn1Mg6Ta6,9.474;0.8644;0.7471
Mn1Mg6Na6,10.0486;0.9284;0.8618
Mn1Mg6H6,9.7003;0.8404;0.7063
Mn1Mg6Pa6,9.2509;0.8649;0.748
Mn1Mg6Yb6,9.1639;0.8724;0.7611
Mn1Mg6T6,9.3624;0.8639;0.7463
Mn1Mg6Lu6,9.2326;0.863;0.7447
Mn1Mg6I6,9.3952;0.8356;0.6983
Mn1Mg6Sc6,9.2226;0.8675;0.7526
Mn1Mg6Cr6,9.2229;0.8868;0.7864
Mn1Mg6D6,10.0182;0.8893;0.7909
Mn1Mg6Tc6,9.637;0.8474;0.7181
Mn1Mg6Pu6,9.2625;0.875;0.7656
Mn1Mg6Am6,9.2414;0.8641;0.7466
Mn1Mg6Cm6,9.2406;0.8637;0.7459
Mn1Mg6Po6,9.2406;0.8637;0.7459
Ho1Ba6K6,11.6682;0.796;0.6337
Ho1Ca6Li6,9.7327;0.3638;0.1324
Ho1Mo6C6,11.7938;0.1721;0.0296
Ho1Sn6Nb6,16.2208;0.2423;0.0587
Ho1V6Ga6,13.6586;0.4054;0.1644
Ho1Ga6Nb6,17.3228;0.4806;0.231
Ho1Al6Nb6,14.6257;0.4517;0.2041
Ho1N6Nb6,12.3916;0.217;0.0471
Ho1N6C6,10.8178;0.4955;0.2455
Ho1N6Br6,10.924;0.4337;0.1881
Ho1B6Mg6,23.0229;0.9512;0.9047
Ho1C6Mg6,11.3454;0.7587;0.5756
Ho1C6Cs6,16.4156;0.9272;0.8597
Ho1Mg6Li6,10.8242;0.9952;0.9905
Se1Ba6K6,11.8653;0.7743;0.5995
Se1Ca6Li6,9.8238;0.373;0.1392
Se1Mo6C6,11.4595;0.1958;0.0383
Se1Sn6Nb6,15.4715;0.3298;0.1088
Se1V6Ga6,15.2094;0.2593;0.0672
Se1Ga6Nb6,17.711;0.4343;0.1887
Se1Al6Nb6,14.245;0.5519;0.3046
Se1N6Nb6,11.7699;0.2599;0.0676
Se1N6C6,10.8016;0.5084;0.2584
Se1N6Br6,10.9163;0.4254;0.1809
Se1B6Mg6,23.0789;0.9395;0.8827
Se1C6Mg6,11.3019;0.7542;0.5688
Se1C6Cs6,16.3509;0.9185;0.8436
Se1Mg6Li6,10.8257;0.9849;0.9699
Ti1Ba6K6,11.8811;0.7725;0.5967
Ti1Ca6Li6,9.8348;0.3787;0.1434
Ti1Mo6C6,11.4952;0.1442;0.0208
Ti1Sn6Nb6,16.1052;0.2295;0.0526
Ti1V6Ga6,15.1539;0.244;0.0595
Ti1Ga6Nb6,18.4878;0.3258;0.1061
Ti1Al6Nb6,12.6522;0.458;0.2098
Ti1N6Nb6,14.1291;0.178;0.0317
Ti1N6C6,10.9379;0.4833;0.2336
Ti1N6Br6,11.2971;0.3929;0.1544
Ti1B6Mg6,24.655;1.0196;1.0396
Ti1C6Mg6,12.7063;0.9019;0.8134
Ti1C6Cs6,16.4876;0.9124;0.8325
Ti1Mn6Mg6,10.7468;0.9384;0.8805
Ti1Mg6Li6,12.148;0.9828;0.9659
Hg1Ba6K6,11.1622;0.672;0.4515
Hg1Ca6Li6,9.84;0.3799;0.1443
Hg1Mo6C6,11.8427;0.3151;0.0993
Hg1Sn6Nb6,16.4452;0.2376;0.0564
Hg1V6Ga6,15.2451;0.2516;0.0633
Hg1Ga6Nb6,18.6118;0.3096;0.0958
Hg1Al6Nb6,14.6447;0.4521;0.2044
Hg1N6Nb6,12.3965;0.216;0.0466
Hg1N6C6,10.9291;0.5106;0.2607
Hg1N6Br6,10.936;0.4289;0.184
Hg1B6Mg6,23.123;0.9248;0.8553
Hg1C6Mg6,11.5296;0.7722;0.5963
Hg1C6Cs6,18.6928;0.8101;0.6563
Hg1Mg6Li6,10.8413;0.9905;0.9811
Eu1Ba6K6,11.8763;0.7726;0.5969
Eu1Ca6Li6,9.8304;0.3789;0.1436
Eu1Mo6C6,11.7377;0.1924;0.037
Eu1Sn6Nb6,16.4617;0.241;0.0581
Eu1V6Ga6,15.2254;0.2618;0.0686
Eu1Ga6Nb6,18.5852;0.3197;0.1022
Eu1Al6Nb6,14.6134;0.4674;0.2185
Eu1N6Nb6,12.3925;0.2176;0.0474
Eu1N6C6,10.8184;0.5014;0.2514
Eu1N6Br6,10.9359;0.4289;0.1839
Eu1B6Mg6,23.0216;0.9339;0.8721
Eu1C6Mg6,11.3295;0.7675;0.5891
Eu1C6Cs6,16.3742;0.922;0.85
Eu1Mg6Li6,10.84;0.9908;0.9817
Rb1Ba6K6,13.1117;0.8242;0.6793
Rb1K6N6,9.5752;0.7791;0.607
Rb1Mo6C6,10.8921;0.4699;0.2208
Rb1Sn6Nb6,15.4161;0.3088;0.0953
Rb1V6Ga6,12.9524;0.468;0.219
Rb1Ga6Nb6,17.652;0.4498;0.2023
Rb1Al6Nb6,14.0244;0.5212;0.2716
Rb1N6Nb6,12.4685;0.2529;0.064
Rb1N6Cl6,10.824;0.5064;0.2564
Rb1N6C6,10.8089;0.5811;0.3376
Rb1N6Zr6,10.2741;0.3175;0.1008
Rb1N6Li6,9.6893;0.5535;0.3064
Rb1N6Br6,12.7749;0.4579;0.2097
Rb1N6Cs6,10.0431;0.8332;0.6942
Rb1B6Mg6,21.7979;0.888;0.7885
Rb1C6Mg6,11.3277;0.7282;0.5302
Rb1C6Cs6,18.5769;1.1113;1.2349
Rb1Mg6Li6,10.2238;0.9645;0.9302
Pr1Ba6K6,9.6828;0.6608;0.4367
Pr1Mo6C6,10.7585;0.3085;0.0951
Pr1Sn6Nb6,16.0287;0.2959;0.0876
Pr1V6Ga6,14.6881;0.3088;0.0953
Pr1Ga6Nb6,18.2689;0.3304;0.1092
Pr1Al6Nb6,13.3026;0.5375;0.2889
Pr1N6Nb6,12.2632;0.2067;0.0427
Pr1N6C6,10.2332;0.5563;0.3094
Pr1N6Br6,10.7654;0.4159;0.173
Pr1B6Mg6,22.7375;0.9514;0.9051
Pr1C6Mg6,10.7121;0.8144;0.6632
Pr1C6Cs6,15.3619;0.8902;0.7924
Pr1Mg6Li6,10.7268;0.9967;0.9934
Mg1Ba6K6,11.9123;0.7447;0.5545
Mg1Ca6Li6,9.8585;0.3289;0.1082
Mg1Mo6C6,11.7317;0.1864;0.0347
Mg1Sn6Nb6,16.4446;0.2173;0.0472
Mg1V6Ga6,14.7833;0.3664;0.1342
Mg1Ga6Nb6,18.5505;0.3207;0.1028
Mg1Al6Nb6,14.3427;0.4455;0.1985
Mg1N6Nb6,12.977;0.2606;0.0679
Mg1N6Cl6,11.583;0.6886;0.4742
Mg1N6C6,11.2651;0.5176;0.2679
Mg1N6Zr6,10.3438;0.403;0.1624
Mg1N6Li6,10.7645;0.5112;0.2613
Mg1N6Br6,11.7307;0.5096;0.2597
Mg1C6Cs6,16.2929;0.9069;0.8225
Sb1Ba6K6,11.1812;0.7933;0.6294
Sb1Ca6Li6,9.8404;0.3853;0.1485
Sb1Mo6C6,11.8658;0.1694;0.0287
Sb1Sn6Nb6,16.3255;0.2297;0.0528
Sb1V6Ga6,15.2243;0.247;0.061
Sb1Ga6Nb6,18.4647;0.3081;0.095
Sb1Al6Nb6,14.6094;0.45;0.2025
Sb1N6Nb6,12.4081;0.2253;0.0508
Sb1N6C6,10.8202;0.5007;0.2507
Sb1N6Br6,10.9325;0.4281;0.1833
Sb1Nb6Zr6,9.9729;0.1198;0.0144
Sb1B6Mg6,23.1391;0.9214;0.8489
Sb1C6Mg6,11.3309;0.7683;0.5903
Sb1C6Cs6,16.3776;0.92;0.8465
Sb1Mg6Li6,10.8421;0.9887;0.9776
Er1Ba6K6,11.7947;0.7847;0.6158
Er1Mo6C6,11.8402;0.1712;0.0293
Er1Sn6Nb6,15.8577;0.3036;0.0922
Er1V6Ga6,14.5785;0.3341;0.1116
Er1Ga6Nb6,18.5669;0.3154;0.0995
Er1Al6Nb6,14.5892;0.4395;0.1932
Er1N6Nb6,12.3923;0.218;0.0475
Er1N6C6,10.8374;0.4772;0.2278
Er1N6Br6,10.846;0.4467;0.1995
Er1B6Mg6,23.1447;0.9444;0.8919
Er1C6Mg6,11.369;0.7565;0.5722
Er1C6Cs6,16.4363;0.9381;0.8801
Er1Mg6Li6,10.7282;0.9957;0.9915
Rh1Ba6K6,11.0997;0.774;0.599
Rh1Mo6C6,9.8457;0.3212;0.1032
Rh1Sn6Nb6,11.5729;0.4387;0.1924
Rh1V6Ga6,12.8871;0.3921;0.1538
Rh1Ga6Nb6,13.6104;0.5061;0.2561
Rh1Al6Nb6,11.6693;0.5918;0.3503
Rh1N6Br6,9.9027;0.5051;0.2551
Rh1B6Mg6,21.2668;0.9388;0.8813
Rh1C6Mg6,9.5076;0.7485;0.5602
Rh1C6Cs6,13.2421;0.8583;0.7368
Rh1Mg6Li6,10.0448;0.8895;0.7912
Au1Ba6K6,11.9167;0.7671;0.5884
Au1Ca6Li6,9.853;0.3785;0.1433
Au1Mo6C6,11.8542;0.1699;0.0289
Au1Sn6Nb6,16.4787;0.2211;0.0489
Au1V6Ga6,12.6506;0.3839;0.1473
Au1Ga6Nb6,16.1367;0.3834;0.147
Au1Al6Nb6,14.6076;0.449;0.2016
Au1N6Nb6,12.374;0.2179;0.0475
Au1N6C6,10.8663;0.4774;0.2279
Au1N6Br6,10.9505;0.4316;0.1863
Au1B6Mg6,21.4441;0.8435;0.7115
Au1C6Mg6,11.5753;0.7517;0.5651
Au1C6Cs6,16.5282;0.9214;0.8489
Au1Pd6H6,10.7877;0.3105;0.0964
Au1Mn6Mg6,9.3314;0.9067;0.8221
Au1Mg6Li6,10.9801;0.9775;0.9554
Zn1Ba6K6,11.8562;0.78;0.6084
Zn1Ca6Li6,9.7469;0.3551;0.1261
Zn1Mo6C6,11.4819;0.206;0.0424
Zn1Sn6Nb6,16.4657;0.2318;0.0537
Zn1V6Ga6,15.0161;0.2836;0.0805
Zn1Ga6Nb6,17.8119;0.2932;0.086
Zn1Al6Nb6,14.3989;0.475;0.2256
Zn1N6Nb6,12.6894;0.2195;0.0482
Zn1N6C6,10.6396;0.4874;0.2375
Zn1N6Zr6,10.3293;0.2578;0.0665
Zn1N6Br6,11.3046;0.4103;0.1684
Zn1Nb6Zr6,10.3582;0.1728;0.0299
Zn1Nb6Ti6,9.9121;0.2165;0.0469
Zn1B6Mg6,22.7828;1.085;1.1773
Zn1C6Mg6,11.2736;0.8091;0.6547
Zn1C6Cs6,16.0349;0.8964;0.8036
Zn1Mg6Li6,10.807;0.9597;0.9211
Li1Ba6K6,10.5065;0.841;0.7073
Li1Ba6Mg6,9.6654;0.9553;0.9126
Li1Fe6Mg6,10.7809;1.0275;1.0558
Li1As6Mg6,10.0182;1.0244;1.0495
Li1Ca6Mg6,10.4237;0.9177;0.8422
Li1Cu6Mg6,9.0551;0.9847;0.9696
Li1O6Mg6,10.5855;0.907;0.8226
Li1Ru6Mg6,10.3178;0.9522;0.9068
Li1Tm6Mg6,10.9881;0.9625;0.9265
Li1Os6Mg6,10.5038;0.9942;0.9883
Li1Sn6Nb6,13.6524;0.5206;0.271
Li1Sn6Mg6,10.2084;0.9766;0.9538
Li1Nd6Mg6,10.8507;0.9579;0.9176
Li1Pb6Mg6,11.9654;0.9283;0.8617
Li1S6Mg6,10.7014;0.9378;0.8795
Li1F6Mg6,11.0922;0.9644;0.9301
Li1V6Ga6,11.9695;0.445;0.198
Li1V6Mg6,10.881;0.9836;0.9674
Li1Ga6Nb6,15.6653;0.5921;0.3506
Li1Ga6Mg6,9.4263;0.992;0.984
Li1Al6Nb6,11.7797;0.5914;0.3498
Li1Sr6Mg6,10.9589;0.9675;0.9361
Li1Co6Mg6,10.7014;1.0331;1.0674
Li1Re6Mg6,11.1129;0.9423;0.888
Li1W6Mg6,10.7866;0.9843;0.9689
Li1N6Nb6,12.153;0.3574;0.1277
Li1N6Hf6,11.3401;0.6747;0.4552
Li1N6Cl6,11.5596;0.569;0.3238
Li1N6C6,10.596;0.4567;0.2086
Li1N6Zr6,10.9239;0.3676;0.1351
Li1N6Mg6,11.3397;0.8932;0.7978
Li1N6Na6,9.5073;0.5329;0.2839
Li1N6Br6,13.029;0.5496;0.302
Li1Be6Mg6,10.4144;0.9318;0.8682
Li1Nb6Mg6,9.4237;0.7376;0.5441
Li1Tl6Mg6,10.2181;0.9154;0.8379
Li1Y6Mg6,9.7868;0.9698;0.9404
Li1Hf6Cl6,10.3875;0.6578;0.4327
Li1Hf6Mg6,11.7091;0.9472;0.8973
Li1Cl6Mg6,11.1118;0.8647;0.7477
Li1Sm6Mg6,10.9708;0.9651;0.9313
Li1Ni6Mg6,10.1598;0.9643;0.9299
Li1Tb6Mg6,10.8964;0.9625;0.9264
Li1B6Mg6,23.7399;0.9696;0.9401
Li1C6Mg6,13.421;0.9921;0.9844
Li1C6Cs6,12.3473;0.9763;0.9531
Li1Gd6Mg6,10.8606;0.9576;0.9171
Li1In6Mg6,10.8795;0.9666;0.9343
Li1Pd6Mg6,9.9854;0.9795;0.9593
Li1Zr6Mg6,11.7104;0.9749;0.9503
Li1Mn6Mg6,13.9331;1.1422;1.3046
Li1Ho6Mg6,10.8731;0.9717;0.9442
Li1Se6Mg6,10.3224;0.9619;0.9253
Li1Ti6Mg6,12.0541;1.0049;1.0098
Li1Hg6Mg6,9.268;0.9496;0.9017
Li1Eu6Mg6,10.9942;0.9628;0.9271
Li1Rb6Mg6,10.0869;0.8844;0.7822
Li1Pr6Mg6,10.8127;0.967;0.9351
Li1Mg6Sb6,9.7939;0.9923;0.9847
Li1Mg6Er6,10.7889;0.9913;0.9828
Li1Mg6Rh6,9.3686;0.8634;0.7454
Li1Mg6Au6,9.1876;0.9853;0.9708
Li1Mg6Np6,10.987;0.9591;0.9198
Li1Mg6Si6,9.2989;0.8797;0.7738
Li1Mg6P6,10.7391;0.9628;0.9271
Li1Mg6Ta6,10.1301;0.9501;0.9026
Li1Mg6Na6,11.5909;0.8597;0.7391
Li1Mg6H6,10.0713;0.9331;0.8706
Li1Mg6Pt6,9.1616;0.849;0.7208
Li1Mg6Ge6,10.0636;0.9551;0.9122
Li1Mg6Pa6,10.9969;0.9582;0.9181
Li1Mg6Te6,9.3768;1.019;1.0384
Li1Mg6Ir6,9.791;0.9593;0.9203
Li1Mg6Yb6,10.9392;0.9574;0.9167
Li1Mg6T6,11.0406;0.9612;0.924
Li1Mg6Th6,10.7194;0.9732;0.9472
Li1Mg6Lu6,10.858;0.9903;0.9807
Li1Mg6Ag6,10.2503;0.9909;0.9818
Li1Mg6Cd6,9.2264;1.0897;1.1874
Li1Mg6Br6,11.1767;0.9663;0.9337
Li1Mg6I6,11.0148;0.955;0.9121
Li1Mg6Dy6,10.8994;0.9759;0.9523
Li1Mg6Sc6,10.7957;0.956;0.9139
Li1Mg6Cr6,10.6614;1.0066;1.0132
Li1Mg6D6,11.284;0.9899;0.98
Li1Mg6Cs6,10.5843;0.9459;0.8947
Li1Mg6Tc6,11.1594;0.9551;0.9122
Li1Mg6Pu6,10.8369;0.9605;0.9225
Li1Mg6Am6,10.9898;0.9601;0.9218
Li1Mg6Cm6,10.9894;0.9601;0.9219
Li1Mg6Po6,10.9894;0.9601;0.9219
Np1Ba6K6,11.8785;0.7733;0.5979
Np1Ca6Li6,9.8425;0.3782;0.143
Np1Mo6C6,11.8664;0.1702;0.029
Np1Sn6Nb6,16.5161;0.224;0.0502
Np1V6Ga6,14.8729;0.2892;0.0836
Np1Ga6Nb6,18.3264;0.3191;0.1018
Np1Al6Nb6,14.646;0.4529;0.2051
Np1N6Nb6,12.3965;0.216;0.0466
Np1N6C6,10.821;0.5011;0.2511
Np1N6Br6,10.9361;0.4289;0.1839
Np1B6Mg6,23.1256;0.9274;0.8601
Np1C6Mg6,11.3297;0.7679;0.5896
Np1C6Cs6,16.3764;0.9221;0.8503
Np1Mg6Li6,10.8431;0.9899;0.9799
Si1Ba6K6,11.8182;0.7863;0.6183
Si1Mo6C6,11.7845;0.1786;0.0319
Si1Sn6Nb6,15.9856;0.2331;0.0544
Si1V6Ga6,14.3743;0.2983;0.089
Si1Ga6Nb6,18.3461;0.3293;0.1084
Si1Al6Nb6,13.2673;0.535;0.2862
Si1N6Nb6,13.5624;0.2539;0.0645
Si1N6C6,10.8654;0.5102;0.2603
Si1N6Br6,10.9915;0.4473;0.2001
Si1Nb6Zr6,9.911;0.1483;0.022
Si1B6Mg6,22.9368;0.8937;0.7987
Si1C6Mg6,11.3139;0.7519;0.5653
Si1C6Cs6,16.3288;0.9248;0.8553
Si1Mg6Li6,10.7243;0.9887;0.9775
P1Ba6K6,11.0524;0.787;0.6193
P1Ca6Li6,9.8746;0.3875;0.1502
P1Mo6C6,11.7267;0.2068;0.0428
P1Sn6Nb6,16.5093;0.2298;0.0528
P1V6Ga6,15.1982;0.2528;0.0639
P1Ga6Nb6,18.6087;0.3097;0.0959
P1Al6Nb6,15.0773;0.4037;0.163
P1N6Nb6,12.3965;0.216;0.0466
P1N6C6,10.7538;0.5059;0.256
P1N6Br6,10.943;0.4316;0.1862
P1B6Mg6,23.1271;0.9134;0.8343
P1C6Mg6,11.2633;0.7852;0.6165
P1C6Cs6,16.2898;0.9285;0.862
P1Mg6Li6,10.8393;0.987;0.9743
Ta1Ba6K6,11.1627;0.7967;0.6348
Ta1Ca6Li6,9.5828;0.4173;0.1741
Ta1Mo6C6,10.7747;0.1827;0.0334
Ta1Sn6Nb6,15.8955;0.1837;0.0337
Ta1V6Ga6,14.6532;0.3126;0.0977
Ta1Ga6Nb6,17.8907;0.3877;0.1503
Ta1Al6Nb6,13.4183;0.5049;0.255
Ta1N6Nb6,12.1687;0.2207;0.0487
Ta1N6C6,11.3963;0.4688;0.2197
Ta1N6Br6,10.9122;0.437;0.1909
Ta1Nb6Zr6,10.325;0.057;0.0033
Ta1B6Mg6,23.0988;0.9316;0.868
Ta1C6Mg6,12.1077;0.7218;0.521
Ta1C6Cs6,17.4484;0.8529;0.7275
Ta1Mg6Li6,10.7627;1.0045;1.009
Na1Ba6K6,11.3682;0.8354;0.6978
Na1Ca6Li6,9.8551;0.348;0.1211
Na1Mo6C6,11.519;0.1931;0.0373
Na1Sn6Nb6,16.5075;0.2276;0.0518
Na1V6Ga6,15.1129;0.2613;0.0683
Na1Ga6Nb6,18.6108;0.3157;0.0997
Na1Al6Nb6,14.6427;0.4539;0.206
Na1N6Nb6,13.0906;0.2021;0.0408
Na1N6Cl6,11.3257;0.5569;0.3101
Na1N6C6,13.8441;0.6505;0.4231
Na1N6Zr6,10.9604;0.3268;0.1068
Na1N6Li6,10.346;0.5666;0.3211
Na1N6Br6,12.7497;0.4263;0.1818
Na1N6Cs6,9.8911;0.7762;0.6026
Na1B6Mg6,24.1409;0.9669;0.9349
Na1C6Mg6,11.9626;0.7698;0.5926
Na1C6Cs6,14.0737;0.9048;0.8187
Na1Mn6Mg6,9.865;0.9238;0.8533
Na1Mg6Li6,11.4798;0.8976;0.8057
H1Ba6K6,11.9139;0.7347;0.5399
H1Ca6Li6,9.6621;0.3937;0.155
H1Mo6C6,11.7545;0.192;0.0369
H1Sn6Nb6,16.1754;0.254;0.0645
H1V6Ga6,14.0748;0.3469;0.1203
H1Ga6Nb6,18.2416;0.3281;0.1077
H1Al6Nb6,14.2692;0.4655;0.2167
H1N6Nb6,12.076;0.2311;0.0534
H1N6C6,10.6264;0.5941;0.3529
H1N6Br6,10.8036;0.4402;0.1938
H1B6Mg6,23.1988;0.9172;0.8413
H1C6Mg6,11.5308;0.7179;0.5154
H1C6Cs6,17.0932;0.9409;0.8853
H1Mn6Mg6,9.3473;0.8601;0.7397
H1Mg6Li6,10.796;0.9969;0.9939
Pt1Ba6K6,11.836;0.7719;0.5959
Pt1Mo6Re6,10.1343;0.1177;0.0138
Pt1Mo6C6,11.5548;0.197;0.0388
Pt1Sn6Nb6,16.1143;0.2921;0.0853
Pt1V6Ga6,15.0467;0.2708;0.0733
Pt1Ga6Nb6,18.2501;0.366;0.1339
Pt1Al6Nb6,14.2048;0.4872;0.2374
Pt1N6Nb6,12.1436;0.2413;0.0582
Pt1N6C6,10.6205;0.5268;0.2775
Pt1N6Br6,10.9097;0.4288;0.1839
Pt1B6Mg6,23.0755;0.9361;0.8763
Pt1C6Mg6,11.0496;0.745;0.555
Pt1C6Cs6,15.9737;0.9191;0.8447
Pt1Mg6Li6,10.1854;0.946;0.895
Ge1Ba6K6,11.5069;0.7748;0.6003
Ge1Mo6C6,11.6696;0.1638;0.0268
Ge1Sn6Nb6,15.4903;0.3192;0.1019
Ge1V6Ga6,14.4579;0.314;0.0986
Ge1Ga6Nb6,16.2265;0.3877;0.1503
Ge1Al6Nb6,11.9844;0.5981;0.3577
Ge1N6Nb6,11.6452;0.3169;0.1004
Ge1N6C6,10.9952;0.4989;0.2489
Ge1N6Br6,10.7039;0.4322;0.1868
Ge1B6Mg6,22.7202;0.9626;0.9266
Ge1C6Mg6,11.7063;0.7047;0.4966
Ge1C6Cs6,16.9939;0.8835;0.7807
Ge1Mg6Li6,10.6934;0.9651;0.9315
Pa1Ba6K6,11.8782;0.7735;0.5983
Pa1Ca6Li6,9.8453;0.3806;0.1449
Pa1Mo6C6,11.8664;0.1702;0.029
Pa1Sn6Nb6,16.5161;0.224;0.0502
Pa1V6Ga6,15.2496;0.25;0.0625
Pa1Ga6Nb6,18.6146;0.3103;0.0963
Pa1Al6Nb6,14.646;0.4529;0.2051
Pa1N6Nb6,12.3965;0.216;0.0466
Pa1N6C6,10.821;0.5011;0.2511
Pa1N6Br6,10.9361;0.4289;0.1839
Pa1B6Mg6,23.1256;0.9274;0.8601
Pa1C6Mg6,11.3297;0.7679;0.5896
Pa1C6Cs6,16.3765;0.9221;0.8503
Pa1Mg6Li6,10.8431;0.9899;0.9799
Te1Ba6K6,10.4758;0.7887;0.6221
Te1Mo6C6,9.9728;0.2977;0.0886
Te1Sn6Nb6,13.0576;0.4735;0.2242
Te1V6Ga6,11.8805;0.5044;0.2544
Te1Ga6Nb6,15.3278;0.5316;0.2826
Te1Al6Nb6,12.3622;0.5776;0.3336
Te1N6Nb6,10.6316;0.3027;0.0916
Te1B6Mg6,19.7862;1.0504;1.1034
Te1C6Mg6,9.8811;0.7175;0.5148
Te1C6Cs6,13.8352;0.9671;0.9353
Te1Mg6Li6,9.4976;1.0003;1.0007
Ir1Ba6K6,10.6734;0.6959;0.4842
Ir1Mo6C6,10.0736;0.3171;0.1006
Ir1Sn6Nb6,12.8473;0.465;0.2162
Ir1V6Ga6,12.2273;0.4202;0.1766
Ir1Ga6Nb6,14.9413;0.5611;0.3148
Ir1Al6Nb6,12.028;0.5667;0.3211
Ir1N6Nb6,10.2584;0.3116;0.0971
Ir1B6Mg6,19.0621;1.0365;1.0742
Ir1C6Mg6,10.0243;0.6681;0.4463
Ir1C6Cs6,13.7485;0.8273;0.6844
Ir1Mg6Li6,9.7585;0.9722;0.9451
Yb1Ba6K6,11.8692;0.7754;0.6013
Yb1Ca6Li6,9.8087;0.3868;0.1496
Yb1Mo6C6,11.7788;0.1834;0.0337
Yb1Sn6Nb6,16.431;0.234;0.0548
Yb1V6Ga6,13.6863;0.3745;0.1403
Yb1Ga6Nb6,17.2715;0.3822;0.1461
Yb1Al6Nb6,14.6458;0.4526;0.2049
Yb1N6Nb6,12.3965;0.216;0.0466
Yb1N6C6,10.9472;0.4909;0.241
Yb1N6Br6,10.9343;0.4301;0.1849
Yb1B6Mg6,22.8096;0.9757;0.9519
Yb1C6Mg6,11.5123;0.7517;0.565
Yb1C6Cs6,16.6331;0.9006;0.8111
Yb1Mg6Li6,10.8395;0.9896;0.9794
T1Ba6K6,11.8782;0.7735;0.5983
T1Ca6Li6,9.8453;0.3806;0.1449
T1Mo6C6,11.8664;0.1702;0.029
T1Sn6Nb6,16.5161;0.224;0.0502
T1V6Ga6,15.2261;0.2648;0.0701
T1Ga6Nb6,18.6146;0.3103;0.0963
T1Al6Nb6,14.646;0.4529;0.2051
T1N6Nb6,12.3965;0.216;0.0466
T1N6C6,10.821;0.5011;0.2511
T1N6Br6,10.9361;0.4289;0.1839
T1B6Mg6,23.1256;0.9274;0.8601
T1C6Mg6,11.3297;0.7679;0.5896
T1C6Cs6,16.3765;0.9221;0.8503
T1Mg6Li6,10.8431;0.9899;0.9799
U1Ba6K6,9.5942;0.8555;0.7319
U1Sn6Nb6,12.0456;0.4819;0.2323
U1Ga6Nb6,13.662;0.5778;0.3338
U1Al6Nb6,10.0814;0.5599;0.3134
U1N6Nb6,10.2274;0.4234;0.1793
U1B6Mg6,18.0257;1.0476;1.0976
U1C6Cs6,12.5453;0.8766;0.7684
Th1Ba6K6,11.7715;0.7907;0.6252
Th1La6C6,11.1713;0.2563;0.0657
Th1Mo6C6,11.8466;0.175;0.0306
Th1Sn6Nb6,16.1304;0.2568;0.0659
Th1V6Ga6,14.7108;0.2891;0.0836
Th1Ga6Nb6,18.3017;0.3311;0.1096
Th1Al6Nb6,14.3144;0.469;0.22
Th1N6Nb6,12.2763;0.2336;0.0546
Th1N6C6,11.1699;0.4928;0.2428
Th1N6Br6,10.8036;0.4554;0.2074
Th1Y6C6,10.0002;0.2418;0.0585
Th1B6Mg6,22.8846;0.9776;0.9556
Th1C6Mg6,12.0407;0.7411;0.5492
Th1C6Cs6,17.387;0.8498;0.7221
Th1Mg6Li6,10.7248;0.9769;0.9543
Lu1Ba6K6,11.8295;0.7771;0.6039
Lu1Mo6C6,11.6864;0.1944;0.0378
Lu1Sn6Nb6,16.3536;0.242;0.0586
Lu1V6Ga6,14.3051;0.3759;0.1413
Lu1Ga6Nb6,18.5369;0.3083;0.095
Lu1Al6Nb6,14.3812;0.4906;0.2407
Lu1N6Nb6,12.3942;0.2182;0.0476
Lu1N6C6,10.9442;0.4808;0.2312
Lu1N6Br6,10.8234;0.4299;0.1848
Lu1B6Mg6,23.1371;0.9417;0.8869
Lu1C6Mg6,11.5778;0.7315;0.5351
Lu1C6Cs6,16.5904;0.7971;0.6354
Lu1Mg6Li6,10.7133;0.9941;0.9883
Ag1Ba6K6,11.8708;0.7764;0.6029
Ag1Ca6Li6,9.8556;0.3734;0.1394
Ag1Mo6C6,11.8606;0.1674;0.028
Ag1Sn6Nb6,16.4322;0.242;0.0586
Ag1S6D6,9.4208;0.6596;0.435
Ag1V6Ga6,15.2023;0.2513;0.0631
Ag1Ga6Nb6,18.6093;0.3144;0.0988
Ag1Al6Nb6,13.4391;0.5453;0.2973
Ag1N6Nb6,12.3959;0.2165;0.0469
Ag1N6C6,10.8247;0.5046;0.2546
Ag1N6Br6,10.9463;0.4337;0.1881
Ag1B6Mg6,23.2041;0.9216;0.8494
Ag1C6Mg6,11.3479;0.7652;0.5856
Ag1C6Cs6,16.3964;0.9272;0.8597
Ag1Mn6Mg6,9.1466;0.8626;0.7441
Ag1Mg6Li6,10.8667;0.9984;0.9968
Cd1Ba6K6,11.8647;0.7674;0.5889
Cd1Ca6Li6,9.7518;0.3951;0.1561
Cd1Mo6C6,11.5776;0.1874;0.0351
Cd1Sn6Nb6,16.4601;0.2446;0.0598
Cd1V6Ga6,15.0605;0.2571;0.0661
Cd1Ga6Nb6,18.5476;0.3296;0.1086
Cd1Al6Nb6,14.6119;0.4481;0.2008
Cd1N6Nb6,12.3769;0.2246;0.0504
Cd1N6C6,10.8161;0.4998;0.2498
Cd1N6Br6,10.918;0.4304;0.1852
Cd1B6Mg6,23.0712;0.9397;0.883
Cd1C6Mg6,11.3213;0.7709;0.5943
Cd1C6Cs6,16.3578;0.9271;0.8595
Cd1Mg6Li6,10.817;0.9939;0.9879
Br1Ba6K6,11.8627;0.7181;0.5157
Br1Ca6Li6,10.3985;0.4455;0.1985
Br1Mo6C6,11.5782;0.2247;0.0505
Br1Sn6Nb6,15.9842;0.3077;0.0947
Br1V6Ga6,14.4309;0.3949;0.1559
Br1Ga6Nb6,18.0913;0.3967;0.1573
Br1Al6Nb6,14.3447;0.4742;0.2249
Br1N6Nb6,12.7773;0.2491;0.0621
Br1N6Cl6,9.769;0.4845;0.2347
Br1N6C6,11.233;0.4753;0.2259
Br1N6Zr6,10.5063;0.2563;0.0657
Br1N6Li6,11.9363;0.5837;0.3407
Br1B6Mg6,22.5252;0.9707;0.9422
Br1C6Mg6,11.2501;0.7339;0.5386
Br1C6Cs6,16.0786;0.8734;0.7628
Br1Mg6Li6,11.1875;0.9935;0.987
I1Ba6K6,11.8751;0.7776;0.6047
I1Ca6Li6,9.7387;0.3715;0.138
I1Mo6C6,11.8621;0.1714;0.0294
I1Sn6Nb6,16.4892;0.2215;0.0491
I1V6Ga6,15.0616;0.2798;0.0783
I1Ga6Nb6,18.5988;0.3165;0.1002
I1Al6Nb6,14.631;0.4492;0.2017
I1N6Nb6,12.3965;0.216;0.0466
I1N6C6,10.8186;0.5073;0.2574
I1N6Br6,10.9039;0.4201;0.1765
I1B6Mg6,23.1189;0.9298;0.8646
I1C6Mg6,11.3657;0.762;0.5807
I1C6Cs6,16.4319;0.9192;0.845
I1Mg6Li6,10.8226;0.9912;0.9826
Dy1Ba6K6,11.8671;0.7783;0.6057
Dy1Ca6Li6,9.785;0.373;0.1391
Dy1Mo6C6,11.5473;0.1933;0.0374
Dy1Sn6Nb6,16.3951;0.2393;0.0573
Dy1V6Ga6,14.8881;0.2863;0.0819
Dy1Ga6Nb6,18.3126;0.313;0.098
Dy1Al6Nb6,14.6273;0.4639;0.2152
Dy1N6Nb6,12.3848;0.214;0.0458
Dy1N6C6,10.5973;0.5315;0.2825
Dy1N6Br6,10.9252;0.4328;0.1873
Dy1B6Mg6,22.9965;0.9139;0.8352
Dy1C6Mg6,10.9572;0.7812;0.6102
Dy1C6Cs6,15.9712;0.9271;0.8596
Dy1Mg6Li6,10.833;0.9863;0.9728
Sc1Ba6K6,11.8926;0.7686;0.5908
Sc1Ca6Li6,9.6583;0.3848;0.1481
Sc1Mo6C6,11.8203;0.1726;0.0298
Sc1Sn6Nb6,16.4465;0.2385;0.0569
Sc1V6Ga6,15.0476;0.2821;0.0796
Sc1Ga6Nb6,18.5934;0.3239;0.1049
Sc1Al6Nb6,14.6246;0.4627;0.2141
Sc1N6Nb6,12.3954;0.2158;0.0466
Sc1N6C6,10.8176;0.5023;0.2523
Sc1N6Br6,10.911;0.4283;0.1835
Sc1B6Mg6,18.1261;0.9906;0.9813
Sc1C6Mg6,11.2333;0.7108;0.5052
Sc1C6Cs6,16.3939;0.9066;0.822
Sc1Mg6Li6,10.6023;0.9514;0.9051
Cr1Ba6K6,11.699;0.7745;0.5998
Cr1Mo6C6,10.6901;0.2873;0.0825
Cr1Sn6Nb6,15.0433;0.4083;0.1667
Cr1V6Ga6,14.0445;0.3225;0.104
Cr1Ga6Nb6,16.2698;0.4453;0.1983
Cr1Al6Nb6,12.8081;0.4287;0.1838
Cr1N6C6,10.2398;0.5539;0.3068
Cr1N6Br6,10.0869;0.4696;0.2205
Cr1B6Mg6,22.8018;0.9797;0.9597
Cr1C6Mg6,11.4877;0.7906;0.6251
Cr1C6Cs6,15.7896;1.0097;1.0195
Cr1Mn6Mg6,9.31;0.8401;0.7057
Cr1Mg6Li6,10.916;0.9902;0.9804
D1Ba6K6,11.9676;0.7566;0.5724
D1Ca6Li6,9.7263;0.3764;0.1416
D1Mo6C6,11.8629;0.173;0.0299
D1Sn6Nb6,16.4818;0.2268;0.0514
D1V6Ga6,14.4328;0.3162;0.1
D1Ga6Nb6,18.5768;0.3078;0.0947
D1Al6Nb6,14.6293;0.4549;0.207
D1N6Nb6,12.3734;0.2195;0.0482
D1N6C6,10.8248;0.5025;0.2525
D1N6Br6,10.9347;0.4289;0.1839
D1B6Mg6,23.2053;0.8984;0.8072
D1C6Mg6,11.34;0.7643;0.5842
D1C6Cs6,16.3918;0.9195;0.8454
D1Mn6Mg6,9.1769;0.846;0.7157
D1Mg6Li6,10.8268;0.9779;0.9564
Cs1Ba6K6,11.4038;0.7905;0.6249
Cs1Ba6C6,14.0404;0.8667;0.7511
Cs1K6C6,9.6415;0.8378;0.7019
Cs1Fe6C6,15.3346;0.9237;0.8532
Cs1As6C6,15.4334;0.9128;0.8332
Cs1Ca6C6,16.8245;0.8754;0.7664
Cs1La6C6,17.108;0.8629;0.7446
Cs1Cu6C6,16.3634;0.9211;0.8484
Cs1O6C6,15.5687;0.9275;0.8603
Cs1Mo6C6,17.0048;0.6445;0.4154
Cs1Ru6C6,15.0439;0.8419;0.7088
Cs1Tm6C6,16.4869;0.9071;0.8229
Cs1Os6C6,15.4817;0.9536;0.9094
Cs1Sn6Nb6,15.3348;0.2821;0.0796
Cs1Sn6C6,15.979;0.8653;0.7487
Cs1Nd6C6,15.938;0.9126;0.8328
Cs1Bi6C6,15.1477;0.9511;0.9046
Cs1Pb6C6,16.2768;0.844;0.7123
Cs1S6C6,16.879;0.8322;0.6925
Cs1F6C6,15.9982;0.8882;0.7889
Cs1V6Ga6,12.7689;0.4432;0.1965
Cs1V6C6,14.5056;0.9167;0.8403
Cs1Ga6Nb6,17.5195;0.4293;0.1843
Cs1Ga6C6,13.658;0.9363;0.8767
Cs1Al6Nb6,14.0284;0.5387;0.2902
Cs1Al6C6,10.249;0.94;0.8836
Cs1Sr6C6,16.6509;0.94;0.8836
Cs1Co6C6,14.1711;0.9394;0.8825
Cs1Re6C6,16.4552;0.9414;0.8862
Cs1W6C6,17.1881;0.7543;0.569
Cs1N6Nb6,13.1611;0.4279;0.1831
Cs1N6Cl6,9.4357;0.6201;0.3845
Cs1N6C6,19.1358;0.7423;0.5511
Cs1N6Zr6,10.8199;0.477;0.2275
Cs1N6Rb6,9.853;0.8812;0.7766
Cs1N6Li6,10.4668;0.5667;0.3212
Cs1N6Na6,9.7392;0.7488;0.5607
Cs1N6Br6,11.9104;0.5565;0.3097
Cs1Be6C6,16.5699;0.9127;0.833
Cs1Nb6C6,13.0399;0.7533;0.5674
Cs1Tl6C6,18.1168;0.7983;0.6373
Cs1Y6C6,14.9802;0.6909;0.4773
Cs1Hf6C6,14.6507;0.7518;0.5652
Cs1Cl6C6,13.1299;0.855;0.731
Cs1Sm6C6,16.4303;0.8827;0.7792
Cs1Ni6C6,15.0304;0.8754;0.7663
Cs1Tb6C6,13.1245;0.861;0.7414
Cs1Ce6C6,9.6542;0.8669;0.7516
Cs1B6C6,15.4961;0.8675;0.7526
Cs1B6Mg6,21.6627;0.998;0.996
Cs1C6Gd6,14.9497;0.9501;0.9026
Cs1C6In6,15.5838;0.8875;0.7877
Cs1C6Pd6,14.6237;0.8943;0.7998
Cs1C6Zr6,15.1102;0.8382;0.7026
Cs1C6Mn6,15.6483;0.8896;0.7915
Cs1C6Ho6,16.6514;0.9132;0.8339
Cs1C6Se6,16.2386;0.9652;0.9315
Cs1C6Ti6,14.1573;0.9904;0.9808
Cs1C6Hg6,18.8726;0.8102;0.6563
Cs1C6Eu6,16.6032;0.9131;0.8338
Cs1C6Rb6,17.8637;1.133;1.2836
Cs1C6Pr6,15.4374;0.887;0.7869
Cs1C6Mg6,15.2203;0.8841;0.7816
Cs1C6Sb6,15.3746;0.9315;0.8678
Cs1C6Er6,16.87;0.8935;0.7983
Cs1C6Rh6,13.4913;0.8522;0.7263
Cs1C6Au6,15.1665;1.0221;1.0447
Cs1C6Zn6,15.9046;0.9042;0.8176
Cs1C6Li6,11.9108;0.9642;0.9296
Cs1C6Np6,16.6051;0.9137;0.8348
Cs1C6Si6,14.3416;1.0049;1.0099
Cs1C6P6,16.5013;0.9267;0.8587
Cs1C6Ta6,18.1654;0.821;0.6741
Cs1C6Na6,14.3238;0.8906;0.7931
Cs1C6H6,17.5409;0.8903;0.7926
Cs1C6Pt6,15.9912;0.8614;0.7421
Cs1C6Ge6,15.5699;0.8868;0.7864
Cs1C6Pa6,16.606;0.9133;0.8341
Cs1C6Te6,13.4219;0.9654;0.932
Cs1C6Ir6,12.7445;0.8634;0.7454
Cs1C6Yb6,16.8618;0.8957;0.8023
Cs1C6T6,16.6099;0.913;0.8336
Cs1C6U6,10.609;0.8823;0.7785
Cs1C6Th6,16.3998;0.8657;0.7495
Cs1C6Lu6,16.0182;0.7913;0.6262
Cs1C6Ag6,15.8615;0.93;0.8649
Cs1C6Cd6,16.5521;0.9126;0.8327
Cs1C6Br6,16.3477;0.8534;0.7283
Cs1C6I6,16.6496;0.9068;0.8224
Cs1C6Dy6,14.493;0.8466;0.7167
Cs1C6Sc6,15.5397;0.9192;0.8449
Cs1C6Cr6,13.2749;0.9098;0.8278
Cs1C6D6,16.6831;0.9052;0.8194
Cs1C6Tc6,16.6213;0.9159;0.8388
Cs1C6Pu6,16.5272;0.9382;0.8803
Cs1C6Am6,16.6053;0.9137;0.8348
Cs1C6Cm6,16.6053;0.9137;0.8348
Cs1C6Po6,16.6053;0.9137;0.8348
Cs1Mg6Li6,10.454;0.9689;0.9388
Tc1Ba6K6,11.8876;0.7752;0.6009
Tc1Ca6Li6,9.8511;0.3812;0.1453
Tc1Mo6C6,11.8664;0.1702;0.029
Tc1Sn6Nb6,16.4977;0.2223;0.0494
Tc1V6Ga6,15.2327;0.256;0.0655
Tc1Ga6Nb6,18.604;0.3048;0.0929
Tc1Al6Nb6,14.6272;0.4458;0.1987
Tc1N6Nb6,12.3824;0.2172;0.0472
Tc1N6C6,10.821;0.5011;0.2511
Tc1N6Br6,10.9427;0.4278;0.183
Tc1B6Mg6,23.1366;0.9242;0.8542
Tc1C6Mg6,11.3321;0.7674;0.5888
Tc1C6Cs6,16.3778;0.9248;0.8552
Tc1Mg6Li6,10.8461;0.9897;0.9796
Pu1Ba6K6,11.8425;0.7639;0.5835
Pu1Mo6C6,11.8474;0.1782;0.0318
Pu1Sn6Nb6,16.4724;0.2299;0.0529
Pu1V6Ga6,12.3907;0.394;0.1552
Pu1Ga6Nb6,16.76;0.4544;0.2065
Pu1Al6Nb6,14.5851;0.4569;0.2087
Pu1N6Nb6,12.3821;0.2263;0.0512
Pu1N6C6,10.8096;0.5037;0.2537
Pu1N6Br6,10.8234;0.4332;0.1877
Pu1B6Mg6,23.0283;0.9154;0.838
Pu1C6Mg6,11.3217;0.7692;0.5917
Pu1C6Cs6,16.363;0.9224;0.8508
Pu1Mg6Li6,10.7102;0.9882;0.9765
Am1Ba6K6,11.8782;0.7735;0.5983
Am1Ca6Li6,9.8453;0.3806;0.1448
Am1Mo6C6,11.8664;0.1702;0.029
Am1Sn6Nb6,16.5161;0.224;0.0502
Am1V6Ga6,15.2496;0.25;0.0625
Am1Ga6Nb6,18.6146;0.3103;0.0963
Am1Al6Nb6,14.646;0.4529;0.2051
Am1N6Nb6,12.3965;0.216;0.0466
Am1N6C6,10.821;0.5011;0.2511
Am1N6Br6,10.9357;0.4292;0.1842
Am1B6Mg6,23.1257;0.9273;0.8599
Am1C6Mg6,11.3297;0.7679;0.5896
Am1C6Cs6,16.3765;0.9221;0.8503
Am1Mg6Li6,10.8432;0.9899;0.98
Cm1Ba6K6,11.8782;0.7735;0.5983
Cm1Ca6Li6,9.8453;0.3806;0.1449
Cm1Mo6C6,11.8664;0.1702;0.029
Cm1Sn6Nb6,16.5161;0.224;0.0502
Cm1V6Ga6,15.2496;0.25;0.0625
Cm1Ga6Nb6,18.6146;0.3103;0.0963
Cm1Al6Nb6,14.646;0.4529;0.2051
Cm1N6Nb6,12.3965;0.216;0.0466
Cm1N6C6,10.821;0.5011;0.2511
Cm1N6Br6,10.9361;0.4289;0.1839
Cm1B6Mg6,23.1256;0.9274;0.8601
Cm1C6Mg6,11.3297;0.7679;0.5896
Cm1C6Cs6,16.3765;0.9221;0.8503
Cm1Mg6Li6,10.8431;0.9899;0.9799
Po1Ba6K6,11.8782;0.7735;0.5983
Po1Ca6Li6,9.8453;0.3806;0.1449
Po1Mo6C6,11.8664;0.1702;0.029
Po1Sn6Nb6,16.5161;0.224;0.0502
Po1V6Ga6,15.2496;0.25;0.0625
Po1Ga6Nb6,18.6146;0.3103;0.0963
Po1Al6Nb6,14.646;0.4529;0.2051
Po1N6Nb6,12.3965;0.216;0.0466
Po1N6C6,10.821;0.5011;0.2511
Po1N6Br6,10.9361;0.4289;0.1839
Po1B6Mg6,23.1256;0.9274;0.8601
Po1C6Mg6,11.3297;0.7679;0.5896
Po1C6Cs6,16.3765;0.9221;0.8503
Po1Mg6Li6,10.8431;0.9899;0.9799

1767 of 317985 appear to be promising

hp_tune_min_nc_normal:

{'ccp_alpha': 0.0, 'criterion': 'squared_error', 'max_depth': None, 'max_leaf_nodes': None, 'max_samples': None, 'min_impurity_decrease': 0.0, 'min_samples_leaf': 1, 'min_samples_split': 2, 'min_weight_fraction_leaf': 0.0, 'n_estimators': 200, 'n_jobs': None, 'oob_score': False, 'random_state': None, 'verbose': 0, 'warm_start': False, 'max_features': 'sqrt', 'bootstrap': False}

Ba1O6I6,9.3094;0.6953;0.4835
Ba1Mg6H6,9.6146;0.786;0.6178
K1Ba6Bi6,12.1;0.6664;0.4441
K1Ba6Pb6,13.7653;0.6562;0.4307
K1Ba6Po6,11.421;0.679;0.4611
K1O6Li6,9.4612;0.5936;0.3523
K1O6I6,11.8216;0.5696;0.3244
K1N6Mg6,10.3032;0.8173;0.6681
K1B6Mg6,9.9864;0.8595;0.7388
K1C6H6,9.5398;0.4912;0.2412
K1Mg6H6,11.7785;0.722;0.5213
Fe1O6Li6,9.523;0.6348;0.4029
Fe1Al6Nb6,11.1287;0.4994;0.2494
Fe1N6Nb6,10.6338;0.3289;0.1082
Fe1B6Mg6,13.0463;1.045;1.092
Fe1C6Mg6,9.6573;0.9884;0.977
Fe1Mg6H6,11.4948;0.5843;0.3414
Fe1Li6Na6,9.5684;0.4369;0.1909
As1S6Cl6,9.9451;0.4418;0.1952
As1N6Nb6,12.9691;0.4006;0.1605
As1B6Mg6,13.1602;0.9953;0.9906
As1B6Li6,10.869;0.754;0.5686
As1Mg6H6,11.6287;0.7218;0.521
Ca1Ba6Bi6,9.4391;0.7139;0.5096
Ca1Ba6Pb6,9.5637;0.6292;0.3959
Ca1O6Li6,10.1365;0.597;0.3564
Ca1F6Mg6,9.4015;0.7776;0.6047
Ca1F6Li6,9.3677;0.7445;0.5543
Ca1Al6Nb6,9.9559;0.5425;0.2943
Ca1N6C6,9.4209;0.71;0.5041
Ca1N6Mg6,10.2419;0.8747;0.7651
Ca1B6Mg6,11.1144;0.8871;0.787
Ca1B6Li6,9.999;0.7049;0.4969
Ca1C6Mg6,9.7678;0.9103;0.8287
Ca1Mg6H6,12.1141;0.7703;0.5933
Ca1Li6Na6,10.3365;0.3449;0.119
La1Ba6Pb6,9.3879;0.6624;0.4388
La1Ga6Nb6,9.5288;0.6994;0.4892
La1N6Mg6,9.4105;0.8711;0.7588
La1B6Li6,9.9445;0.7427;0.5515
La1Mg6H6,9.6308;0.7495;0.5617
Cu1Ba6Pb6,9.6312;0.539;0.2905
Cu1O6Li6,9.9523;0.6606;0.4364
Cu1Al6Nb6,11.449;0.62;0.3844
Cu1N6Nb6,11.4025;0.4452;0.1982
Cu1N6C6,10.4044;0.6462;0.4176
Cu1B6Mg6,11.0332;1.0038;1.0076
Cu1B6Li6,9.8064;0.7165;0.5133
Cu1C6Mg6,9.7508;0.9648;0.9309
Cu1C6H6,10.4259;0.6525;0.4257
Cu1Mg6H6,11.3931;0.6868;0.4716
O1F6Mg6,9.905;0.9165;0.8399
O1N6Nb6,10.6506;0.4223;0.1784
O1N6Mg6,11.58;0.7891;0.6227
O1Be6Mg6,9.9484;0.7867;0.6188
O1Cl6Li6,9.709;0.4597;0.2113
O1B6Mg6,21.5894;0.8728;0.7617
O1B6Li6,9.772;0.7368;0.5428
O1B6Na6,11.7276;0.7633;0.5826
O1C6Mg6,13.2265;0.8611;0.7416
O1Mg6H6,12.0844;0.6987;0.4882
O1Li6P6,9.8599;0.7142;0.5101
Mo1O6Li6,9.7357;0.5943;0.3532
Mo1Al6Nb6,11.8782;0.5828;0.3396
Mo1N6Nb6,10.2763;0.2272;0.0516
Mo1B6Mg6,10.8011;0.8114;0.6584
Mo1B6Li6,9.9855;0.795;0.632
Mo1Mg6H6,10.6982;0.7997;0.6395
Ru1Mo6C6,11.3233;0.1983;0.0393
Ru1Mo6Tc6,11.7336;0.2561;0.0656
Ru1Al6Nb6,10.3751;0.6923;0.4793
Ru1N6Nb6,11.613;0.2748;0.0755
Ru1B6Mg6,11.2583;0.8226;0.6767
Ru1B6Li6,9.8302;0.7269;0.5283
Ru1Mg6H6,10.6772;0.808;0.6528
Tm1Ga6Nb6,9.8464;0.597;0.3564
Tm1N6Nb6,10.6811;0.305;0.093
Tm1Mg6H6,9.4626;0.7651;0.5854
Os1Mo6C6,10.5004;0.1747;0.0305
Os1N6Nb6,11.0193;0.3133;0.0981
Os1B6Mg6,10.5821;0.7928;0.6285
Os1Mg6H6,9.4435;0.7621;0.5807
Sn1Ba6Pb6,9.5124;0.7622;0.581
Sn1N6Nb6,11.4147;0.4029;0.1624
Sn1B6Mg6,9.9321;0.8105;0.6569
Sn1B6Li6,11.4197;0.8137;0.6621
Sn1Mg6H6,10.2805;0.724;0.5242
Nd1Ba6Pb6,9.4731;0.6898;0.4758
Nd1Ga6Nb6,10.0084;0.6587;0.4339
Nd1N6Nb6,9.8458;0.3369;0.1135
Nd1N6Mg6,9.2647;0.8616;0.7424
Nd1B6Li6,9.8527;0.7643;0.5841
Nd1Mg6H6,9.5433;0.7573;0.5735
Bi1Ba6Pb6,10.0415;0.6789;0.4609
Bi1N6Nb6,10.203;0.4112;0.1691
Bi1N6Mg6,9.442;0.7186;0.5164
Bi1C6Mg6,9.2342;0.8585;0.737
Bi1Mg6H6,9.8194;0.7165;0.5133
Pb1N6Nb6,10.1132;0.4181;0.1748
Pb1B6Mg6,9.2727;0.8336;0.6949
Pb1Mg6H6,9.8066;0.7844;0.6153
S1O6Mg6,9.6795;0.762;0.5806
S1O6Li6,9.347;0.6857;0.4701
S1F6Mg6,9.5946;0.7681;0.59
S1N6Nb6,12.1404;0.373;0.1391
S1N6C6,10.6689;0.9097;0.8275
S1N6Mg6,10.5485;0.6878;0.473
S1Cl6P6,9.6779;0.3882;0.1507
S1B6C6,9.1069;0.9737;0.9481
S1B6Mg6,19.6794;0.868;0.7534
S1B6Li6,11.1079;0.7744;0.5997
S1B6Na6,11.1206;0.7969;0.6351
S1C6Mg6,11.6969;0.8761;0.7675
S1C6H6,10.1495;0.8711;0.7589
S1Mg6H6,12.1982;0.6919;0.4788
S1Li6Na6,9.5429;0.4742;0.2249
F1N6Mg6,10.6831;0.7281;0.5301
F1Be6Mg6,11.0618;0.842;0.7089
F1Cl6Li6,9.5837;0.4935;0.2435
F1B6Mg6,21.9273;0.8652;0.7485
F1B6Li6,10.3983;0.7158;0.5123
F1B6Na6,12.4807;0.8398;0.7053
F1C6Mg6,12.7157;0.8668;0.7513
F1Mg6H6,11.8182;0.6306;0.3977
F1Li6P6,10.0032;0.6408;0.4107
V1Ba6Pb6,9.8302;0.6148;0.378
V1O6Li6,10.1507;0.6064;0.3677
V1Mo6C6,11.014;0.1744;0.0304
V1Al6Nb6,12.3593;0.5393;0.2909
V1N6C6,9.3612;0.862;0.7431
V1N6Mg6,9.4436;0.7301;0.5331
V1B6Mg6,13.9498;0.9688;0.9386
V1B6Li6,9.5139;0.6808;0.4634
V1C6Mg6,9.6397;0.9494;0.9013
V1Mg6H6,11.7421;0.6331;0.4009
V1Li6Na6,10.1957;0.3916;0.1533
Ga1N6Nb6,12.4408;0.4336;0.188
Ga1B6Mg6,13.756;1.0941;1.197
Ga1B6Li6,10.1625;0.6832;0.4667
Ga1C6Mg6,9.2449;0.9897;0.9796
Ga1Mg6H6,11.7954;0.7781;0.6054
Al1O6Mg6,10.8996;0.7518;0.5652
Al1O6Li6,10.1323;0.6116;0.3741
Al1F6Mg6,10.3735;0.7528;0.5667
Al1F6Li6,9.5349;0.7817;0.611
Al1N6Nb6,11.4955;0.473;0.2238
Al1N6Mg6,11.0067;0.8408;0.7069
Al1B6Mg6,18.5102;0.9206;0.8476
Al1B6Li6,10.7848;0.7881;0.6211
Al1B6Na6,11.0555;0.8732;0.7625
Al1C6Mg6,11.0911;0.9033;0.816
Al1Mg6H6,12.2803;0.7649;0.5851
Al1Li6Na6,9.8742;0.4513;0.2036
Sr1Ba6Pb6,9.7123;0.6722;0.4518
Sr1O6Li6,9.6701;0.6904;0.4766
Sr1N6Mg6,9.4614;0.8865;0.7858
Sr1B6Li6,10.1602;0.677;0.4584
Sr1Mg6H6,11.2101;0.7631;0.5823
Co1Al6Nb6,10.4536;0.6449;0.4159
Co1N6Nb6,11.6161;0.3264;0.1066
Co1B6Mg6,14.9522;1.0156;1.0315
Co1C6Mg6,9.7906;0.9319;0.8684
Co1Mg6H6,11.5195;0.6396;0.4091
Re1Ba6Pb6,9.4103;0.6223;0.3872
Re1Mo6C6,10.203;0.1918;0.0368
Re1Ga6Nb6,9.4136;0.6371;0.4059
Re1N6Nb6,11.1367;0.3198;0.1023
Re1B6Mg6,11.3705;0.8597;0.7391
Re1Mg6H6,9.6445;0.6921;0.479
W1Mo6C6,10.5296;0.2659;0.0707
W1Al6Nb6,10.286;0.5692;0.324
W1N6Nb6,9.9702;0.2785;0.0776
W1B6Mg6,9.9522;0.7413;0.5495
W1Mg6H6,9.4577;0.7221;0.5214
N1O6Mg6,9.562;0.7337;0.5384
N1F6Mg6,9.6399;0.7148;0.5109
N1Nb6C6,11.6866;0.4223;0.1784
N1Cl6Li6,10.1598;0.5339;0.2851
N1B6Mg6,23.473;0.9108;0.8296
N1B6Li6,9.7272;0.8431;0.7109
N1B6Na6,10.9958;0.8045;0.6471
N1C6Mg6,12.1474;0.818;0.6692
N1Mg6H6,11.1723;0.6848;0.469
Be1O6Mg6,11.3375;0.7832;0.6134
Be1F6Mg6,10.6447;0.837;0.7007
Be1N6Nb6,10.1704;0.4735;0.2242
Be1N6Mg6,12.2839;0.7828;0.6128
Be1Cl6Li6,9.7877;0.5601;0.3137
Be1B6Mg6,23.6223;0.7739;0.5989
Be1B6Na6,10.2703;0.669;0.4476
Be1C6Mg6,13.0533;0.8878;0.7883
Be1Mg6H6,11.4725;0.6783;0.4601
Be1Li6P6,9.8588;0.6023;0.3627
Be1Li6Na6,10.336;0.3801;0.1444
Nb1O6Li6,9.9398;0.6494;0.4218
Nb1Mo6C6,11.5404;0.1484;0.022
Nb1N6Mg6,9.4556;0.7038;0.4953
Nb1B6Mg6,10.7679;0.8846;0.7824
Nb1B6Li6,10.0896;0.7257;0.5267
Nb1Mg6H6,10.9537;0.7616;0.5801
Tl1N6Nb6,10.4333;0.3647;0.133
Tl1N6C6,9.4901;0.6876;0.4728
Tl1B6Mg6,9.2907;0.873;0.7621
Tl1Mg6H6,9.713;0.7344;0.5393
Y1O6Li6,10.0298;0.6624;0.4388
Y1Ga6Nb6,9.805;0.7579;0.5744
Y1N6Nb6,10.2975;0.2903;0.0843
Y1N6Mg6,9.3689;0.8402;0.7059
Y1B6Mg6,10.1015;0.8325;0.6931
Y1B6Li6,10.3647;0.6986;0.488
Y1Mg6H6,10.8219;0.743;0.5521
Hf1Ba6Pb6,9.5537;0.6004;0.3605
Hf1Mo6C6,11.1388;0.19;0.0361
Hf1Ga6Nb6,10.9323;0.533;0.2841
Hf1N6Nb6,11.3228;0.2481;0.0616
Hf1N6Mg6,9.5017;0.7278;0.5296
Hf1B6Mg6,9.4562;0.8326;0.6932
Hf1Mg6H6,9.4866;0.7583;0.575
Cl1O6Mg6,9.5993;0.7408;0.5488
Cl1O6Li6,9.3642;0.6797;0.462
Cl1F6Mg6,9.7113;0.7727;0.5971
Cl1N6Nb6,12.1786;0.4138;0.1712
Cl1N6Mg6,10.9968;0.6286;0.3952
Cl1B6Mg6,19.1842;0.8357;0.6985
Cl1B6Li6,11.044;0.7778;0.605
Cl1B6Na6,11.0879;0.7399;0.5475
Cl1C6Mg6,11.6247;0.9086;0.8256
Cl1Mg6H6,11.6718;0.6245;0.3899
Sm1Ba6Pb6,9.3977;0.6401;0.4097
Sm1Ga6Nb6,10.1639;0.6807;0.4633
Sm1N6Nb6,9.9413;0.3142;0.0987
Sm1N6Mg6,9.2356;0.8387;0.7033
Sm1B6Li6,9.8706;0.7338;0.5384
Sm1Mg6H6,9.6069;0.7935;0.6297
Ni1Al6Nb6,11.628;0.6332;0.4009
Ni1N6Nb6,11.2991;0.3633;0.132
Ni1B6Mg6,14.0442;1.0241;1.0487
Ni1C6Mg6,9.6133;0.9155;0.8382
Ni1Mg6H6,11.4131;0.6168;0.3805
Tb1Ga6Nb6,10.1404;0.5951;0.3541
Tb1N6Nb6,10.1045;0.3203;0.1026
Tb1B6Li6,9.3131;0.7145;0.5105
Tb1Mg6H6,9.4635;0.751;0.5639
Ce1B6Li6,9.6547;0.7857;0.6173
Ce1Mg6H6,9.3653;0.755;0.57
B1O6Mg6,10.8575;0.8043;0.6469
B1O6Na6,9.3778;0.7407;0.5486
B1S6Cl6,9.7558;0.4177;0.1745
B1F6Mg6,10.4142;0.7804;0.609
B1N6Nb6,10.4175;0.4459;0.1988
B1N6Mg6,11.5744;0.6769;0.4582
B1Be6Mg6,9.2108;0.8153;0.6647
B1Cl6Li6,10.1881;0.5356;0.2869
B1C6Mg6,12.8374;0.9517;0.9057
B1Mg6H6,11.5909;0.6998;0.4897
B1Li6P6,10.113;0.6018;0.3622
B1Li6Na6,9.77;0.4465;0.1994
C1O6Mg6,10.6729;0.6635;0.4402
C1F6Mg6,10.3889;0.7512;0.5643
C1N6Mg6,11.063;0.7828;0.6127
C1Be6Mg6,10.3567;0.7819;0.6114
C1Cl6Li6,9.9054;0.5763;0.3321
C1B6Mg6,25.7862;0.5779;0.334
C1B6Li6,10.57;0.8791;0.7729
C1B6Na6,11.5908;0.7515;0.5648
C1Mg6Li6,9.6652;0.6569;0.4315
C1Mg6H6,11.8114;0.6034;0.3641
C1Li6P6,9.7297;0.6433;0.4138
C1Li6Na6,10.0207;0.4157;0.1728
Gd1Ga6Nb6,10.2166;0.6362;0.4048
Gd1N6Nb6,10.2582;0.319;0.1017
Gd1B6Li6,9.4885;0.6799;0.4623
Gd1Mg6H6,9.5354;0.7713;0.5949
In1Ba6Pb6,9.3876;0.6905;0.4768
In1N6Nb6,11.7912;0.3328;0.1107
In1B6Mg6,10.2094;0.9462;0.8953
In1B6Li6,11.5783;0.852;0.726
In1Mg6H6,10.4926;0.7653;0.5857
Pd1O6Li6,9.5018;0.5208;0.2712
Pd1Mo6C6,10.0609;0.2895;0.0838
Pd1Mo6Tc6,10.7166;0.3345;0.1119
Pd1Al6Nb6,10.8025;0.5694;0.3242
Pd1N6Nb6,11.2228;0.376;0.1414
Pd1B6Mg6,10.2287;0.8381;0.7024
Pd1B6Li6,10.0035;0.7652;0.5856
Pd1Mg6H6,10.7175;0.793;0.6288
Zr1Ba6Pb6,9.6958;0.6554;0.4295
Zr1O6Li6,9.9019;0.6702;0.4492
Zr1Mo6C6,10.6548;0.1874;0.0351
Zr1Ga6Nb6,10.3316;0.6393;0.4088
Zr1Al6Nb6,10.014;0.4688;0.2198
Zr1N6Nb6,11.9651;0.2478;0.0614
Zr1B6Mg6,10.664;0.8969;0.8045
Zr1B6Li6,10.6576;0.7714;0.5951
Zr1C6Mg6,9.1351;0.9771;0.9547
Zr1Mg6H6,10.9965;0.8033;0.6453
Mn1Ba6Pb6,9.7631;0.6416;0.4116
Mn1O6Li6,9.4707;0.6258;0.3916
Mn1Al6Nb6,10.3825;0.5009;0.2509
Mn1N6Nb6,10.804;0.3683;0.1356
Mn1N6Mg6,9.3208;0.7599;0.5774
Mn1B6Mg6,13.6879;1.0419;1.0856
Mn1B6Li6,9.3602;0.7346;0.5396
Mn1C6Mg6,10.185;1.006;1.0121
Mn1Mg6H6,11.6981;0.6856;0.47
Mn1Li6Na6,9.7272;0.3906;0.1526
Ho1Ga6Nb6,10.0055;0.5917;0.3501
Ho1N6Nb6,10.39;0.3098;0.096
Ho1Mg6H6,9.4419;0.7843;0.6151
Se1S6Cl6,9.693;0.4329;0.1874
Se1N6Nb6,12.4689;0.3775;0.1425
Se1N6Mg6,9.3562;0.7066;0.4993
Se1B6Mg6,13.1922;0.9158;0.8387
Se1B6Li6,12.0795;0.7724;0.5966
Se1C6Mg6,9.7605;0.9422;0.8877
Se1Mg6H6,12.2673;0.725;0.5256
Ti1Ba6Pb6,9.919;0.6101;0.3723
Ti1O6Li6,10.6249;0.678;0.4597
Ti1Mo6C6,10.4068;0.2455;0.0603
Ti1Ga6Nb6,9.7086;0.5937;0.3525
Ti1Al6Nb6,11.6521;0.4382;0.192
Ti1N6Nb6,14.3801;0.2218;0.0492
Ti1N6Mg6,10.0205;0.7733;0.598
Ti1B6Mg6,14.3981;1.1329;1.2834
Ti1B6Li6,9.741;0.7536;0.5679
Ti1C6Mg6,10.4422;1.036;1.0732
Ti1Mg6H6,12.1434;0.6665;0.4443
Ti1Li6Na6,10.1466;0.4449;0.198
Hg1N6Nb6,11.2625;0.4675;0.2186
Hg1B6Mg6,9.5207;0.898;0.8064
Hg1Mg6H6,9.4065;0.7456;0.5559
Eu1N6Mg6,9.3458;0.8571;0.7346
Eu1B6Li6,9.7661;0.7106;0.505
Eu1Mg6H6,9.4014;0.7011;0.4916
Rb1Ba6Pb6,10.6475;0.8075;0.652
Rb1O6Li6,9.9138;0.5701;0.325
Rb1O6Br6,9.1934;0.8448;0.7137
Rb1O6I6,10.8259;0.6959;0.4843
Rb1F6Li6,9.7387;0.6497;0.4222
Rb1N6Mg6,9.2934;0.8381;0.7025
Rb1N6Tc6,9.5654;0.5813;0.338
Rb1B6Li6,9.7687;0.6043;0.3652
Rb1Mg6H6,11.744;0.7229;0.5226
Pr1Ga6Nb6,9.9489;0.6573;0.4321
Pr1N6Nb6,9.7791;0.3353;0.1125
Pr1N6Mg6,9.2397;0.8356;0.6983
Pr1B6Li6,9.8923;0.7301;0.533
Pr1Mg6H6,9.5127;0.7679;0.5897
Mg1O6Li6,9.6584;0.5618;0.3156
Mg1S6Cl6,9.6505;0.4673;0.2184
Mg1F6Li6,9.6405;0.7608;0.5787
Mg1Ga6Nb6,9.4517;0.5891;0.347
Mg1Al6Nb6,9.6229;0.4942;0.2442
Mg1N6Nb6,12.0772;0.399;0.1592
Mg1B6Li6,10.2989;0.7132;0.5087
Mg1B6Na6,10.3102;0.7612;0.5795
Mg1Li6Na6,10.4072;0.4354;0.1896
Sb1Ba6Pb6,9.6329;0.7192;0.5172
Sb1S6Cl6,9.8966;0.5123;0.2625
Sb1N6Nb6,11.4092;0.3905;0.1525
Sb1B6Mg6,9.4758;0.8192;0.6711
Sb1B6Li6,11.4287;0.8141;0.6628
Sb1Mg6H6,10.1703;0.722;0.5212
Er1Ga6Nb6,9.8403;0.5607;0.3144
Er1N6Nb6,10.5576;0.3054;0.0933
Er1Mg6H6,9.4201;0.7532;0.5674
Rh1Mo6C6,10.2683;0.2882;0.0831
Rh1Mo6Tc6,10.9359;0.2867;0.0822
Rh1Al6Nb6,11.6511;0.6401;0.4098
Rh1N6Nb6,10.9173;0.2947;0.0869
Rh1B6Mg6,10.5534;0.8307;0.69
Rh1B6Li6,9.9244;0.7189;0.5169
Rh1Mg6H6,10.4528;0.7889;0.6224
Au1Al6Nb6,10.4137;0.4972;0.2472
Au1N6Nb6,10.7301;0.4099;0.168
Au1Mg6H6,9.8313;0.6947;0.4826
Zn1Ba6Pb6,9.7509;0.5678;0.3224
Zn1Mo6Tc6,9.6714;0.3581;0.1283
Zn1Al6Nb6,10.1052;0.65;0.4224
Zn1N6Nb6,12.187;0.3584;0.1284
Zn1B6Mg6,14.3764;1.117;1.2477
Zn1B6Li6,10.153;0.7116;0.5064
Zn1C6Mg6,9.2964;0.951;0.9045
Zn1Mg6H6,11.4917;0.742;0.5506
Li1O6Mg6,12.3426;0.8982;0.8067
Li1F6Mg6,11.4931;0.7632;0.5825
Li1Al6B6,9.4016;0.8352;0.6976
Li1N6Nb6,10.1854;0.3495;0.1221
Li1N6Mg6,13.2704;0.7733;0.598
Li1Be6P6,9.2712;0.8917;0.7951
Li1B6Mg6,19.4211;0.8866;0.786
Li1B6Na6,10.1282;0.6583;0.4334
Li1C6Mg6,13.3615;0.8582;0.7364
Li1Mg6H6,11.8946;0.7432;0.5524
Np1Ga6Nb6,10.3986;0.5922;0.3507
Np1N6Nb6,9.9939;0.3342;0.1117
Np1Mg6H6,9.5423;0.7309;0.5342
Si1O6Mg6,10.0008;0.8293;0.6877
Si1O6Li6,9.5081;0.6901;0.4762
Si1S6Cl6,9.8295;0.4369;0.1909
Si1F6Mg6,9.5862;0.7788;0.6065
Si1N6Nb6,10.5466;0.5119;0.2621
Si1N6Mg6,10.7133;0.7204;0.519
Si1B6Mg6,24.2365;0.7742;0.5994
Si1B6Li6,10.0713;0.7075;0.5005
Si1B6Na6,11.1593;0.8332;0.6942
Si1C6Mg6,11.099;0.9019;0.8134
Si1Mg6H6,11.5125;0.6837;0.4674
Si1Li6Na6,10.0042;0.4454;0.1984
P1O6Mg6,10.0053;0.7578;0.5742
P1S6Cl6,9.975;0.4007;0.1606
P1F6Mg6,9.7808;0.732;0.5358
P1N6Nb6,11.4341;0.3699;0.1368
P1N6Mg6,11.1969;0.7164;0.5132
P1B6Mg6,20.8157;1.0371;1.0755
P1B6Li6,10.9785;0.8121;0.6596
P1B6Na6,11.5218;0.8597;0.7391
P1C6Mg6,12.3374;0.88;0.7744
P1Mg6H6,12.5078;0.7147;0.5107
Ta1Mo6C6,10.519;0.1859;0.0346
Ta1Ga6Nb6,11.7785;0.474;0.2247
Ta1Al6Nb6,11.0786;0.6319;0.3993
Ta1N6Nb6,10.1801;0.2421;0.0586
Ta1Nb6Zr6,9.9326;0.0961;0.0092
Ta1B6Mg6,9.5403;0.8395;0.7048
Ta1Mg6H6,9.4729;0.7334;0.5379
Na1O6Mg6,10.7601;0.735;0.5402
Na1O6Li6,9.7806;0.608;0.3696
Na1F6Mg6,11.2851;0.8046;0.6474
Na1F6Li6,9.5286;0.7543;0.5689
Na1N6Mg6,12.4419;0.8747;0.7651
Na1B6Mg6,16.5097;0.8657;0.7495
Na1B6Li6,9.8951;0.8233;0.6779
Na1C6Mg6,12.0282;0.8598;0.7392
Na1Mg6Li6,9.5414;0.6428;0.4132
Na1Mg6H6,12.5292;0.7353;0.5407
H1O6Mg6,10.3021;0.7485;0.5603
H1O6Na6,9.3363;0.7375;0.5439
H1S6Li6,9.739;0.691;0.4775
H1F6Mg6,10.5719;0.6752;0.4559
H1N6Mg6,10.3926;0.6198;0.3841
H1Be6Mg6,9.5388;0.7896;0.6234
H1Cl6Mg6,9.8383;0.6305;0.3975
H1Cl6Li6,10.0567;0.5502;0.3028
H1B6Mg6,20.614;0.7727;0.5971
H1B6Na6,10.4402;0.7522;0.5658
H1C6Mg6,12.4953;0.7821;0.6117
H1Mg6Li6,9.3646;0.644;0.4148
H1Li6P6,10.1212;0.6739;0.4541
H1Li6Na6,9.7981;0.5375;0.2889
Pt1Mo6Re6,10.1061;0.0782;0.0061
Pt1Al6Nb6,10.1365;0.5828;0.3397
Pt1N6Nb6,11.0036;0.3979;0.1583
Pt1B6Mg6,9.8857;0.8599;0.7394
Pt1Mg6H6,9.3732;0.735;0.5403
Ge1S6Cl6,9.735;0.4775;0.228
Ge1N6Nb6,12.0941;0.5351;0.2864
Ge1B6Mg6,13.0308;1.0548;1.1127
Ge1B6Li6,10.9384;0.7073;0.5002
Ge1C6Mg6,9.1581;0.891;0.7938
Ge1Mg6H6,11.5553;0.6774;0.4589
Pa1Ga6Nb6,10.0137;0.5923;0.3508
Pa1N6Nb6,9.8698;0.3347;0.112
Pa1Mg6H6,9.2718;0.7285;0.5306
Te1Ba6Pb6,9.5619;0.7235;0.5234
Te1S6Cl6,10.1907;0.4911;0.2411
Te1N6Nb6,11.2703;0.414;0.1714
Te1B6Mg6,9.9588;0.7618;0.5803
Te1B6Li6,11.7851;0.7513;0.5644
Te1Mg6H6,10.0164;0.6691;0.4477
Ir1Mo6C6,10.3807;0.2239;0.0501
Ir1Al6Nb6,10.4262;0.6357;0.4041
Ir1N6Nb6,10.1581;0.3522;0.124
Ir1B6Mg6,9.8825;0.8045;0.6472
Ir1Mg6H6,9.2304;0.784;0.6147
Yb1Ba6Pb6,9.6149;0.665;0.4422
Yb1N6Nb6,9.8539;0.3535;0.125
Yb1Mg6H6,9.347;0.7076;0.5008
U1Ga6Nb6,9.9077;0.5838;0.3409
Th1Ga6Nb6,9.8243;0.6443;0.4152
Lu1N6Nb6,10.4734;0.3464;0.12
Lu1Mg6H6,9.3202;0.6903;0.4766
Ag1Al6Nb6,11.4422;0.6253;0.391
Ag1N6Nb6,11.0138;0.3889;0.1513
Ag1B6Li6,10.2476;0.7698;0.5926
Ag1Mg6H6,10.1486;0.7763;0.6026
Cd1Al6Nb6,9.8965;0.6752;0.4559
Cd1N6Nb6,12.0992;0.292;0.0853
Cd1B6Mg6,10.3326;0.9316;0.8679
Cd1B6Li6,10.7807;0.7156;0.512
Cd1Mg6H6,10.6148;0.7688;0.591
Br1S6Cl6,9.5687;0.4409;0.1944
Br1N6Nb6,11.9005;0.3689;0.1361
Br1N6Mg6,9.4354;0.7252;0.5259
Br1Be6B6,9.5136;0.8084;0.6535
Br1B6Mg6,13.0796;0.9635;0.9284
Br1B6Li6,11.9349;0.8173;0.668
Br1C6Mg6,9.3215;0.9181;0.8429
Br1Mg6H6,11.3176;0.625;0.3907
I1Ba6Pb6,9.2962;0.7206;0.5193
I1S6Cl6,9.5687;0.536;0.2873
I1N6Nb6,11.2048;0.4408;0.1943
I1B6Mg6,9.5492;0.8057;0.6491
I1B6Li6,12.2114;0.7989;0.6382
I1Mg6H6,10.0042;0.6354;0.4037
Dy1Ga6Nb6,10.0384;0.596;0.3553
Dy1N6Nb6,10.3326;0.3057;0.0935
Dy1Mg6H6,9.4595;0.7757;0.6017
Sc1O6Li6,9.9476;0.5859;0.3433
Sc1Mo6C6,9.7123;0.3078;0.0948
Sc1Ga6Nb6,10.1223;0.7055;0.4977
Sc1Al6Nb6,10.0269;0.4599;0.2115
Sc1N6Nb6,12.147;0.2715;0.0737
Sc1N6Mg6,9.5112;0.825;0.6806
Sc1B6Mg6,12.7974;1.0362;1.0737
Sc1B6Li6,9.74;0.7326;0.5367
Sc1C6Mg6,9.8683;1.0036;1.0071
Sc1Mg6H6,11.4125;0.7118;0.5067
Sc1Li6Na6,10.0486;0.388;0.1505
Cr1O6Li6,9.5268;0.5951;0.3542
Cr1Mo6C6,10.7545;0.2378;0.0566
Cr1Al6Nb6,12.9707;0.494;0.2441
Cr1B6Mg6,13.0076;1.1235;1.2622
Cr1C6Mg6,9.0502;1.0217;1.0439
Cr1Mg6H6,10.6457;0.6454;0.4165
Cr1Li6Na6,10.159;0.386;0.149
Cs1Ba6Pb6,10.1886;0.7525;0.5663
Cs1Be6B6,9.5235;0.8644;0.7471
Cs1B6Li6,9.8657;0.5822;0.339
Cs1Mg6H6,10.0499;0.7702;0.5931
Tc1Ba6Pb6,9.6228;0.6508;0.4235
Tc1O6Li6,9.4932;0.5622;0.316
Tc1Mo6C6,11.2813;0.1028;0.0106
Tc1Al6Nb6,10.5923;0.6066;0.3679
Tc1N6Nb6,11.9619;0.2203;0.0485
Tc1B6Mg6,12.2146;0.8232;0.6777
Tc1B6Li6,9.8878;0.7394;0.5468
Tc1Mg6H6,10.7572;0.778;0.6053
Pu1Ga6Nb6,9.6343;0.5903;0.3484
Pu1N6Nb6,9.8397;0.3546;0.1257
Pu1Mg6H6,9.8856;0.7118;0.5066
Am1Ga6Nb6,9.6818;0.6109;0.3732
Am1N6Nb6,9.9934;0.3447;0.1188
Am1Mg6H6,9.4088;0.6975;0.4865
Po1Ba6Pb6,9.3499;0.7269;0.5284
Po1N6Nb6,9.6588;0.4649;0.2162

546 of 285852 appear to be promising

hp_tune_sug_nc_normal:

{'ccp_alpha': 0.0, 'criterion': 'squared_error', 'max_depth': None, 'max_leaf_nodes': None, 'max_samples': None, 'min_impurity_decrease': 0.0, 'min_samples_leaf': 1, 'min_samples_split': 2, 'min_weight_fraction_leaf': 0.0, 'n_estimators': 200, 'n_jobs': None, 'oob_score': False, 'random_state': None, 'verbose': 0, 'warm_start': False, 'max_features': 'sqrt', 'bootstrap': False}

Ba1Al6Nb6,10.17;0.5341;0.2852
Ba1Be6B6,9.9742;0.9673;0.9357
Ba1B6Li6,10.507;0.9461;0.8951
K1Ba6Bi6,10.1224;0.7539;0.5684
K1Ba6Pb6,11.8951;0.606;0.3673
K1Ba6Po6,10.1896;0.7175;0.5148
K1B6Mg6,14.5869;1.1409;1.3017
K1Mg6H6,10.8045;0.7606;0.5785
Fe1Al6Nb6,11.9902;0.5606;0.3142
Fe1B6Mg6,14.8985;1.0974;1.2043
Fe1Mg6H6,10.7188;0.722;0.5213
As1Al6Nb6,10.8445;0.5901;0.3482
As1N6Nb6,13.6066;0.3329;0.1108
As1B6Mg6,12.6676;0.9806;0.9616
As1B6Li6,10.954;0.9943;0.9886
As1Mg6H6,10.6998;0.7088;0.5024
Ca1O6Li6,9.5127;0.6472;0.4189
Ca1Al6Nb6,10.8927;0.5522;0.3049
Ca1B6Mg6,15.8259;1.2577;1.5818
Ca1B6Li6,10.3184;1.0482;1.0988
Ca1Mg6H6,10.7233;0.7533;0.5674
Ca1Li6Na6,9.7356;0.4077;0.1662
La1Al6Nb6,10.8718;0.5797;0.336
La1B6Mg6,9.4059;0.8627;0.7443
La1B6Li6,10.6211;0.9272;0.8597
Cu1Mo6Tc6,9.7233;0.3534;0.1249
Cu1Al6Nb6,12.8936;0.5593;0.3128
Cu1B6Mg6,12.5473;0.8526;0.7269
Cu1B6Li6,10.2021;1.0257;1.052
Cu1Mg6H6,10.6928;0.7422;0.5509
O1S6Li6,9.4429;0.6448;0.4158
O1N6Nb6,14.6126;0.2514;0.0632
O1N6Mg6,11.1494;0.6821;0.4653
O1Be6Mg6,11.3201;0.9154;0.8379
O1B6Mg6,20.9134;1.0289;1.0586
O1B6Na6,12.74;1.002;1.004
O1Mg6H6,10.8965;0.7962;0.634
O1Li6Si6,9.5482;0.7474;0.5586
O1Li6P6,9.7619;0.6642;0.4411
Mo1O6Li6,9.4497;0.569;0.3238
Mo1Ga6Nb6,10.9467;0.6373;0.4062
Mo1Al6Nb6,14.3836;0.5323;0.2834
Mo1B6Mg6,12.3874;1.0208;1.0421
Mo1B6Li6,10.9527;1.0441;1.0902
Mo1Mg6H6,10.3832;0.763;0.5822
Ru1Mo6Tc6,11.2868;0.3111;0.0968
Ru1Ga6Nb6,10.4853;0.6233;0.3885
Ru1Al6Nb6,13.1058;0.5981;0.3578
Ru1N6Nb6,9.9006;0.3915;0.1533
Ru1B6Mg6,13.2527;0.9153;0.8378
Ru1B6Li6,10.7197;1.0186;1.0375
Ru1Mg6H6,10.4528;0.7598;0.5772
Tm1Al6Nb6,12.3356;0.5802;0.3366
Tm1N6Nb6,10.2711;0.3305;0.1092
Tm1B6Mg6,10.348;0.9564;0.9147
Tm1B6Li6,9.9383;0.9259;0.8572
Os1Al6Nb6,11.6975;0.5896;0.3476
Os1B6Mg6,12.0253;1.0459;1.0939
Sn1Ga6Nb6,9.7276;0.5733;0.3287
Sn1Al6Nb6,11.7882;0.5798;0.3361
Sn1N6Nb6,12.514;0.3009;0.0905
Sn1B6Mg6,11.2745;1.031;1.063
Sn1B6Li6,11.5578;1.0859;1.1793
Nd1Al6Nb6,11.0079;0.6039;0.3647
Nd1N6Nb6,9.9696;0.3312;0.1097
Nd1B6Mg6,9.7215;0.8763;0.7679
Nd1B6Li6,10.6475;0.9001;0.8101
Bi1Ba6Pb6,10.2588;0.5041;0.2541
Bi1Al6Nb6,11.1188;0.6191;0.3833
Bi1N6Nb6,11.2001;0.3438;0.1182
Bi1B6Mg6,9.6477;1.0151;1.0305
Pb1Al6Nb6,11.6929;0.5098;0.2599
Pb1N6Nb6,10.6396;0.3625;0.1314
Pb1B6Mg6,10.0769;0.9002;0.8103
Pb1B6Li6,9.1367;0.8704;0.7576
S1N6Nb6,13.5115;0.2982;0.0889
S1N6Mg6,9.5441;0.6276;0.3939
S1Be6Mg6,9.682;0.9549;0.9118
S1B6Mg6,22.4615;1.338;1.7903
S1B6Li6,10.3669;0.8864;0.7857
S1B6Na6,11.6356;0.9969;0.9938
S1Mg6H6,10.7186;0.7539;0.5684
S1Li6P6,9.5541;0.6663;0.444
F1N6Nb6,11.7744;0.3462;0.1198
F1N6Mg6,10.6284;0.6615;0.4376
F1Be6Mg6,11.6361;0.9953;0.9905
F1B6Mg6,19.7948;1.1022;1.2149
F1B6Na6,12.9113;0.9544;0.9108
F1Mg6Li6,9.3977;0.848;0.7191
F1Mg6H6,10.7616;0.7784;0.6059
F1Li6Si6,9.5933;0.7696;0.5923
F1Li6P6,9.7579;0.6184;0.3825
V1Ga6Nb6,11.1788;0.6157;0.3791
V1Al6Nb6,14.7278;0.5017;0.2517
V1B6Mg6,20.8212;1.3367;1.7867
V1B6Li6,9.1479;0.9584;0.9186
V1B6Na6,9.3268;0.7785;0.6061
V1Mg6H6,10.8646;0.7811;0.6101
V1Li6Na6,10.1986;0.3734;0.1394
Ga1Al6Nb6,11.2193;0.5877;0.3454
Ga1N6Nb6,12.6217;0.3409;0.1162
Ga1Be6B6,9.2849;1.0109;1.0219
Ga1B6Mg6,13.3577;1.0007;1.0015
Ga1B6Li6,9.8652;0.9961;0.9922
Ga1Mg6H6,10.7054;0.8159;0.6658
Al1Ga6Nb6,10.4485;0.6256;0.3914
Al1N6Nb6,10.9854;0.4265;0.1819
Al1N6Mg6,10.3403;0.6744;0.4548
Al1B6Mg6,22.1208;1.0403;1.0823
Al1B6Li6,10.4389;0.927;0.8594
Al1B6Na6,11.9887;1.0135;1.0272
Al1Mg6H6,11.2493;0.7818;0.6112
Al1Li6P6,9.758;0.7526;0.5665
Sr1O6Li6,9.627;0.5868;0.3444
Sr1Al6Nb6,11.1915;0.4973;0.2473
Sr1B6Mg6,9.9106;0.9471;0.8971
Sr1B6Li6,10.7829;0.9431;0.8894
Sr1Mg6H6,10.4219;0.6785;0.4604
Co1Mo6Tc6,9.9161;0.4082;0.1666
Co1Al6Nb6,10.9563;0.5142;0.2644
Co1N6Nb6,9.5732;0.4645;0.2158
Co1B6Mg6,14.9476;0.9905;0.9811
Co1Mg6H6,10.6747;0.7565;0.5722
Re1Mo6Tc6,10.048;0.3213;0.1032
Re1Al6Nb6,12.0307;0.5583;0.3117
Re1B6Mg6,12.6579;1.2006;1.4414
Re1B6Li6,9.3157;0.8175;0.6683
W1Al6Nb6,13.2092;0.5348;0.2861
W1B6Mg6,10.8733;0.9995;0.999
W1B6Li6,9.5579;0.8546;0.7303
N1Be6Mg6,10.482;0.8841;0.7816
N1B6Mg6,21.8337;1.0234;1.0473
N1B6Na6,12.0511;0.9039;0.8171
N1Mg6Li6,9.6588;0.8664;0.7506
N1Mg6H6,10.4756;0.7586;0.5755
N1Li6Si6,10.214;0.7276;0.5294
N1Li6P6,9.5009;0.6623;0.4387
Be1O6Mg6,11.0122;0.9672;0.9354
Be1O6Na6,9.801;0.6282;0.3946
Be1S6Li6,9.9411;0.8189;0.6706
Be1F6Na6,9.7361;0.6422;0.4124
Be1Al6B6,9.6169;0.887;0.7867
Be1N6Mg6,11.3369;0.7924;0.6279
Be1B6Mg6,28.7541;0.8614;0.7421
Be1B6Li6,9.1585;0.8883;0.7892
Be1B6Na6,11.7418;0.9781;0.9568
Be1Mg6Li6,9.6223;0.7843;0.6151
Be1Mg6H6,10.506;0.7995;0.6392
Be1Li6P6,10.1404;0.7312;0.5347
Be1Li6Na6,10.239;0.4467;0.1996
Nb1O6Li6,9.5468;0.6145;0.3776
Nb1B6Mg6,13.1315;1.1362;1.291
Nb1B6Li6,10.6017;0.9741;0.9489
Nb1Mg6H6,10.6974;0.7528;0.5667
Tl1Al6Nb6,11.2897;0.6358;0.4043
Tl1N6Nb6,11.362;0.3905;0.1525
Tl1B6Mg6,10.1829;0.946;0.8949
Y1O6Li6,9.4547;0.6039;0.3647
Y1Ga6Nb6,10.5322;0.5444;0.2964
Y1Al6Nb6,12.2089;0.594;0.3528
Y1N6Nb6,10.748;0.3042;0.0926
Y1B6Mg6,11.4314;0.8943;0.7998
Y1B6Li6,10.91;1.0586;1.1207
Y1Mg6H6,10.4641;0.6919;0.4787
Hf1Ga6Nb6,10.8056;0.6223;0.3873
Hf1Al6Nb6,12.7259;0.5841;0.3412
Hf1N6Nb6,11.3799;0.3181;0.1012
Hf1B6Mg6,10.8779;1.0043;1.0086
Hf1B6Li6,9.7125;0.8474;0.7181
Cl1Tm6N6,9.4559;0.5937;0.3525
Cl1N6Nb6,14.3015;0.3467;0.1202
Cl1N6Zr6,10.3177;0.5506;0.3032
Cl1N6Mg6,9.631;0.5984;0.3581
Cl1N6Er6,9.5348;0.6068;0.3682
Cl1N6Ta6,9.5904;0.471;0.2218
Cl1N6Na6,9.4999;0.5489;0.3013
Cl1N6Lu6,9.641;0.5611;0.3149
Cl1Be6Mg6,9.4345;0.7951;0.6322
Cl1B6Mg6,19.842;1.0828;1.1725
Cl1B6Li6,10.4492;0.8379;0.7021
Cl1B6Na6,11.4834;0.911;0.8299
Cl1Mg6Li6,9.2753;0.8232;0.6776
Cl1Mg6H6,10.7678;0.7106;0.505
Sm1Al6Nb6,10.7998;0.6158;0.3793
Sm1N6Nb6,9.9836;0.3236;0.1047
Sm1B6Mg6,9.6637;0.9228;0.8515
Sm1B6Li6,10.7969;0.9146;0.8365
Ni1Mo6Tc6,9.8507;0.3563;0.1269
Ni1Al6Nb6,12.4968;0.5228;0.2733
Ni1B6Mg6,14.3335;0.9282;0.8615
Ni1B6Na6,9.206;0.8714;0.7593
Ni1Mg6H6,10.6858;0.7604;0.5782
Tb1Ga6Nb6,9.4237;0.5782;0.3343
Tb1Al6Nb6,11.7114;0.6132;0.376
Tb1N6Nb6,10.1887;0.3282;0.1077
Tb1B6Mg6,10.12;0.8742;0.7643
Tb1B6Li6,9.7354;0.8772;0.7694
Ce1Al6Nb6,10.3954;0.6148;0.378
Ce1B6Mg6,9.2558;0.8942;0.7996
Ce1B6Li6,10.5103;0.9221;0.8502
B1O6Mg6,10.5795;0.8971;0.8047
B1O6Na6,9.6431;0.5401;0.2917
B1S6Li6,10.0387;0.7589;0.5759
B1N6Mg6,11.1492;0.8431;0.7108
B1Be6Mg6,10.33;0.9507;0.9038
B1Cl6Li6,9.6032;0.5169;0.2672
B1Mg6Li6,9.3522;0.7832;0.6135
B1Mg6H6,10.574;0.7727;0.5971
B1Li6Si6,9.9784;0.8026;0.6442
B1Li6P6,10.4598;0.7161;0.5128
B1Li6Na6,9.9299;0.5325;0.2835
Gd1Al6Nb6,11.567;0.6049;0.3659
Gd1N6Nb6,10.2527;0.3327;0.1107
Gd1B6Mg6,10.0999;0.8874;0.7874
Gd1B6Li6,9.9964;0.864;0.7466
In1Sn6Nb6,9.6057;0.5556;0.3087
In1Ga6Nb6,10.1897;0.5539;0.3068
In1Al6Nb6,11.6513;0.5981;0.3577
In1N6Nb6,12.58;0.2971;0.0883
In1B6Mg6,11.0916;0.9411;0.8857
In1B6Li6,11.628;1.0535;1.1099
Pd1Mo6Tc6,10.5841;0.2742;0.0752
Pd1Al6Nb6,13.5329;0.5343;0.2855
Pd1B6Mg6,11.3755;0.9482;0.8992
Pd1B6Li6,10.6484;0.9866;0.9734
Pd1Mg6H6,10.5871;0.708;0.5012
Zr1Ga6Nb6,12.1545;0.5034;0.2534
Zr1Al6Nb6,13.5122;0.6039;0.3647
Zr1N6Nb6,12.2007;0.2689;0.0723
Zr1B6Mg6,11.9016;0.9357;0.8755
Zr1B6Li6,11.181;1.0647;1.1336
Zr1Mg6H6,10.24;0.782;0.6116
Mn1Mo6Tc6,9.6466;0.4001;0.16
Mn1Ga6Nb6,10.5278;0.5811;0.3377
Mn1Al6Nb6,11.8713;0.6057;0.3669
Mn1B6Mg6,15.7532;1.0868;1.181
Mn1B6Li6,9.269;0.882;0.7779
Mn1B6Na6,9.3548;0.7735;0.5982
Mn1Mg6H6,10.9621;0.843;0.7107
Ho1Al6Nb6,12.1269;0.5824;0.3392
Ho1N6Nb6,10.2543;0.3137;0.0984
Ho1B6Mg6,10.3765;0.9353;0.8747
Ho1B6Li6,9.9424;0.925;0.8556
Se1Al6Nb6,9.7704;0.6541;0.4279
Se1N6Nb6,13.6374;0.3124;0.0976
Se1B6Mg6,11.6928;1.0003;1.0007
Se1B6Li6,11.2196;0.9794;0.9593
Se1Mg6H6,11.1028;0.8355;0.698
Ti1O6Li6,9.5576;0.6452;0.4163
Ti1Ga6Nb6,11.7107;0.5991;0.3589
Ti1Al6Nb6,14.31;0.493;0.2431
Ti1N6Nb6,12.9337;0.3581;0.1282
Ti1B6Mg6,21.6147;1.3962;1.9495
Ti1B6Li6,9.4315;0.9861;0.9724
Ti1B6Na6,9.2306;0.8316;0.6916
Ti1Mg6H6,11.126;0.8433;0.7112
Ti1Li6Na6,10.2492;0.3417;0.1168
Hg1Al6Nb6,10.7093;0.6299;0.3968
Hg1N6Nb6,12.2362;0.374;0.1399
Hg1B6Mg6,10.1232;1.0114;1.023
Eu1Al6Nb6,11.6449;0.4996;0.2496
Eu1B6Li6,10.806;0.9054;0.8197
Rb1Ba6Pb6,10.4032;0.5076;0.2576
Rb1N6Li6,9.515;0.6139;0.3768
Rb1N6Tc6,9.5901;0.4548;0.2069
Rb1Be6B6,10.6372;0.9357;0.8756
Rb1B6Mg6,9.2575;0.9741;0.9489
Rb1B6Li6,10.4687;0.9083;0.8251
Rb1Mg6H6,10.6336;0.658;0.433
Pr1Al6Nb6,11.1238;0.5778;0.3338
Pr1N6Nb6,9.9677;0.3272;0.1071
Pr1B6Mg6,9.6879;0.8829;0.7795
Pr1B6Li6,10.6184;0.9136;0.8346
Mg1Ga6Nb6,10.3401;0.5498;0.3023
Mg1Al6Nb6,11.5599;0.6393;0.4087
Mg1Al6B6,10.2342;0.9201;0.8466
Mg1N6Nb6,12.3693;0.3301;0.109
Mg1Be6Si6,9.5014;0.5769;0.3328
Mg1B6Li6,10.445;1.0774;1.1609
Mg1B6Na6,11.7589;0.9967;0.9935
Mg1Li6P6,9.4147;0.7471;0.5582
Mg1Li6Na6,10.2351;0.4501;0.2026
Sb1Ba6Pb6,9.6058;0.4505;0.2029
Sb1Al6Nb6,11.9196;0.5541;0.307
Sb1N6Nb6,12.6351;0.3399;0.1155
Sb1Be6B6,9.262;1.0258;1.0523
Sb1B6Mg6,11.0015;1.02;1.0404
Sb1B6Li6,11.5851;1.037;1.0754
Er1Al6Nb6,12.0791;0.5924;0.3509
Er1N6Nb6,10.4395;0.3123;0.0975
Er1B6Mg6,10.4348;0.9308;0.8665
Er1B6Li6,9.9597;0.9079;0.8242
Rh1Mo6Tc6,11.0241;0.3444;0.1186
Rh1Ga6Nb6,9.8435;0.6308;0.3979
Rh1Al6Nb6,14.1767;0.4861;0.2363
Rh1B6Mg6,12.0591;0.9359;0.8759
Rh1B6Li6,10.7787;1.0286;1.058
Rh1Mg6H6,10.4105;0.7758;0.6019
Au1Al6Nb6,12.4571;0.4745;0.2251
Au1N6Nb6,10.7317;0.4858;0.236
Au1B6Mg6,9.5677;0.9697;0.9403
Zn1Al6Nb6,10.7578;0.6993;0.489
Zn1N6Nb6,10.8402;0.4281;0.1833
Zn1B6Mg6,14.5348;0.9052;0.8193
Zn1B6Li6,10.132;0.9603;0.9223
Zn1Mg6H6,10.5449;0.7137;0.5093
Li1O6Mg6,11.695;0.9837;0.9677
Li1F6Na6,9.4664;0.5883;0.3461
Li1Al6Nb6,9.9254;0.6287;0.3953
Li1Al6B6,10.2344;1.0013;1.0027
Li1N6Nb6,10.1945;0.5501;0.3026
Li1N6Mg6,12.3835;0.7812;0.6103
Li1N6Na6,9.3898;0.6668;0.4446
Li1Be6Mg6,9.6013;0.912;0.8318
Li1B6Mg6,22.7529;1.1318;1.2809
Li1B6Si6,9.3992;0.8241;0.6791
Li1B6Na6,11.4418;0.9573;0.9164
Li1Mg6H6,10.5351;0.8606;0.7407
Si1Al6Nb6,12.2161;0.469;0.22
Si1Al6B6,10.0163;0.9245;0.8547
Si1N6Nb6,10.5508;0.4286;0.1837
Si1N6Mg6,9.9499;0.7587;0.5757
Si1Be6Mg6,9.2963;0.8878;0.7881
Si1B6Mg6,25.8487;0.9845;0.9693
Si1B6Li6,10.3185;1.0054;1.0109
Si1B6Na6,12.795;1.0875;1.1826
Si1Mg6H6,10.8812;0.7358;0.5413
Si1Li6P6,9.5867;0.6474;0.4192
Si1Li6Na6,9.9895;0.4386;0.1923
P1Al6B6,10.3486;0.8067;0.6507
P1N6Nb6,12.7308;0.2968;0.0881
P1N6Mg6,10.0881;0.6714;0.4508
P1Be6Mg6,10.5191;0.9706;0.9421
P1B6Mg6,22.8342;1.2874;1.6573
P1B6Li6,10.4737;0.9955;0.9909
P1B6Na6,11.8018;0.9378;0.8796
P1Mg6H6,11.3947;0.8145;0.6634
Ta1Ga6Nb6,11.1631;0.6606;0.4364
Ta1Al6Nb6,13.9541;0.5335;0.2847
Ta1N6Nb6,10.56;0.2622;0.0688
Ta1B6Mg6,11.8127;1.1755;1.3818
Ta1B6Li6,9.4068;0.8288;0.6869
Na1O6Mg6,9.3195;0.764;0.5837
Na1S6Li6,9.3654;0.8674;0.7524
Na1Ga6Nb6,9.4302;0.5808;0.3374
Na1Al6Nb6,10.0386;0.5681;0.3227
Na1Al6B6,9.9752;0.9224;0.8509
Na1N6Mg6,12.4324;0.7482;0.5598
Na1B6Mg6,19.9387;1.1672;1.3624
Na1B6Li6,10.1892;1.0963;1.202
Na1B6Si6,10.0789;0.8605;0.7404
Na1Mg6Li6,9.7022;0.799;0.6383
Na1Mg6H6,11.1867;0.8045;0.6472
H1O6Mg6,10.253;0.8104;0.6568
H1S6Li6,9.4124;0.6318;0.3992
H1N6Mg6,9.6631;0.5704;0.3253
H1Be6Mg6,12.1318;0.9229;0.8518
H1Cl6Li6,9.5088;0.5513;0.304
H1B6Mg6,19.851;0.98;0.9604
H1B6Na6,11.6895;0.8013;0.6421
H1Mg6Li6,10.2143;0.8575;0.7354
H1Li6Si6,9.7528;0.7405;0.5484
H1Li6P6,9.8967;0.69;0.4761
H1Li6Na6,9.5683;0.6073;0.3688
Pt1Mo6Tc6,9.7573;0.2733;0.0747
Pt1Al6Nb6,13.1133;0.516;0.2662
Pt1B6Mg6,10.5732;1.0638;1.1317
Ge1Ga6Nb6,9.8551;0.6179;0.3818
Ge1Al6Nb6,12.6728;0.5871;0.3447
Ge1N6Nb6,12.593;0.3271;0.107
Ge1B6Mg6,13.7206;1.0052;1.0105
Ge1B6Li6,10.9935;0.9966;0.9932
Ge1Mg6H6,10.7368;0.6962;0.4847
Te1Al6Nb6,11.1761;0.5252;0.2758
Te1N6Nb6,12.3305;0.3236;0.1047
Te1Be6B6,9.3847;0.9367;0.8774
Te1B6Mg6,10.535;1.0102;1.0205
Te1B6Li6,11.2174;0.9238;0.8534
Ir1Mo6Tc6,9.7245;0.3101;0.0961
Ir1Al6Nb6,12.641;0.5685;0.3232
Ir1B6Mg6,10.9739;1.0562;1.1156
Ir1B6Li6,9.2317;0.8764;0.7681
Yb1Al6Nb6,12.2107;0.4972;0.2472
Yb1N6Nb6,9.8471;0.379;0.1436
Yb1B6Mg6,9.0725;0.945;0.8929
Yb1B6Li6,9.7474;0.9008;0.8115
Lu1Al6Nb6,11.5639;0.58;0.3364
Lu1N6Nb6,10.2678;0.361;0.1303
Lu1B6Mg6,10.2282;0.9472;0.8972
Lu1B6Li6,9.5822;0.8904;0.7927
Ag1Ga6Nb6,9.4485;0.5906;0.3488
Ag1Al6Nb6,13.5074;0.4998;0.2498
Ag1N6Nb6,10.228;0.3817;0.1457
Ag1B6Mg6,9.779;0.9264;0.8582
Ag1B6Li6,11.4839;0.9952;0.9903
Ag1Mg6H6,10.2344;0.7584;0.5752
Cd1Ga6Nb6,10.3754;0.5422;0.2939
Cd1Al6Nb6,11.6783;0.6166;0.3801
Cd1N6Nb6,13.0086;0.3203;0.1026
Cd1B6Mg6,11.1982;0.9981;0.9961
Cd1B6Li6,11.2194;0.9871;0.9744
Br1N6Nb6,12.8254;0.414;0.1714
Br1Be6B6,9.1958;0.8408;0.7069
Br1B6Mg6,11.5774;0.9829;0.966
Br1B6Li6,11.5058;0.9537;0.9096
Br1Mg6H6,10.4583;0.6976;0.4866
I1Al6Nb6,10.2959;0.5941;0.353
I1N6Nb6,12.3505;0.3938;0.1551
I1B6Mg6,9.883;1.0265;1.0536
I1B6Li6,11.7981;0.923;0.8519
Dy1Al6Nb6,11.6686;0.5992;0.3591
Dy1N6Nb6,10.218;0.3127;0.0978
Dy1B6Mg6,10.2196;0.8788;0.7724
Dy1B6Li6,9.9546;0.9416;0.8865
Sc1O6Li6,9.3601;0.6576;0.4325
Sc1Ga6Nb6,10.9687;0.6043;0.3651
Sc1Al6Nb6,12.7402;0.598;0.3575
Sc1N6Nb6,11.6884;0.3314;0.1098
Sc1B6Mg6,18.1398;1.3244;1.7541
Sc1B6Li6,9.8476;1.0638;1.1316
Sc1Mg6H6,10.5231;0.799;0.6385
Sc1Li6Na6,10.1834;0.3647;0.133
Cr1Ga6Nb6,10.5895;0.6058;0.367
Cr1Al6Nb6,14.137;0.5695;0.3243
Cr1B6Mg6,14.8391;1.1989;1.4373
Cr1Mg6H6,10.0603;0.8359;0.6987
Cr1Li6Na6,9.9525;0.3482;0.1212
Cs1Ba6Pb6,9.8134;0.535;0.2862
Cs1Be6B6,10.8788;0.8132;0.6613
Cs1B6Li6,10.3326;0.8535;0.7284
Tc1Ga6Nb6,10.9093;0.6157;0.3791
Tc1Al6Nb6,13.5605;0.6118;0.3743
Tc1N6Nb6,10.1284;0.3521;0.124
Tc1B6Mg6,14.1451;1.0784;1.1629
Tc1B6Li6,10.5047;0.9708;0.9424
Tc1Mg6H6,10.3279;0.7447;0.5545
Po1Al6Nb6,11.4708;0.521;0.2714
Po1N6Nb6,10.4395;0.4305;0.1853
Po1B6Mg6,9.1539;0.9912;0.9825

439 of 219450 appear to be promising

