hp_tune_blank_nc_normal:

{'ccp_alpha': 0.0, 'criterion': 'squared_error', 'max_depth': None, 'max_leaf_nodes': None, 'max_samples': None, 'min_impurity_decrease': 0.0, 'min_samples_leaf': 1, 'min_samples_split': 2, 'min_weight_fraction_leaf': 0.0, 'n_estimators': 200, 'n_jobs': None, 'oob_score': False, 'random_state': None, 'verbose': 0, 'warm_start': False, 'max_features': 'sqrt', 'bootstrap': False}

Ba1K1La1,9.2599;0.8857;0.7844
Ba1K1O1,9.6484;0.7765;0.6029
Ba1K1Nd1,10.2148;0.9092;0.8267
Ba1K1Bi1,15.3721;0.8334;0.6946
Ba1K1Pb1,11.6366;0.7301;0.533
Ba1K1Sr1,9.669;0.8493;0.7213
Ba1K1N1,10.7499;0.7517;0.5651
Ba1K1Y1,12.5238;0.7934;0.6295
Ba1K1Rb1,11.1957;0.6643;0.4414
Ba1K1H1,9.5258;0.8143;0.6631
Ba1K1Cs1,9.3523;0.8505;0.7234
Ba1Nd1Sr1,11.2784;1.1845;1.403
Ba1Nd1Rb1,10.512;0.9229;0.8518
Ba1Nd1D1,9.3996;1.0723;1.1498
Ba1Bi1Rb1,12.1979;0.7078;0.501
Ba1Sr1Rb1,9.4123;0.7423;0.551
Ba1N1C1,10.9765;0.5002;0.2502
Ba1B1Mg1,14.6819;0.9868;0.9737
Ba1C1Mg1,9.3989;0.6631;0.4397
Ba1Rb1Cs1,9.5441;0.6923;0.4792
K1N1Hf1,9.9854;0.5483;0.3006
K1N1Cl1,9.8263;0.5568;0.31
K1N1C1,13.1064;0.5816;0.3382
K1N1Rb1,9.9276;0.6506;0.4233
K1N1Li1,10.5574;0.6496;0.422
K1N1H1,9.9772;0.7542;0.5688
K1N1Br1,9.8503;0.5223;0.2728
K1N1Cs1,9.5929;0.7225;0.522
K1B1Mg1,12.3259;1.1973;1.4335
K1C1H1,9.9126;0.5155;0.2657
Fe1N1C1,10.6653;0.3946;0.1557
Fe1N1Li1,9.8835;0.5523;0.305
Fe1B1Mg1,15.1631;1.0802;1.1667
Fe1C1Mg1,10.2404;0.7458;0.5562
Fe1Mg1Li1,10.4105;1.0151;1.0305
As1Ca1Li1,10.0385;0.286;0.0818
As1N1C1,11.3573;0.4052;0.1642
As1N1Li1,9.8646;0.5854;0.3427
As1B1Mg1,15.2963;1.0128;1.0258
As1C1Mg1,9.9735;0.6988;0.4883
As1Mg1Li1,9.5753;0.8763;0.7679
Ca1La1Li1,10.3821;0.2878;0.0828
Ca1O1Li1,10.8986;0.2523;0.0637
Ca1Tm1Li1,10.8123;0.2819;0.0795
Ca1Nd1Li1,10.3275;0.3446;0.1187
Ca1F1Li1,10.284;0.322;0.1037
Ca1Sr1Li1,10.3811;0.2942;0.0865
Ca1Re1Li1,10.1607;0.3489;0.1217
Ca1W1Li1,10.4927;0.2912;0.0848
Ca1N1C1,11.4059;0.412;0.1697
Ca1N1Li1,11.5268;0.418;0.1747
Ca1Tl1Li1,10.8007;0.2593;0.0672
Ca1Hf1Li1,11.8667;0.5382;0.2896
Ca1Cl1Li1,10.4919;0.5156;0.2658
Ca1Sm1Li1,10.7974;0.2811;0.079
Ca1Tb1Li1,10.3074;0.2586;0.0669
Ca1B1Mg1,13.9533;0.9654;0.9319
Ca1C1Mg1,9.9121;0.7794;0.6074
Ca1Gd1Li1,10.2092;0.3697;0.1366
Ca1In1Li1,10.4516;0.3215;0.1034
Ca1Mn1Li1,10.0285;0.3528;0.1245
Ca1Ho1Li1,10.6233;0.2682;0.0719
Ca1Se1Li1,9.6788;0.3446;0.1187
Ca1Eu1Li1,10.8391;0.27;0.0729
Ca1Pr1Li1,10.5109;0.3076;0.0946
Ca1Mg1Li1,10.6105;0.8538;0.7291
Ca1Sb1Li1,9.7326;0.3445;0.1187
Ca1Er1Li1,10.0067;0.3325;0.1106
Ca1Li1Np1,10.8472;0.2699;0.0728
Ca1Li1P1,9.8206;0.3212;0.1032
Ca1Li1Ta1,10.1129;0.3141;0.0987
Ca1Li1Na1,10.6315;0.2735;0.0748
Ca1Li1Pa1,10.8472;0.2699;0.0728
Ca1Li1Yb1,10.7556;0.2677;0.0717
Ca1Li1T1,10.8476;0.2696;0.0727
Ca1Li1Th1,10.242;0.3392;0.115
Ca1Li1Lu1,10.2768;0.3094;0.0957
Ca1Li1Cd1,10.3431;0.3078;0.0947
Ca1Li1Br1,10.7169;0.4082;0.1666
Ca1Li1I1,11.6006;0.3684;0.1357
Ca1Li1Dy1,10.6224;0.2889;0.0835
Ca1Li1Sc1,10.479;0.3289;0.1082
Ca1Li1D1,10.6604;0.2707;0.0733
Ca1Li1Cs1,10.0976;0.3125;0.0977
Ca1Li1Tc1,10.8301;0.2748;0.0755
Ca1Li1Pu1,10.4175;0.3026;0.0916
Ca1Li1Am1,10.8472;0.2699;0.0728
Ca1Li1Cm1,10.8472;0.2699;0.0728
Ca1Li1Po1,10.8472;0.2699;0.0728
La1N1C1,10.7496;0.4289;0.184
La1B1Mg1,11.8049;0.9004;0.8107
La1C1Mg1,9.835;0.6902;0.4763
Cu1N1C1,10.9918;0.3896;0.1518
Cu1Y1I1,10.1;0.0;0.0
Cu1B1Mg1,9.8931;0.9755;0.9517
O1N1Nb1,9.7675;0.4089;0.1672
O1N1C1,10.8251;0.4249;0.1806
O1N1Li1,10.9627;0.4827;0.233
O1B1Mg1,15.5505;1.0519;1.1065
O1C1Mg1,10.1452;0.6919;0.4788
O1Mg1Li1,10.3165;0.8379;0.7021
Mo1Ru1Ni1,9.9435;0.3604;0.1299
Mo1Ru1P1,15.5;0.0;0.0
Mo1Ru1Tc1,9.8034;0.2878;0.0828
Mo1Co1Ni1,9.7164;0.3669;0.1346
Mo1N1C1,10.2535;0.3414;0.1165
Mo1Ni1P1,15.5;0.0;0.0
Mo1Ni1Tc1,10.8368;0.4065;0.1652
Mo1B1Mg1,15.3645;1.0254;1.0514
Mo1C1Mg1,9.5819;0.5715;0.3266
Mo1P1Tc1,10.7068;0.3386;0.1147
Ru1N1C1,10.2881;0.4748;0.2255
Ru1B1Mg1,14.4475;0.9835;0.9673
Ru1Mg1Li1,9.2984;0.8765;0.7683
Tm1N1C1,11.3514;0.4141;0.1715
Tm1N1Li1,10.057;0.5872;0.3449
Tm1B1Mg1,15.4856;1.0504;1.1033
Tm1C1Mg1,9.9442;0.6646;0.4417
Tm1Mg1Li1,9.9289;0.9132;0.834
Os1N1C1,11.1067;0.3897;0.1519
Os1N1Li1,9.6779;0.5694;0.3242
Os1B1Mg1,14.9981;0.995;0.9901
Os1C1Mg1,9.7393;0.6713;0.4507
Os1Mg1Li1,9.4089;0.9118;0.8315
Sn1Al1Nb1,17.45;0.0;0.0
Sn1N1C1,11.2324;0.4038;0.1631
Sn1N1Li1,9.5077;0.555;0.308
Sn1B1Mg1,14.0793;0.9356;0.8754
Sn1C1Mg1,9.8836;0.6719;0.4515
Sn1Mg1Li1,9.1368;0.875;0.7656
Nd1N1C1,10.8894;0.4484;0.2011
Nd1N1Li1,10.0173;0.6002;0.3602
Nd1B1Mg1,15.2787;1.0664;1.1372
Nd1C1Mg1,9.4605;0.7053;0.4975
Nd1Mg1Li1,9.7786;0.9303;0.8655
Bi1N1C1,11.3341;0.3922;0.1538
Bi1B1Mg1,12.3971;1.0448;1.0916
Bi1C1Mg1,9.5155;0.6774;0.4588
Pb1N1C1,11.2987;0.3914;0.1532
Pb1N1Li1,10.4299;0.4791;0.2295
Pb1B1Mg1,15.0917;0.97;0.9408
Pb1C1Mg1,10.6761;0.6191;0.3833
Pb1Mg1Li1,10.7631;0.8495;0.7216
S1N1C1,11.137;0.3536;0.1251
S1Nb1P1,12.5;0.0;0.0
S1B1Mg1,15.7402;1.0374;1.0763
S1C1Mg1,10.3091;0.6738;0.454
F1N1C1,10.8942;0.4657;0.2169
F1N1Li1,9.7261;0.5858;0.3432
F1B1Mg1,10.2123;0.676;0.457
F1C1Mg1,10.0971;0.6882;0.4736
F1Mg1Li1,10.0357;0.8812;0.7765
V1B1Mg1,15.5222;1.0309;1.0628
V1C1Mg1,9.6202;0.723;0.5227
Ga1N1C1,9.589;0.4401;0.1937
Ga1B1Mg1,12.4389;0.9647;0.9306
Al1B1Mg1,12.867;0.9387;0.8811
Sr1N1Hf1,9.5048;0.5471;0.2993
Sr1N1C1,11.6867;0.4168;0.1737
Sr1N1Li1,10.1395;0.562;0.3158
Sr1B1Mg1,15.6974;1.0479;1.0981
Sr1C1Mg1,10.1259;0.6915;0.4781
Sr1Mg1Li1,9.8301;0.9141;0.8357
Co1N1C1,10.5628;0.4044;0.1635
Co1B1Mg1,14.5471;1.1065;1.2244
Co1C1Mg1,10.1463;0.6786;0.4606
Co1Mg1Li1,9.5266;0.8587;0.7373
Re1N1C1,11.3208;0.4048;0.1638
Re1N1Li1,9.9739;0.5954;0.3545
Re1B1Mg1,15.7928;1.0231;1.0468
Re1C1Mg1,9.9439;0.6555;0.4297
Re1Mg1Li1,9.7366;0.9339;0.8722
W1N1C1,10.4587;0.4094;0.1676
W1B1Mg1,15.7672;1.0315;1.0641
W1C1Mg1,10.4656;0.646;0.4173
W1Mg1Li1,9.721;0.8584;0.7368
N1Be1C1,11.3329;0.4424;0.1957
N1Nb1Hf1,9.7463;0.4143;0.1716
N1Nb1C1,16.125;0.0;0.0
N1Nb1Zr1,10.0257;0.4325;0.1871
N1Nb1Ti1,12.0324;0.4622;0.2137
N1Nb1Li1,11.2165;0.5184;0.2688
N1Nb1P1,9.9487;0.4082;0.1666
N1Nb1Na1,10.3098;0.4121;0.1698
N1Nb1I1,10.0033;0.4825;0.2329
N1Nb1Cs1,10.6289;0.5705;0.3255
N1Tl1C1,11.448;0.4459;0.1989
N1Tl1Li1,10.0671;0.587;0.3445
N1Y1C1,9.9789;0.3885;0.1509
N1Y1Li1,9.6476;0.5881;0.3459
N1Hf1Cl1,14.8099;0.5951;0.3541
N1Hf1C1,12.5274;0.4307;0.1855
N1Hf1Rb1,9.8607;0.5105;0.2606
N1Hf1Li1,16.508;0.5296;0.2805
N1Hf1Na1,11.1282;0.5033;0.2533
N1Hf1I1,11.1712;0.5664;0.3208
N1Hf1Cs1,10.5198;0.5025;0.2525
N1Cl1C1,10.305;0.4404;0.1939
N1Cl1Zr1,13.0;0.0;0.0
N1Cl1Rb1,10.182;0.4402;0.1938
N1Cl1Li1,12.2735;0.5723;0.3275
N1Cl1Na1,10.2112;0.4058;0.1647
N1Sm1C1,11.5043;0.3918;0.1535
N1Sm1Li1,10.0609;0.5874;0.345
N1Ni1C1,10.4018;0.4267;0.1821
N1Ni1Li1,9.5746;0.5358;0.287
N1Tb1Li1,9.5105;0.634;0.402
N1B1Mg1,13.7954;0.9154;0.838
N1C1Gd1,10.4044;0.4222;0.1782
N1C1In1,10.8795;0.4558;0.2077
N1C1Pd1,10.4097;0.4269;0.1822
N1C1Zr1,10.883;0.4366;0.1906
N1C1Mn1,10.8788;0.4179;0.1747
N1C1Ho1,11.4134;0.3989;0.1591
N1C1Se1,11.5383;0.3936;0.155
N1C1Hg1,12.154;0.4689;0.2198
N1C1Eu1,11.5556;0.3924;0.154
N1C1Pr1,10.7582;0.4359;0.19
N1C1Mg1,12.0301;0.5789;0.3352
N1C1Sb1,11.1436;0.4346;0.1889
N1C1Er1,11.4123;0.3655;0.1336
N1C1Au1,10.9721;0.3777;0.1427
N1C1Zn1,11.1881;0.405;0.1641
N1C1Li1,12.043;0.4706;0.2215
N1C1Np1,11.556;0.3931;0.1546
N1C1Si1,10.362;0.4548;0.2069
N1C1P1,11.5185;0.3957;0.1566
N1C1Ta1,11.4407;0.2029;0.0412
N1C1Na1,13.3619;0.4678;0.2188
N1C1H1,13.3779;0.5539;0.3068
N1C1Pt1,10.7505;0.4003;0.1603
N1C1Ge1,10.5055;0.4307;0.1855
N1C1Pa1,11.5554;0.3924;0.154
N1C1Te1,10.1129;0.4322;0.1868
N1C1Yb1,11.4832;0.4037;0.163
N1C1T1,11.5555;0.3924;0.154
N1C1Th1,10.7422;0.378;0.1429
N1C1Lu1,10.747;0.3632;0.1319
N1C1Ag1,10.3309;0.4317;0.1864
N1C1Cd1,11.4641;0.3681;0.1355
N1C1Br1,10.9547;0.4504;0.2029
N1C1I1,12.211;0.4141;0.1714
N1C1Dy1,10.5856;0.4274;0.1826
N1C1Sc1,10.5609;0.4145;0.1718
N1C1D1,11.6129;0.3949;0.1559
N1C1Cs1,13.9996;0.7943;0.6309
N1C1Tc1,11.6303;0.3765;0.1417
N1C1Pu1,11.5335;0.3986;0.1589
N1C1Am1,11.5554;0.3924;0.154
N1C1Cm1,11.5554;0.3924;0.154
N1C1Po1,11.5554;0.3924;0.154
N1Gd1Li1,9.985;0.5784;0.3346
N1In1Li1,9.8101;0.6307;0.3978
N1Pd1Li1,9.6911;0.5637;0.3177
N1Zr1Li1,10.9337;0.4073;0.1659
N1Mn1Li1,9.9088;0.6034;0.364
N1Ho1Li1,10.0421;0.5866;0.3441
N1Se1Li1,9.5326;0.5708;0.3258
N1Eu1Li1,10.064;0.5886;0.3465
N1Rb1Li1,10.178;0.5237;0.2743
N1Rb1Cs1,9.7443;0.6074;0.3689
N1Pr1Li1,10.0114;0.59;0.3481
N1Mg1Li1,11.9833;0.7027;0.4938
N1Sb1Li1,9.6492;0.5631;0.3171
N1Er1Li1,9.9778;0.5966;0.3559
N1Li1Np1,10.0638;0.5889;0.3468
N1Li1P1,10.0202;0.5849;0.3421
N1Li1Ta1,10.5974;0.5204;0.2708
N1Li1Na1,11.1814;0.552;0.3047
N1Li1Pa1,10.0636;0.5889;0.3467
N1Li1Yb1,10.0562;0.5905;0.3487
N1Li1T1,10.0636;0.5889;0.3467
N1Li1Th1,9.5425;0.5723;0.3276
N1Li1Lu1,10.0096;0.5839;0.341
N1Li1Cd1,10.0214;0.5848;0.342
N1Li1Br1,10.7677;0.5936;0.3524
N1Li1I1,13.3685;0.6017;0.3621
N1Li1Dy1,10.045;0.5911;0.3494
N1Li1D1,10.1553;0.572;0.3272
N1Li1Cs1,11.3928;0.6354;0.4038
N1Li1Tc1,10.0715;0.5816;0.3383
N1Li1Pu1,10.0011;0.5883;0.346
N1Li1Am1,10.0636;0.5889;0.3467
N1Li1Cm1,10.0636;0.5889;0.3467
N1Li1Po1,10.0636;0.5889;0.3467
N1Na1Cs1,9.7746;0.6029;0.3635
Be1B1Mg1,16.3855;1.1381;1.2953
Be1C1Mg1,10.6826;0.7584;0.5752
Be1Mg1Li1,9.8153;0.7499;0.5623
Nb1Ni1C1,9.8697;0.4026;0.1621
Nb1B1Mg1,15.5409;1.0237;1.048
Nb1C1Mg1,10.5954;0.5738;0.3292
Tl1B1Mg1,14.3569;0.9563;0.9146
Tl1C1Mg1,9.8911;0.7301;0.533
Tl1Mg1Li1,9.6111;0.9364;0.8769
Y1Ni1Pd1,9.9139;0.5546;0.3076
Y1B1Mg1,13.8864;0.9977;0.9954
Y1C1Th1,10.541;0.4518;0.2041
Hf1Cl1Li1,10.2452;0.7773;0.6041
Hf1B1Mg1,15.8764;1.0217;1.0438
Hf1C1Mg1,10.0697;0.6854;0.4698
Hf1Mg1Li1,10.8063;0.9307;0.8662
Cl1B1Mg1,15.3079;0.8462;0.7161
Cl1C1Mg1,9.4894;0.6943;0.4821
Cl1Mg1Li1,10.6475;0.9088;0.8259
Sm1B1Mg1,15.3449;1.0645;1.1331
Sm1C1Mg1,10.0743;0.698;0.4871
Sm1Mg1Li1,9.924;0.9128;0.8333
Ni1B1Mg1,15.3755;0.9743;0.9493
Ni1C1Mg1,9.8639;0.6314;0.3987
Ni1Mg1Li1,9.47;0.8535;0.7284
Tb1B1Mg1,15.0737;1.0442;1.0903
Tb1Mg1Li1,9.8141;0.8908;0.7935
Ce1B1Mg1,12.7697;1.0134;1.027
B1C1Mg1,16.1455;0.4682;0.2192
B1Gd1Mg1,15.1301;1.0595;1.1225
B1In1Mg1,15.0991;0.9458;0.8946
B1Pd1Mg1,14.5489;1.1192;1.2527
B1Zr1Mg1,17.0248;1.1056;1.2223
B1Mn1Mg1,19.0081;1.1858;1.406
B1Ho1Mg1,15.3447;1.0474;1.097
B1Se1Mg1,15.5402;1.0268;1.0542
B1Ti1Mg1,17.1448;1.1722;1.374
B1Hg1Mg1,11.4932;0.9818;0.9639
B1Eu1Mg1,15.5131;1.0549;1.1128
B1Rb1Mg1,15.5936;1.0819;1.1704
B1Pr1Mg1,15.3087;1.0576;1.1185
B1Mg1Sb1,13.1723;1.1092;1.2302
B1Mg1Er1,15.3417;1.0384;1.0783
B1Mg1Rh1,12.5694;1.0085;1.017
B1Mg1Au1,11.2406;0.9752;0.951
B1Mg1Zn1,10.7962;0.9997;0.9995
B1Mg1Li1,17.8183;1.0088;1.0176
B1Mg1Np1,15.5428;1.0432;1.0882
B1Mg1Si1,9.9399;0.8753;0.7662
B1Mg1P1,15.6947;1.0154;1.0311
B1Mg1Ta1,15.3722;1.0627;1.1293
B1Mg1Na1,17.2219;1.1914;1.4195
B1Mg1H1,15.9622;1.0517;1.106
B1Mg1Pt1,13.1166;0.9695;0.94
B1Mg1Ge1,14.276;0.9995;0.999
B1Mg1Pa1,15.5376;1.0487;1.0997
B1Mg1Te1,13.5533;1.1079;1.2274
B1Mg1Ir1,9.3072;0.8531;0.7278
B1Mg1Yb1,15.3938;1.0443;1.0907
B1Mg1T1,15.546;1.0466;1.0954
B1Mg1U1,12.3854;1.1273;1.2707
B1Mg1Th1,15.4601;1.0567;1.1167
B1Mg1Lu1,15.7258;1.0268;1.0544
B1Mg1Ag1,13.2611;1.0254;1.0515
B1Mg1Cd1,12.0754;1.0723;1.1498
B1Mg1Br1,15.4648;1.0529;1.1085
B1Mg1I1,15.7874;1.008;1.0161
B1Mg1Dy1,15.3431;1.0436;1.0891
B1Mg1Sc1,17.5486;1.1456;1.3125
B1Mg1D1,17.354;1.0124;1.0249
B1Mg1Cs1,15.4529;1.0316;1.0641
B1Mg1Tc1,15.9679;1.048;1.0984
B1Mg1Pu1,15.7492;1.0548;1.1127
B1Mg1Am1,15.5375;1.0487;1.0998
B1Mg1Cm1,15.5376;1.0487;1.0997
B1Mg1Po1,15.5376;1.0487;1.0997
C1In1Mg1,10.0907;0.6693;0.4479
C1Zr1Mg1,9.7537;0.6625;0.4389
C1Mn1Mg1,10.7898;0.6772;0.4586
C1Ho1Mg1,10.0228;0.6992;0.4888
C1Se1Mg1,10.1514;0.6932;0.4806
C1Ti1Mg1,10.0493;0.7399;0.5474
C1Hg1Mg1,10.4112;0.766;0.5867
C1Eu1Mg1,10.1693;0.6942;0.4819
C1Rb1Cs1,9.4349;1.0013;1.0026
C1Pr1Mg1,9.3365;0.726;0.527
C1Mg1Sb1,9.342;0.6682;0.4465
C1Mg1Er1,9.9627;0.6651;0.4424
C1Mg1Li1,12.2885;0.7532;0.5673
C1Mg1Np1,10.1695;0.6949;0.4829
C1Mg1P1,10.1111;0.6949;0.4829
C1Mg1Ta1,10.4734;0.687;0.4719
C1Mg1Na1,11.6294;0.7643;0.5842
C1Mg1H1,10.6872;0.6634;0.4401
C1Mg1Ge1,9.8008;0.6764;0.4575
C1Mg1Pa1,10.168;0.6946;0.4824
C1Mg1Yb1,10.0665;0.7092;0.503
C1Mg1T1,10.1682;0.6943;0.4821
C1Mg1Th1,10.1468;0.6666;0.4443
C1Mg1Lu1,9.5337;0.5884;0.3463
C1Mg1Ag1,9.3263;0.6803;0.4628
C1Mg1Cd1,9.4038;0.6919;0.4787
C1Mg1Br1,10.341;0.6539;0.4276
C1Mg1I1,10.5958;0.6569;0.4315
C1Mg1Sc1,10.933;0.7882;0.6212
C1Mg1D1,10.3729;0.6986;0.488
C1Mg1Tc1,10.3235;0.6875;0.4727
C1Mg1Pu1,10.1607;0.6859;0.4705
C1Mg1Am1,10.1682;0.6946;0.4825
C1Mg1Cm1,10.168;0.6946;0.4824
C1Mg1Po1,10.168;0.6946;0.4824
Gd1Mg1Li1,9.7775;0.9339;0.8721
In1Mg1Li1,10.1715;0.8507;0.7238
Pd1Mg1Li1,9.268;0.8051;0.6482
Zr1Mg1Li1,10.209;0.8661;0.7501
Mn1Mg1Li1,12.3051;0.8318;0.6918
Ho1Mg1Li1,9.8822;0.9206;0.8474
Se1Mg1Li1,9.204;0.9567;0.9153
Ti1Mg1Li1,10.4254;0.8445;0.7132
Eu1Mg1Li1,9.9371;0.9111;0.8301
Pr1Mg1Li1,9.8202;0.8975;0.8055
Mg1Er1Li1,9.6861;0.911;0.8299
Mg1Li1Np1,9.9356;0.9112;0.8303
Mg1Li1P1,9.5872;0.8768;0.7689
Mg1Li1Ta1,9.5322;0.8993;0.8088
Mg1Li1Na1,11.7451;1.0131;1.0264
Mg1Li1Pa1,9.9358;0.9107;0.8294
Mg1Li1Yb1,9.9121;0.9127;0.8331
Mg1Li1T1,9.9359;0.9105;0.829
Mg1Li1Th1,9.7511;0.8983;0.8069
Mg1Li1Lu1,9.8141;0.9197;0.8458
Mg1Li1Br1,9.9941;0.8369;0.7004
Mg1Li1I1,10.3863;0.8972;0.8051
Mg1Li1Dy1,9.8827;0.9094;0.827
Mg1Li1Sc1,10.7407;0.8991;0.8084
Mg1Li1D1,10.0545;0.9097;0.8276
Mg1Li1Cs1,9.6984;0.892;0.7956
Mg1Li1Tc1,9.9558;0.9036;0.8165
Mg1Li1Pu1,9.8241;0.9174;0.8417
Mg1Li1Am1,9.9358;0.9107;0.8294
Mg1Li1Cm1,9.9358;0.9107;0.8294
Mg1Li1Po1,9.9358;0.9107;0.8294

428 of 105995 appear to be promising

hp_tune_min_nc_normal:

{'ccp_alpha': 0.0, 'criterion': 'squared_error', 'max_depth': None, 'max_leaf_nodes': None, 'max_samples': None, 'min_impurity_decrease': 0.0, 'min_samples_leaf': 1, 'min_samples_split': 2, 'min_weight_fraction_leaf': 0.0, 'n_estimators': 200, 'n_jobs': None, 'oob_score': False, 'random_state': None, 'verbose': 0, 'warm_start': False, 'max_features': 'sqrt', 'bootstrap': False}

Ba1O1F1,11.0924;1.0473;1.0968
Ba1O1N1,10.4365;0.887;0.7868
Ba1O1Cl1,9.8056;0.7053;0.4974
Ba1F1N1,9.2176;0.7974;0.6359
Ba1N1Cl1,13.0155;0.5896;0.3476
K1O1Bi1,9.6881;0.8202;0.6728
K1O1S1,11.3647;0.6741;0.4543
K1O1F1,10.5185;0.852;0.7259
K1O1N1,10.4366;0.7071;0.5
K1O1Cl1,11.6226;0.638;0.407
K1O1Se1,10.198;0.8398;0.7052
K1O1P1,11.7608;0.7297;0.5325
K1O1Br1,10.2644;0.799;0.6384
K1O1I1,9.2304;0.8228;0.6771
K1S1N1,10.0305;0.6517;0.4247
K1F1N1,9.5094;0.6019;0.3622
K1F1Cl1,9.9423;0.6823;0.4656
K1F1P1,9.5785;0.7291;0.5316
K1N1Cl1,13.0091;0.5072;0.2573
K1N1P1,10.2576;0.6423;0.4126
K1N1Br1,10.5824;0.6464;0.4178
Ca1N1Cl1,12.1486;0.3545;0.1257
Ca1N1Br1,11.2091;0.4616;0.2131
Ca1N1I1,9.9815;0.5095;0.2596
La1N1Cl1,12.9606;0.5412;0.2929
Cu1Y1I1,10.1;0.0;0.0
O1F1Rb1,11.3022;0.8445;0.7131
O1F1Mg1,9.5675;0.812;0.6593
O1F1Cs1,10.2024;0.6744;0.4548
O1N1Rb1,11.1114;0.547;0.2992
O1N1Mg1,9.9263;0.7992;0.6388
O1N1Cs1,11.1273;0.5723;0.3275
O1Be1Mg1,11.8269;0.8594;0.7385
O1Cl1Rb1,9.8916;0.8339;0.6954
O1B1Mg1,13.9832;0.7966;0.6345
O1B1Na1,10.2069;0.7472;0.5583
O1C1Mg1,12.8335;0.8014;0.6423
O1Rb1P1,9.2345;0.8684;0.7541
O1Mg1Li1,14.4027;0.9525;0.9073
O1Mg1H1,11.1429;0.92;0.8464
O1Li1Na1,10.0363;0.6723;0.452
Mo1Ru1P1,15.5;0.0;0.0
Mo1N1Cl1,10.1641;0.395;0.156
Mo1Ni1P1,15.5;0.0;0.0
Tm1S1N1,11.02;0.6083;0.37
Tm1N1Cl1,14.4956;0.5216;0.272
Tm1N1P1,10.0874;0.5857;0.3431
Tm1N1Br1,9.9953;0.461;0.2125
Os1N1Cl1,10.6827;0.6025;0.3631
Sn1Al1Nb1,17.45;0.0;0.0
Sn1N1Cl1,10.0141;0.6267;0.3928
Sn1N1Ti1,9.5283;0.6424;0.4127
Sn1N1Mg1,9.4737;0.6278;0.3942
Nd1S1N1,9.6379;0.5854;0.3427
Nd1N1Cl1,13.6313;0.5506;0.3031
Bi1N1Cl1,9.9369;0.6315;0.3987
Bi1N1Li1,11.8164;0.5513;0.3039
Pb1N1Cl1,11.6507;0.5091;0.2592
Pb1N1Li1,9.8071;0.6206;0.3851
S1Sr1N1,10.0171;0.4915;0.2416
S1N1Nb1,9.5388;0.4624;0.2138
S1N1Y1,9.6079;0.5306;0.2816
S1N1Hf1,11.6939;0.6171;0.3809
S1N1Sm1,9.6185;0.5262;0.2769
S1N1Tb1,10.6061;0.541;0.2927
S1N1Gd1,10.5127;0.5175;0.2678
S1N1Zr1,10.1046;0.4036;0.1629
S1N1Ho1,11.0448;0.5901;0.3482
S1N1Eu1,9.7708;0.5765;0.3324
S1N1Mg1,9.5315;0.5781;0.3342
S1N1Er1,10.9502;0.6103;0.3725
S1N1Yb1,10.9831;0.5689;0.3237
S1N1Lu1,10.7896;0.5542;0.3072
S1N1Dy1,10.8065;0.5777;0.3338
S1Be1Li1,10.3905;0.6865;0.4712
S1Nb1P1,12.5;0.0;0.0
S1B1Mg1,10.1125;0.753;0.567
S1B1Li1,9.7518;0.7666;0.5877
F1Al1Li1,9.3844;0.7502;0.5628
F1N1Rb1,10.5743;0.6358;0.4043
F1N1Cs1,10.9053;0.5174;0.2677
F1Be1Mg1,12.6255;0.8816;0.7773
F1Cl1Rb1,9.711;0.7689;0.5912
F1B1Mg1,12.8329;0.7755;0.6014
F1B1Na1,9.2826;0.7475;0.5587
F1C1Mg1,10.4443;0.862;0.7431
F1Rb1P1,9.6391;0.8485;0.72
F1Mg1Li1,15.0391;0.8796;0.7737
F1Mg1H1,10.6287;0.873;0.7622
F1Li1Na1,9.5897;0.7292;0.5317
V1N1Cl1,9.8641;0.4444;0.1975
V1N1I1,11.3187;0.4498;0.2023
Al1B1Li1,9.7074;0.9463;0.8955
Al1C1Mg1,10.3849;0.9616;0.9246
Al1Mg1H1,11.9422;0.7449;0.5549
Sr1N1Cl1,13.1785;0.4058;0.1647
Sr1N1Se1,9.6099;0.624;0.3894
Sr1N1P1,9.8953;0.5389;0.2904
Sr1N1Br1,11.073;0.534;0.2852
Re1N1Cl1,10.9245;0.5921;0.3506
W1N1Cl1,10.7432;0.5206;0.271
N1Be1Mg1,12.5872;0.7944;0.6311
N1Nb1Cl1,11.2112;0.3953;0.1563
N1Nb1C1,16.125;0.0;0.0
N1Nb1Se1,10.6273;0.4645;0.2158
N1Nb1P1,9.6135;0.4564;0.2083
N1Nb1Br1,11.5272;0.4884;0.2385
N1Nb1I1,9.8299;0.5187;0.2691
N1Tl1Cl1,11.352;0.5213;0.2718
N1Y1Cl1,12.2328;0.4912;0.2413
N1Y1Br1,11.0323;0.4857;0.2359
N1Hf1Cl1,17.0045;0.4977;0.2477
N1Hf1Se1,9.6872;0.5856;0.343
N1Hf1P1,11.3053;0.6603;0.436
N1Hf1Br1,11.8046;0.5383;0.2898
N1Hf1I1,9.7099;0.6326;0.4002
N1Cl1Sm1,13.587;0.5709;0.326
N1Cl1Tb1,14.0199;0.544;0.2959
N1Cl1Ce1,12.7314;0.5502;0.3027
N1Cl1Gd1,13.9171;0.5327;0.2838
N1Cl1In1,10.1887;0.5729;0.3282
N1Cl1Pd1,9.8648;0.4505;0.203
N1Cl1Zr1,13.5149;0.3542;0.1255
N1Cl1Ho1,14.502;0.5033;0.2534
N1Cl1Ti1,10.4021;0.5099;0.26
N1Cl1Hg1,10.447;0.627;0.3931
N1Cl1Eu1,13.9847;0.5231;0.2737
N1Cl1Rb1,12.3488;0.5523;0.3051
N1Cl1Pr1,13.5261;0.5272;0.2779
N1Cl1Mg1,12.1104;0.5269;0.2776
N1Cl1Sb1,10.5574;0.5019;0.2519
N1Cl1Er1,14.46;0.537;0.2884
N1Cl1Rh1,9.5556;0.4456;0.1986
N1Cl1Au1,9.6317;0.6246;0.3901
N1Cl1Li1,10.3804;0.472;0.2228
N1Cl1Np1,10.8931;0.6082;0.3698
N1Cl1Ta1,12.4727;0.5298;0.2807
N1Cl1Na1,12.3375;0.4182;0.1749
N1Cl1Pt1,10.6744;0.5902;0.3484
N1Cl1Pa1,12.1288;0.5172;0.2675
N1Cl1Te1,9.7979;0.5468;0.299
N1Cl1Ir1,10.376;0.5944;0.3534
N1Cl1Yb1,14.9189;0.4516;0.204
N1Cl1U1,11.2666;0.5754;0.3311
N1Cl1Th1,13.3181;0.4196;0.176
N1Cl1Lu1,14.3167;0.558;0.3114
N1Cl1Cd1,10.5377;0.6338;0.4017
N1Cl1Dy1,14.1494;0.5452;0.2973
N1Cl1Sc1,11.981;0.4172;0.1741
N1Cl1Cs1,12.0444;0.5617;0.3155
N1Cl1Tc1,10.0958;0.4579;0.2097
N1Cl1Pu1,11.144;0.6305;0.3976
N1Cl1Am1,12.0069;0.6249;0.3905
N1Cl1Po1,11.4542;0.496;0.2461
N1Tb1P1,9.4235;0.5922;0.3507
N1Tb1Br1,9.7461;0.506;0.256
N1B1Mg1,13.2306;1.0484;1.0991
N1C1Mg1,12.6224;0.8546;0.7303
N1Zr1Se1,10.0072;0.4492;0.2018
N1Zr1Br1,12.4656;0.3473;0.1206
N1Zr1I1,9.7903;0.4022;0.1618
N1Mn1I1,9.9247;0.5306;0.2816
N1Ho1P1,9.8361;0.5844;0.3416
N1Ho1Br1,9.9267;0.4832;0.2335
N1Se1Mg1,9.3752;0.652;0.4252
N1Se1Na1,9.6453;0.5591;0.3126
N1Ti1Te1,9.5552;0.556;0.3092
N1Ti1Br1,11.6048;0.4584;0.2101
N1Ti1I1,11.6161;0.437;0.191
N1Eu1P1,9.3505;0.6629;0.4395
N1Rb1Br1,9.7271;0.6111;0.3734
N1Mg1Li1,14.4511;0.843;0.7106
N1Mg1P1,9.3987;0.6662;0.4438
N1Mg1H1,10.8078;0.9678;0.9366
N1Mg1Te1,9.6997;0.6357;0.4041
N1Mg1Br1,11.1197;0.6317;0.399
N1Mg1I1,11.0541;0.4812;0.2316
N1Er1P1,9.8916;0.5955;0.3546
N1Er1Br1,9.9726;0.485;0.2352
N1Li1Br1,10.7794;0.6353;0.4036
N1Li1I1,11.375;0.6099;0.3719
N1Li1Po1,9.718;0.573;0.3283
N1P1Yb1,10.7831;0.6781;0.4598
N1P1Lu1,10.0085;0.5881;0.3459
N1P1Dy1,9.6296;0.5931;0.3518
N1Ta1Br1,9.6178;0.5322;0.2833
N1Na1Br1,10.9467;0.5188;0.2692
N1Na1I1,10.5531;0.4681;0.2191
N1Yb1Br1,9.994;0.4557;0.2076
N1Lu1Br1,9.9529;0.4938;0.2438
N1Br1Dy1,9.8615;0.5105;0.2606
N1Br1Sc1,12.1815;0.4733;0.224
N1I1Sc1,10.8652;0.4149;0.1721
N1I1Cr1,10.6745;0.5752;0.3308
Be1Cl1Li1,10.4428;0.584;0.3411
Be1B1Mg1,16.9225;0.9568;0.9155
Be1B1Si1,9.3626;0.7059;0.4983
Be1C1Mg1,17.3238;0.7148;0.511
Be1Mg1H1,10.9648;1.0047;1.0094
Be1Li1P1,9.809;0.6204;0.3848
Cl1B1Mg1,11.1243;0.7771;0.6039
Cl1B1Li1,10.5691;0.7165;0.5133
Cl1C1Mg1,10.0228;0.7567;0.5726
Cl1Mg1H1,10.2506;0.8324;0.693
Cl1H1Cs1,9.4216;0.6397;0.4092
B1C1Mg1,17.782;0.735;0.5402
B1Mg1Li1,14.0842;0.9888;0.9778
B1Mg1Si1,10.7716;0.9638;0.9288
B1Mg1P1,10.2508;0.8838;0.7811
B1Mg1H1,12.5967;1.1219;1.2586
B1Li1Si1,10.7315;0.8024;0.6438
B1Li1P1,10.931;0.8161;0.666
C1Mg1Li1,13.7076;0.8422;0.7094
C1Mg1Si1,9.6808;0.8464;0.7163
C1Mg1P1,9.2069;0.8164;0.6666
C1Mg1H1,12.4408;0.8359;0.6987
Mg1Li1Na1,10.2884;0.6723;0.452
Mg1Li1H1,11.1113;1.0399;1.0814
Mg1Si1H1,10.6461;0.9576;0.9169
Mg1P1H1,9.7337;0.9945;0.9891
Mg1Na1H1,13.891;1.0069;1.0139

221 of 95284 appear to be promising

hp_tune_sug_nc_normal:

{'ccp_alpha': 0.0, 'criterion': 'squared_error', 'max_depth': None, 'max_leaf_nodes': None, 'max_samples': None, 'min_impurity_decrease': 0.0, 'min_samples_leaf': 1, 'min_samples_split': 2, 'min_weight_fraction_leaf': 0.0, 'n_estimators': 200, 'n_jobs': None, 'oob_score': False, 'random_state': None, 'verbose': 0, 'warm_start': False, 'max_features': 'sqrt', 'bootstrap': False}

Ba1K1O1,9.174;0.89;0.792
Ba1O1F1,13.5444;1.1797;1.3918
Ba1O1N1,12.0888;0.8401;0.7058
Ba1O1Cl1,10.3141;0.7999;0.6398
Ba1O1H1,10.6099;0.9217;0.8495
Ba1F1N1,10.2307;0.9115;0.8308
Ba1F1H1,9.7554;0.8107;0.6573
Ba1N1Cl1,12.6599;0.7163;0.5131
K1O1Bi1,9.2101;0.8789;0.7725
K1O1S1,9.6592;0.8629;0.7445
K1O1N1,9.6463;0.6264;0.3923
K1O1Cl1,10.1424;0.7709;0.5942
K1O1P1,9.7483;0.8863;0.7856
K1O1Br1,9.5849;0.7231;0.5229
K1O1I1,9.5206;0.6594;0.4348
K1S1N1,9.7075;0.6471;0.4187
K1F1Cl1,9.4182;0.7315;0.5351
K1F1P1,9.232;0.8202;0.6727
K1N1Cl1,11.4106;0.5835;0.3405
K1N1P1,9.5022;0.6633;0.4399
K1N1Br1,10.1041;0.5653;0.3196
K1Li1H1,9.5421;0.6155;0.3788
Fe1N1I1,9.6378;0.5519;0.3046
As1Sr1N1,9.6808;0.4429;0.1962
As1N1Y1,9.6034;0.4655;0.2167
Ca1N1Cl1,11.5534;0.4849;0.2351
Ca1N1Br1,10.8553;0.6073;0.3688
Ca1N1I1,10.55;0.5264;0.2771
Ca1Li1H1,9.5885;0.6238;0.3892
La1N1Cl1,11.0777;0.5461;0.2982
Cu1Y1I1,10.1;0.0;0.0
O1F1Rb1,11.0183;0.9708;0.9424
O1F1Mg1,10.2527;0.8186;0.6701
O1F1Cs1,11.4686;0.9766;0.9538
O1Al1Li1,9.7488;0.4939;0.2439
O1Sr1N1,10.0753;0.824;0.679
O1N1Rb1,10.8634;0.7502;0.5628
O1N1Mg1,9.7054;0.7092;0.5029
O1N1Cs1,10.9898;0.7629;0.582
O1Be1Mg1,10.8497;0.793;0.6288
O1Cl1Rb1,10.1363;0.7746;0.6
O1B1Mg1,12.3071;0.8102;0.6564
O1B1Na1,9.6768;0.7203;0.5188
O1Mg1Li1,13.8212;0.7888;0.6221
O1Mg1H1,10.9582;0.9665;0.9342
O1Li1Si1,9.5568;0.5978;0.3573
O1Li1Na1,9.8932;0.7516;0.5649
Mo1Ru1P1,15.5;0.0;0.0
Mo1Ni1P1,15.5;0.0;0.0
Ru1Hf1P1,11.7967;0.0;0.0
Tm1S1N1,10.8887;0.5367;0.288
Tm1N1Cl1,12.8628;0.5235;0.2741
Tm1N1P1,9.4566;0.6013;0.3615
Tm1N1Br1,9.695;0.5705;0.3254
Sn1Al1Nb1,17.45;0.0;0.0
Sn1N1Hf1,9.4957;0.5161;0.2663
Sn1N1Sc1,9.7322;0.4084;0.1668
Nd1N1Cl1,11.6899;0.6472;0.4189
Bi1N1Li1,10.7149;0.5952;0.3543
S1F1Rb1,9.2838;0.9062;0.8212
S1Sr1N1,10.0651;0.5112;0.2613
S1N1Nb1,9.7237;0.4962;0.2462
S1N1Y1,10.0292;0.407;0.1657
S1N1Hf1,14.7718;0.723;0.5227
S1N1Tb1,10.3401;0.5087;0.2588
S1N1Gd1,10.541;0.5395;0.2911
S1N1Zr1,10.6419;0.4663;0.2174
S1N1Ho1,10.9488;0.5922;0.3507
S1N1Eu1,10.5207;0.5064;0.2564
S1N1Er1,11.121;0.5542;0.3071
S1N1Ta1,9.9188;0.6504;0.4231
S1N1Yb1,10.7445;0.5987;0.3584
S1N1Lu1,10.2719;0.5515;0.3042
S1N1Dy1,10.4593;0.5564;0.3096
S1Be1Li1,10.2004;0.7194;0.5175
S1B1Li1,10.271;0.8676;0.7527
S1Mg1H1,10.009;0.8185;0.6699
F1Al1Li1,9.7871;0.5477;0.2999
F1N1Rb1,10.1474;0.7137;0.5093
F1N1Mg1,10.1835;0.6059;0.3671
F1N1Cs1,10.6229;0.7232;0.523
F1Be1Mg1,11.1864;0.7567;0.5726
F1Cl1Rb1,9.8278;0.795;0.6321
F1B1Mg1,11.7644;0.6812;0.4641
F1Rb1P1,9.6158;0.8674;0.7524
F1Mg1Li1,14.0491;0.7358;0.5415
F1Mg1H1,11.2034;0.8756;0.7666
F1Li1Na1,9.3039;0.7299;0.5328
F1H1Cs1,9.5868;0.9399;0.8833
V1N1I1,11.7602;0.5228;0.2733
Al1Be1B1,9.9262;0.8305;0.6898
Al1B1Li1,11.4006;0.8505;0.7234
Al1Mg1H1,11.3272;0.7962;0.634
Sr1N1Cl1,12.9711;0.5372;0.2886
Sr1N1Se1,9.8266;0.52;0.2704
Sr1N1P1,9.9116;0.6459;0.4172
Sr1N1Br1,11.5927;0.5688;0.3236
W1N1Cl1,9.6222;0.7567;0.5726
N1Be1Mg1,11.0106;0.9294;0.8638
N1Nb1Se1,9.898;0.5448;0.2968
N1Nb1P1,9.615;0.4296;0.1845
N1Nb1Br1,10.1516;0.5876;0.3453
N1Nb1I1,10.9879;0.4305;0.1854
N1Y1Cl1,11.5458;0.4656;0.2168
N1Y1Se1,9.5653;0.5198;0.2702
N1Y1Br1,10.6306;0.536;0.2873
N1Hf1Cl1,18.2318;0.5326;0.2837
N1Hf1Se1,11.8021;0.6679;0.4461
N1Hf1P1,13.7571;0.7296;0.5324
N1Hf1Br1,12.5863;0.6281;0.3945
N1Hf1I1,11.1024;0.6201;0.3846
N1Cl1Sm1,12.1738;0.5703;0.3253
N1Cl1Tb1,12.3602;0.5967;0.3561
N1Cl1Ce1,11.0955;0.5971;0.3566
N1Cl1Gd1,12.4115;0.6037;0.3645
N1Cl1Zr1,13.0;0.0;0.0
N1Cl1Ho1,12.9948;0.6053;0.3663
N1Cl1Eu1,12.8059;0.5307;0.2816
N1Cl1Rb1,11.2773;0.5871;0.3447
N1Cl1Pr1,11.5437;0.617;0.3807
N1Cl1Mg1,9.9533;0.7224;0.5218
N1Cl1Er1,13.1107;0.607;0.3685
N1Cl1Li1,9.9306;0.6675;0.4455
N1Cl1Ta1,11.7222;0.7766;0.6031
N1Cl1Na1,11.2336;0.5281;0.2789
N1Cl1Ir1,9.2163;0.8651;0.7484
N1Cl1Yb1,13.5936;0.545;0.297
N1Cl1Lu1,12.1094;0.6282;0.3946
N1Cl1Dy1,12.3146;0.5726;0.3278
N1Cl1Sc1,9.7249;0.4747;0.2253
N1Cl1Cs1,11.0022;0.6181;0.382
N1B1Mg1,11.4855;0.8356;0.6982
N1Zr1Se1,10.6569;0.4717;0.2225
N1Zr1P1,9.5754;0.4393;0.193
N1Zr1Br1,11.6579;0.46;0.2116
N1Zr1I1,10.9455;0.5739;0.3293
N1Ho1P1,9.4596;0.6143;0.3774
N1Ho1Br1,9.9225;0.5668;0.3213
N1Ti1Te1,9.8288;0.5379;0.2893
N1Rb1Br1,9.5471;0.5475;0.2998
N1Mg1Li1,12.909;0.8187;0.6703
N1Mg1H1,10.8789;1.0102;1.0206
N1Mg1Te1,9.6329;0.5799;0.3363
N1Mg1I1,9.8564;0.5948;0.3538
N1Sb1Li1,9.9054;0.4859;0.2361
N1Sb1Sc1,9.5296;0.4986;0.2486
N1Er1P1,9.6445;0.6106;0.3729
N1Er1Br1,9.9892;0.5678;0.3223
N1Rh1I1,9.5409;0.4856;0.2358
N1Li1Si1,9.7226;0.5775;0.3335
N1Li1Te1,9.7946;0.4618;0.2133
N1Li1I1,10.9202;0.575;0.3307
N1Li1Po1,9.7732;0.537;0.2884
N1P1Ta1,9.4581;0.6819;0.4649
N1P1Yb1,9.7799;0.5795;0.3358
N1Ta1Br1,9.9487;0.5189;0.2693
N1Ta1I1,9.6368;0.5016;0.2516
N1Na1Br1,9.9571;0.5805;0.337
N1Na1I1,9.8224;0.5766;0.3325
N1Yb1Br1,10.1624;0.559;0.3125
N1Br1Dy1,9.5909;0.5248;0.2754
N1Br1Sc1,9.6697;0.4918;0.2418
N1I1Sc1,10.9134;0.5546;0.3076
N1I1Cr1,11.4914;0.4953;0.2453
N1I1Tc1,9.8353;0.5089;0.259
Be1Cl1Li1,9.8332;0.6681;0.4464
Be1B1Mg1,14.6471;1.0842;1.1756
Be1B1Si1,11.5154;1.0186;1.0376
Be1B1Na1,9.7814;0.8759;0.7672
Be1Mg1Li1,10.2233;0.8269;0.6837
Be1Mg1H1,11.0609;0.9372;0.8784
Be1Li1P1,9.7861;0.5999;0.3598
Hf1Cl1H1,9.6079;0.6369;0.4056
Cl1B1Li1,9.9244;0.7334;0.5379
Cl1Mg1H1,10.5364;0.6825;0.4657
B1Mg1Li1,14.4425;1.0627;1.1294
B1Mg1Si1,12.9476;1.0347;1.0705
B1Mg1H1,11.6526;0.911;0.8299
B1Li1Si1,14.2419;0.8801;0.7746
B1Li1P1,11.4298;0.8483;0.7196
B1Li1Na1,9.7217;0.7784;0.606
Mg1Li1Na1,9.5515;0.5629;0.3169
Mg1Li1H1,13.2573;1.0317;1.0643
Mg1Si1H1,11.2236;0.8428;0.7103
Mg1P1H1,9.8533;0.7784;0.6059
Mg1Na1H1,13.0072;0.9304;0.8657
Li1Na1H1,9.9646;0.7355;0.5409

187 of 73150 appear to be promising

