hp_tune_blank_nc_normal:

{'ccp_alpha': 0.0, 'criterion': 'squared_error', 'max_depth': None, 'max_leaf_nodes': None, 'max_samples': None, 'min_impurity_decrease': 0.0, 'min_samples_leaf': 1, 'min_samples_split': 2, 'min_weight_fraction_leaf': 0.0, 'n_estimators': 200, 'n_jobs': None, 'oob_score': False, 'random_state': None, 'verbose': 0, 'warm_start': False, 'max_features': 'sqrt', 'bootstrap': False}

Ba1K1Fe2,10.4086;0.8014;0.6423
Ba1K1As2,11.3508;0.8206;0.6735
Ba1K1Ca2,11.6518;0.7509;0.5639
Ba1K1La2,12.901;1.0483;1.0989
Ba1K1Cu2,11.6344;0.7161;0.5128
Ba1K1O2,17.8363;0.9436;0.8904
Ba1K1Mo2,10.015;0.8208;0.6737
Ba1K1Ru2,11.1404;0.8148;0.664
Ba1K1Tm2,12.3732;0.7827;0.6127
Ba1K1Os2,11.3712;0.8841;0.7816
Ba1K1Sn2,11.7123;0.8439;0.7122
Ba1K1Nd2,13.7736;0.9748;0.9503
Ba1K1Bi2,14.3015;0.7755;0.6014
Ba1K1Pb2,14.9847;0.6657;0.4432
Ba1K1S2,10.0975;0.8749;0.7654
Ba1K1F2,12.4693;0.8314;0.6912
Ba1K1V2,11.5308;0.8563;0.7332
Ba1K1Ga2,10.0336;0.69;0.4762
Ba1K1Sr2,13.1135;0.8702;0.7573
Ba1K1Co2,10.6814;0.855;0.7311
Ba1K1Re2,11.63;0.7718;0.5957
Ba1K1W2,11.4433;0.7515;0.5647
Ba1K1N2,11.2813;0.7807;0.6096
Ba1K1Be2,12.3111;0.7962;0.6339
Ba1K1Tl2,11.5185;0.7987;0.6379
Ba1K1Y2,13.7517;0.9766;0.9537
Ba1K1Hf2,12.5;0.7591;0.5763
Ba1K1Cl2,11.7071;0.7396;0.547
Ba1K1Sm2,12.3753;0.7897;0.6237
Ba1K1Ni2,10.1795;0.8747;0.7651
Ba1K1Tb2,12.2244;0.8047;0.6476
Ba1K1Ce2,9.2558;0.9113;0.8304
Ba1K1B2,11.4508;0.7731;0.5977
Ba1K1Gd2,12.3088;0.7826;0.6125
Ba1K1In2,11.6873;0.7652;0.5855
Ba1K1Pd2,10.6425;0.8342;0.6959
Ba1K1Zr2,12.2031;0.7889;0.6224
Ba1K1Mn2,12.1129;0.8124;0.66
Ba1K1Ho2,12.1053;0.8153;0.6646
Ba1K1Se2,11.6678;0.746;0.5565
Ba1K1Ti2,10.7816;0.827;0.6839
Ba1K1Hg2,11.5047;0.7285;0.5307
Ba1K1Eu2,12.3995;0.7829;0.613
Ba1K1Rb2,13.8556;0.8386;0.7033
Ba1K1Pr2,9.8997;0.6921;0.479
Ba1K1Sb2,9.5284;0.7391;0.5462
Ba1K1Er2,12.1705;0.8026;0.6441
Ba1K1Rh2,11.4507;0.7823;0.612
Ba1K1Au2,10.6748;0.8741;0.7641
Ba1K1Zn2,12.0339;0.7934;0.6295
Ba1K1Li2,9.871;0.6472;0.4189
Ba1K1Np2,12.4118;0.7828;0.6128
Ba1K1Si2,10.7107;0.7912;0.6259
Ba1K1P2,10.9617;0.6796;0.4618
Ba1K1Ta2,11.4425;0.8456;0.7151
Ba1K1Na2,11.3919;0.8403;0.706
Ba1K1H2,12.8865;0.7108;0.5052
Ba1K1Pt2,10.8877;0.8386;0.7033
Ba1K1Ge2,10.8423;0.7417;0.5502
Ba1K1Pa2,12.4132;0.784;0.6147
Ba1K1Te2,9.2999;0.7459;0.5564
Ba1K1Ir2,9.8199;0.8532;0.728
Ba1K1Yb2,12.3543;0.784;0.6147
Ba1K1T2,12.3;0.7773;0.6043
Ba1K1U2,9.743;0.977;0.9546
Ba1K1Th2,12.1494;0.8076;0.6523
Ba1K1Lu2,12.0691;0.7515;0.5648
Ba1K1Ag2,10.6479;0.8894;0.791
Ba1K1Cd2,12.3089;0.7976;0.6361
Ba1K1Br2,12.9849;0.787;0.6194
Ba1K1I2,12.2363;0.7891;0.6226
Ba1K1Dy2,12.2682;0.7787;0.6064
Ba1K1Sc2,12.3188;0.7725;0.5967
Ba1K1Cr2,11.6232;0.8177;0.6686
Ba1K1D2,13.2454;0.761;0.5791
Ba1K1Cs2,13.1117;0.8489;0.7206
Ba1K1Tc2,12.8804;0.7456;0.5559
Ba1K1Pu2,12.2817;0.8228;0.6771
Ba1K1Am2,12.4095;0.7842;0.615
Ba1K1Cm2,12.4095;0.7843;0.6151
Ba1K1Po2,12.4095;0.7843;0.6151
Ba1Fe1K2,10.5263;0.8197;0.6719
Ba1As1K2,11.1941;0.8168;0.6671
Ba1Ca1K2,11.4069;0.7468;0.5577
Ba1La1K2,12.6612;1.0242;1.049
Ba1Cu1K2,11.6449;0.7379;0.5445
Ba1O1K2,16.3572;0.9348;0.8739
Ba1O1Nd2,10.0248;1.2059;1.4541
Ba1Mo1K2,10.7183;0.7653;0.5857
Ba1Ru1K2,11.0221;0.7814;0.6106
Ba1Tm1K2,12.0412;0.7807;0.6096
Ba1Os1K2,11.0714;0.8903;0.7926
Ba1Sn1K2,11.547;0.8077;0.6523
Ba1Sn1Nb2,11.2472;0.4154;0.1725
Ba1Nd1K2,13.4976;0.9783;0.9572
Ba1Nd1O2,10.5022;1.2392;1.5355
Ba1Nd1F2,8.9306;1.1321;1.2816
Ba1Nd1Sr2,12.4056;1.2127;1.4706
Ba1Nd1W2,8.9398;1.1154;1.2442
Ba1Nd1Tl2,8.9925;1.136;1.2905
Ba1Nd1Hg2,9.2059;1.1128;1.2382
Ba1Nd1Eu2,8.8657;1.1486;1.3194
Ba1Nd1Rb2,9.6267;1.0297;1.0602
Ba1Nd1Np2,8.8784;1.1468;1.3151
Ba1Nd1H2,9.4461;1.1046;1.2202
Ba1Nd1Pa2,8.879;1.149;1.3203
Ba1Nd1D2,10.7623;1.0528;1.1084
Ba1Nd1Tc2,9.5738;0.9413;0.8861
Ba1Nd1Am2,8.8735;1.1491;1.3205
Ba1Nd1Cm2,8.873;1.1491;1.3204
Ba1Nd1Po2,8.873;1.1491;1.3204
Ba1Bi1K2,13.9947;0.86;0.7395
Ba1Pb1K2,15.4644;0.6879;0.4733
Ba1S1K2,10.7392;0.857;0.7345
Ba1F1K2,12.0627;0.8216;0.675
Ba1V1K2,11.2213;0.8386;0.7032
Ba1Ga1K2,10.4395;0.7132;0.5086
Ba1Al1K2,9.3901;0.663;0.4396
Ba1Sr1K2,12.8087;0.8665;0.7508
Ba1Sr1Nd2,12.3289;1.2163;1.4795
Ba1Co1K2,11.0922;0.798;0.6368
Ba1Re1K2,11.3708;0.7763;0.6027
Ba1W1K2,11.18;0.7523;0.5659
Ba1N1K2,12.3168;0.7573;0.5735
Ba1N1Li2,9.8128;0.6756;0.4564
Ba1Be1K2,11.9315;0.8012;0.6419
Ba1Nb1K2,10.1697;0.7993;0.6389
Ba1Tl1K2,11.7009;0.7617;0.5801
Ba1Tl1Nd2,8.8869;1.1418;1.3037
Ba1Y1K2,14.0385;0.9559;0.9137
Ba1Hf1K2,12.0662;0.7766;0.6031
Ba1Cl1K2,12.3849;0.7613;0.5795
Ba1Cl1Nd2,9.1205;0.9445;0.8921
Ba1Sm1K2,12.0476;0.7823;0.612
Ba1Ni1K2,10.2544;0.9119;0.8316
Ba1Tb1K2,11.9218;0.799;0.6384
Ba1Ce1K2,9.1591;0.9063;0.8213
Ba1B1K2,11.9535;0.761;0.5792
Ba1B1Mg2,9.8224;0.8311;0.6908
Ba1C1Mg2,9.4217;0.779;0.6069
Ba1Gd1K2,12.0027;0.7843;0.6151
Ba1In1K2,11.609;0.7853;0.6167
Ba1Pd1K2,10.6569;0.8444;0.713
Ba1Zr1K2,12.189;0.7585;0.5753
Ba1Mn1K2,11.8514;0.8138;0.6622
Ba1Ho1K2,11.8104;0.8114;0.6584
Ba1Se1K2,11.4985;0.7272;0.5289
Ba1Ti1K2,10.8325;0.7539;0.5683
Ba1Hg1K2,11.3669;0.7939;0.6303
Ba1Hg1Nd2,9.1205;1.1;1.2101
Ba1Eu1K2,12.0488;0.7801;0.6085
Ba1Rb1K2,13.6132;0.8446;0.7134
Ba1Rb1Nd2,9.6502;1.0315;1.0641
Ba1Rb1Bi2,10.0481;0.6963;0.4849
Ba1Pr1K2,9.6762;0.6914;0.478
Ba1Mg1K2,9.8189;0.9464;0.8956
Ba1Mg1B2,18.6012;1.032;1.065
Ba1Mg1Li2,10.6311;0.8652;0.7486
Ba1Sb1K2,9.6752;0.7909;0.6256
Ba1Er1K2,11.8872;0.7941;0.6306
Ba1Rh1K2,10.8771;0.7341;0.539
Ba1Au1K2,12.0622;0.7847;0.6158
Ba1Zn1K2,11.7613;0.7886;0.6219
Ba1Li1K2,9.7491;0.6306;0.3976
Ba1Np1K2,12.059;0.7834;0.6137
Ba1Si1K2,11.2669;0.7882;0.6212
Ba1P1K2,10.7809;0.6701;0.449
Ba1Ta1K2,11.1892;0.8435;0.7115
Ba1Na1K2,11.6444;0.7995;0.6392
Ba1H1K2,12.678;0.7356;0.5411
Ba1H1Nd2,9.144;1.0825;1.1718
Ba1Pt1K2,10.7645;0.8307;0.6901
Ba1Ge1K2,11.2792;0.7173;0.5146
Ba1Pa1K2,12.0532;0.7848;0.6158
Ba1Te1K2,9.7763;0.7245;0.5249
Ba1Ir1K2,10.8523;0.8264;0.6829
Ba1Yb1K2,12.0262;0.7882;0.6212
Ba1T1K2,11.9089;0.7797;0.6079
Ba1U1K2,9.5019;0.9779;0.9563
Ba1Th1K2,12.0073;0.7836;0.6141
Ba1Lu1K2,11.9243;0.7615;0.5798
Ba1Ag1K2,11.6351;0.7952;0.6323
Ba1Cd1K2,12.0124;0.7973;0.6357
Ba1Br1K2,12.7082;0.7953;0.6325
Ba1I1K2,11.9963;0.7956;0.633
Ba1Dy1K2,11.955;0.7776;0.6047
Ba1Sc1K2,12.0536;0.7749;0.6005
Ba1Cr1K2,12.0846;0.7821;0.6117
Ba1D1K2,12.5028;0.7256;0.5265
Ba1D1Nd2,9.6672;1.0516;1.1059
Ba1Cs1K2,12.7949;0.8506;0.7236
Ba1Tc1K2,12.124;0.7991;0.6385
Ba1Tc1Nd2,8.9375;1.1449;1.3108
Ba1Pu1K2,11.9669;0.8203;0.6729
Ba1Am1K2,12.0537;0.7846;0.6157
Ba1Cm1K2,12.0532;0.7848;0.6158
Ba1Po1K2,12.0532;0.7848;0.6158
K1Fe1Ba2,12.5217;0.8991;0.8084
K1As1Ba2,13.2313;0.8789;0.7725
K1Ca1Ba2,13.6753;0.856;0.7327
K1La1Ba2,14.7675;1.0192;1.0387
K1Cu1Ba2,13.8514;0.8387;0.7034
K1O1Ba2,17.0959;0.9329;0.8703
K1Mo1Ba2,12.1983;0.8174;0.6682
K1Ru1Ba2,13.1345;0.9146;0.8365
K1Tm1Ba2,14.3442;0.8719;0.7602
K1Os1Ba2,13.1082;0.9773;0.9551
K1Sn1Ba2,13.3424;0.9292;0.8633
K1Sn1Nb2,9.7035;0.4989;0.2489
K1Nd1Ba2,15.7018;0.9538;0.9098
K1Bi1Ba2,16.7047;0.7907;0.6251
K1Pb1Ba2,17.6053;0.6825;0.4658
K1S1Ba2,12.8429;0.9496;0.9018
K1F1Ba2,14.3429;0.8811;0.7763
K1V1Ba2,13.4361;0.8995;0.809
K1Ga1Ba2,11.9164;0.8005;0.6409
K1Al1Ba2,10.7877;0.7582;0.5749
K1Sr1Ba2,14.9776;0.9092;0.8266
K1Co1Ba2,13.1315;0.8899;0.7919
K1Re1Ba2,13.4729;0.8717;0.7599
K1W1Ba2,13.3413;0.8088;0.6542
K1N1Ba2,13.4057;0.7762;0.6025
K1N1Cl2,11.412;0.4452;0.1982
K1N1Li2,10.8924;0.525;0.2756
K1N1Br2,12.422;0.5804;0.3368
K1Be1Ba2,14.1993;0.8817;0.7774
K1Nb1Ba2,11.7728;0.9379;0.8796
K1Tl1Ba2,13.9666;0.8547;0.7304
K1Y1Ba2,15.8549;1.0099;1.02
K1Hf1Ba2,14.2618;0.8392;0.7042
K1Cl1Ba2,13.7447;0.8032;0.6451
K1Cl1N2,11.3561;0.415;0.1723
K1Sm1Ba2,14.3444;0.8682;0.7537
K1Ni1Ba2,12.1275;1.056;1.1151
K1Tb1Ba2,14.1709;0.9023;0.8142
K1Ce1Ba2,10.5245;0.9908;0.9817
K1B1Ba2,14.0034;0.8524;0.7266
K1C1Ba2,9.614;0.8629;0.7446
K1Gd1Ba2,14.27;0.8862;0.7853
K1In1Ba2,13.8578;0.8741;0.764
K1Pd1Ba2,12.5586;0.9268;0.859
K1Zr1Ba2,14.2576;0.8204;0.6731
K1Mn1Ba2,14.0749;0.928;0.8611
K1Ho1Ba2,14.078;0.8978;0.806
K1Se1Ba2,13.6525;0.8255;0.6815
K1Ti1Ba2,12.9973;0.8187;0.6702
K1Hg1Ba2,13.6899;0.8413;0.7077
K1Eu1Ba2,14.3563;0.8656;0.7492
K1Rb1Ba2,15.2819;0.8806;0.7755
K1Pr1Ba2,11.8783;0.7845;0.6154
K1Mg1Ba2,11.1337;1.0441;1.0902
K1Mg1B2,16.4957;0.9807;0.9617
K1Mg1Li2,9.9785;0.9349;0.8741
K1Sb1Ba2,11.7359;0.9431;0.8895
K1Er1Ba2,14.1394;0.9067;0.8221
K1Rh1Ba2,13.0936;0.8046;0.6474
K1Au1Ba2,14.2944;0.85;0.7224
K1Zn1Ba2,13.9447;0.8727;0.7617
K1Li1Ba2,11.2899;0.7515;0.5647
K1Li1N2,9.8342;0.5247;0.2753
K1Np1Ba2,14.3623;0.8659;0.7497
K1Si1Ba2,13.2923;0.8845;0.7824
K1P1Ba2,13.0185;0.7758;0.6019
K1Ta1Ba2,13.287;0.9722;0.9451
K1Na1Ba2,13.8775;0.8902;0.7924
K1H1Ba2,14.6316;0.83;0.6889
K1Pt1Ba2,12.6659;0.8861;0.7851
K1Ge1Ba2,13.3304;0.7412;0.5494
K1Pa1Ba2,14.363;0.8668;0.7513
K1Te1Ba2,11.3857;0.8216;0.6751
K1Ir1Ba2,12.6318;0.8877;0.7879
K1Yb1Ba2,14.302;0.873;0.7622
K1T1Ba2,14.2222;0.8611;0.7415
K1U1Ba2,11.0071;1.0787;1.1636
K1Th1Ba2,14.2464;0.8739;0.7637
K1Lu1Ba2,14.091;0.8509;0.724
K1Ag1Ba2,13.8411;0.8462;0.7161
K1Cd1Ba2,14.2875;0.8701;0.7571
K1Br1Ba2,14.5384;0.89;0.7922
K1Br1N2,10.7215;0.5359;0.2872
K1I1Ba2,14.2037;0.8558;0.7324
K1Dy1Ba2,14.2181;0.873;0.7621
K1Sc1Ba2,14.3269;0.8567;0.734
K1Cr1Ba2,14.1555;0.8773;0.7696
K1D1Ba2,14.5622;0.8068;0.6509
K1Cs1Ba2,14.8933;0.9081;0.8247
K1Tc1Ba2,14.4037;0.8755;0.7665
K1Pu1Ba2,14.1849;0.8988;0.8079
K1Am1Ba2,14.3631;0.8667;0.7512
K1Cm1Ba2,14.363;0.8668;0.7513
K1Po1Ba2,14.363;0.8668;0.7513
Fe1Sn1Nb2,13.0117;0.3926;0.1541
Fe1Nd1Ba2,9.1246;1.0667;1.1379
Fe1N1Li2,10.9408;0.6264;0.3924
Fe1N1Br2,9.8435;0.5855;0.3428
Fe1Cl1N2,9.5863;0.5441;0.2961
Fe1B1Mg2,10.5302;0.9712;0.9432
Fe1C1Mg2,10.4101;0.8026;0.6442
Fe1Mg1B2,19.601;0.9342;0.8727
Fe1Mg1Li2,12.0854;1.0094;1.0189
Fe1Li1N2,9.5063;0.5881;0.3459
Fe1Li1Mg2,9.4884;1.042;1.0857
As1Sn1Nb2,13.117;0.4141;0.1714
As1Ga1V2,9.9756;0.4148;0.1721
As1Al1Nb2,10.5892;0.4685;0.2195
As1N1Li2,10.8688;0.597;0.3564
As1N1Br2,9.8302;0.5244;0.275
As1Cl1N2,9.6916;0.5214;0.2718
As1B1Mg2,10.2443;0.9424;0.8881
As1C1Mg2,10.1447;0.8264;0.683
As1Mg1B2,20.4082;1.0;0.9999
As1Mg1Li2,11.4792;0.9538;0.9097
As1Li1N2,9.3915;0.6153;0.3786
As1Li1Mg2,9.0877;0.9798;0.96
Ca1Sn1Nb2,13.9366;0.3097;0.0959
Ca1Nd1Ba2,9.7296;1.1952;1.4286
Ca1Ga1V2,9.9814;0.5101;0.2602
Ca1Al1Nb2,11.0405;0.4419;0.1953
Ca1N1Cl2,9.7062;0.4717;0.2225
Ca1N1Li2,11.196;0.5999;0.3599
Ca1N1Br2,10.2813;0.5306;0.2815
Ca1Cl1N2,9.8586;0.5283;0.2791
Ca1B1Mg2,10.5256;0.9521;0.9064
Ca1C1Mg2,10.8975;0.8407;0.7068
Ca1Mg1B2,20.9589;1.0445;1.091
Ca1Mg1Li2,11.7924;0.9267;0.8587
Ca1Li1N2,9.7035;0.5885;0.3463
Ca1Li1Mg2,9.2824;0.9838;0.9678
La1Sn1Nb2,12.832;0.4154;0.1726
La1Nd1Ba2,9.8563;1.28;1.6385
La1Ga1V2,9.6064;0.4849;0.2352
La1Al1Nb2,9.8056;0.4044;0.1636
La1N1Li2,10.4442;0.5644;0.3186
La1Cl1N2,9.4947;0.5273;0.278
La1C1Mg2,9.2222;0.8177;0.6686
La1Rb1Ba2,9.5371;1.1544;1.3326
La1Mg1B2,16.4167;1.1256;1.2669
La1Mg1Li2,10.8585;0.9681;0.9373
La1Li1N2,9.4123;0.6007;0.3608
La1Th1C2,9.7194;0.3626;0.1315
Cu1Sn1Nb2,13.1637;0.3802;0.1445
Cu1Nd1Ba2,9.8441;1.0892;1.1863
Cu1Al1Nb2,9.9076;0.4858;0.236
Cu1N1Cl2,9.5846;0.4555;0.2075
Cu1N1Li2,10.8181;0.6187;0.3827
Cu1N1Br2,10.03;0.5333;0.2844
Cu1Cl1N2,9.7277;0.538;0.2894
Cu1C1B2,9.4825;0.7705;0.5937
Cu1C1Mg2,9.5164;0.8385;0.703
Cu1Pd1H2,13.2846;0.3718;0.1383
Cu1Mg1B2,15.7814;1.2558;1.5771
Cu1Mg1Li2,9.7518;0.8583;0.7367
Cu1H1Pd2,12.023;0.4105;0.1685
O1Sn1Nb2,13.3271;0.3557;0.1265
O1Nd1Ba2,11.1695;1.1587;1.3425
O1Ga1V2,10.3822;0.4729;0.2236
O1Al1Nb2,11.0346;0.4174;0.1742
O1N1Nb2,12.1367;0.4056;0.1645
O1N1Cl2,9.8342;0.4476;0.2004
O1N1Li2,12.0574;0.5059;0.2559
O1N1Br2,10.4256;0.5579;0.3113
O1Hf1Li2,9.4548;0.5518;0.3045
O1Cl1N2,10.8805;0.5457;0.2978
O1B1Mg2,10.3583;0.9311;0.867
O1C1Mg2,10.3867;0.8845;0.7823
O1Mg1B2,20.8009;1.0543;1.1115
O1Mg1Li2,12.2414;0.9589;0.9196
O1Li1N2,11.0049;0.5359;0.2872
O1Li1Mg2,9.2811;0.9913;0.9826
O1Br1N2,9.6563;0.5285;0.2793
Mo1Sn1Nb2,11.4912;0.437;0.191
Mo1S1C2,9.8569;0.4923;0.2423
Mo1W1C2,10.3991;0.1562;0.0244
Mo1N1Li2,9.775;0.6437;0.4143
Mo1N1Br2,9.638;0.5524;0.3051
Mo1Nb1C2,12.7028;0.1431;0.0205
Mo1B1Mg2,10.4313;0.8939;0.7991
Mo1C1B2,9.5001;0.575;0.3306
Mo1C1Mg2,10.4963;0.7648;0.585
Mo1Mg1B2,19.9561;1.0619;1.1277
Mo1Mg1Li2,10.387;0.9581;0.918
Ru1Sn1Nb2,11.2823;0.3827;0.1465
Ru1N1Li2,10.2249;0.6506;0.4232
Ru1B1Mg2,9.96;0.9389;0.8815
Ru1C1Mg2,9.3241;0.8862;0.7853
Ru1Mg1B2,18.3494;0.9512;0.9049
Ru1Mg1Li2,11.4724;0.9391;0.8819
Ru1Li1Mg2,9.0832;0.9819;0.9641
Ru1Lu1B2,10.054;0.0;0.0
Tm1Sn1Nb2,13.7006;0.3395;0.1153
Tm1Nd1Ba2,10.5319;1.1784;1.3887
Tm1Ga1V2,10.8823;0.4886;0.2387
Tm1Al1Nb2,11.2975;0.4103;0.1683
Tm1N1Cl2,9.7063;0.4691;0.2201
Tm1N1Li2,11.2847;0.6116;0.374
Tm1N1Br2,10.2508;0.5615;0.3153
Tm1Cl1N2,9.8546;0.5348;0.2861
Tm1B1Mg2,10.3902;0.944;0.8911
Tm1C1Mg2,10.4786;0.8793;0.7732
Tm1Mg1B2,20.431;1.0803;1.1671
Tm1Mg1Li2,12.0424;0.9405;0.8845
Tm1Li1N2,9.8129;0.5895;0.3475
Tm1Li1Mg2,9.5053;1.0019;1.0038
Os1Sn1Nb2,10.4194;0.4642;0.2155
Os1Ga1V2,9.7972;0.4315;0.1862
Os1N1Li2,10.6623;0.6342;0.4022
Os1N1Br2,9.5484;0.5577;0.311
Os1B1Mg2,9.8941;0.9113;0.8304
Os1C1Mg2,9.7354;0.7981;0.6369
Os1Mg1B2,18.3148;1.0887;1.1854
Os1Mg1Li2,11.3221;0.8995;0.8092
Sn1Nd1Ba2,9.0301;1.0941;1.197
Sn1Nd1Nb2,13.8251;0.3431;0.1177
Sn1Bi1Nb2,14.1451;0.346;0.1197
Sn1Pb1Nb2,13.0106;0.4163;0.1733
Sn1S1Nb2,12.5922;0.371;0.1376
Sn1F1Nb2,13.9087;0.3197;0.1022
Sn1V1Nb2,11.2166;0.3012;0.0907
Sn1Ga1Nb2,12.3903;0.5314;0.2824
Sn1Al1Nb2,14.7466;0.3233;0.1045
Sn1Sr1Nb2,13.6406;0.326;0.1063
Sn1Co1Nb2,12.0147;0.4151;0.1723
Sn1Re1Nb2,13.7703;0.3094;0.0957
Sn1W1Nb2,13.6387;0.3609;0.1302
Sn1N1Nb2,11.8334;0.3288;0.1081
Sn1N1Li2,10.8339;0.6181;0.3821
Sn1N1Br2,9.769;0.5076;0.2577
Sn1Be1Nb2,13.1511;0.3905;0.1525
Sn1Nb1Al2,11.9126;0.4519;0.2043
Sn1Nb1Ta2,10.8;0.0;0.0
Sn1Tl1Nb2,14.5932;0.3281;0.1076
Sn1Y1Nb2,12.5034;0.3901;0.1521
Sn1Hf1Nb2,13.1034;0.3765;0.1418
Sn1Cl1N2,9.5617;0.524;0.2746
Sn1Cl1Nb2,12.1839;0.4553;0.2073
Sn1Sm1Nb2,13.9287;0.3211;0.1031
Sn1Ni1Nb2,12.7802;0.392;0.1537
Sn1Tb1Nb2,13.5905;0.339;0.1149
Sn1B1Nb2,10.9886;0.4807;0.231
Sn1B1Mg2,10.6266;0.9511;0.9045
Sn1C1Mg2,10.4064;0.848;0.7191
Sn1Gd1Nb2,13.7363;0.3338;0.1114
Sn1In1Nb2,13.3273;0.3979;0.1583
Sn1Zr1Nb2,16.3588;0.2083;0.0434
Sn1Mn1Nb2,13.6468;0.3254;0.1059
Sn1Ho1Nb2,13.7898;0.3328;0.1108
Sn1Se1Nb2,13.2477;0.3896;0.1518
Sn1Ti1Nb2,12.7819;0.3541;0.1254
Sn1Hg1Nb2,13.9325;0.3176;0.1009
Sn1Eu1Nb2,13.9106;0.3205;0.1027
Sn1Rb1Nb2,12.4711;0.3834;0.147
Sn1Pr1Nb2,13.5485;0.3549;0.126
Sn1Mg1Nb2,10.8973;0.6028;0.3634
Sn1Mg1B2,20.6574;1.0618;1.1274
Sn1Mg1Li2,11.7444;0.9265;0.8584
Sn1Sb1Nb2,10.5024;0.3794;0.1439
Sn1Er1Nb2,13.3386;0.3882;0.1507
Sn1Rh1Nb2,10.2187;0.4403;0.1938
Sn1Au1Nb2,12.0028;0.3999;0.1599
Sn1Zn1Nb2,13.3937;0.3993;0.1594
Sn1Li1N2,9.4495;0.5746;0.3302
Sn1Li1Nb2,9.9308;0.5223;0.2728
Sn1Li1Mg2,9.3667;1.0018;1.0036
Sn1Np1Nb2,13.9305;0.3209;0.103
Sn1Si1Nb2,12.4336;0.3547;0.1258
Sn1P1Nb2,13.6813;0.3663;0.1342
Sn1Ta1Nb2,16.4;0.0;0.0
Sn1Na1Nb2,13.845;0.3344;0.1118
Sn1H1Nb2,13.1156;0.346;0.1197
Sn1Pt1Nb2,10.7551;0.5371;0.2885
Sn1Ge1Nb2,10.294;0.4404;0.194
Sn1Pa1Nb2,13.9305;0.3209;0.103
Sn1Ir1Nb2,10.8395;0.4364;0.1904
Sn1Yb1Nb2,13.8574;0.3264;0.1066
Sn1T1Nb2,13.9305;0.3209;0.103
Sn1U1Nb2,10.0554;0.4675;0.2186
Sn1Th1Nb2,13.6574;0.3371;0.1137
Sn1Lu1Nb2,13.5831;0.3291;0.1083
Sn1Ag1Nb2,13.5617;0.3476;0.1208
Sn1Cd1Nb2,13.6228;0.3309;0.1095
Sn1Br1Nb2,13.3717;0.3149;0.0991
Sn1I1Nb2,13.8605;0.3304;0.1092
Sn1Dy1Nb2,13.7885;0.3241;0.105
Sn1Sc1Nb2,13.7561;0.3596;0.1293
Sn1Cr1Nb2,12.3752;0.4043;0.1634
Sn1D1Nb2,13.9351;0.3101;0.0962
Sn1Cs1Nb2,13.8517;0.3356;0.1126
Sn1Tc1Nb2,13.6235;0.3436;0.118
Sn1Pu1Nb2,13.7931;0.3517;0.1237
Sn1Am1Nb2,13.9305;0.3209;0.103
Sn1Cm1Nb2,13.9305;0.3209;0.103
Sn1Po1Nb2,13.9305;0.3209;0.103
Nd1Bi1Ba2,9.706;1.1655;1.3585
Nd1Pb1Ba2,9.3724;0.9342;0.8727
Nd1S1Ba2,10.0982;1.1148;1.2428
Nd1F1Ba2,10.4322;1.1423;1.3048
Nd1V1Ba2,9.433;1.1232;1.2615
Nd1Ga1V2,10.0674;0.4929;0.2429
Nd1Al1Nb2,11.1118;0.4155;0.1726
Nd1Sr1Ba2,13.9556;1.2302;1.5134
Nd1Re1Ba2,9.5789;1.0697;1.1442
Nd1W1Ba2,10.5931;1.1718;1.3732
Nd1N1Cl2,9.6577;0.4418;0.1952
Nd1N1Li2,11.2067;0.6151;0.3783
Nd1N1Br2,10.1342;0.5703;0.3252
Nd1Be1Ba2,10.1989;1.133;1.2837
Nd1Tl1Ba2,10.6143;1.1708;1.3708
Nd1Y1Ba2,9.8632;1.0711;1.1472
Nd1Hf1Ba2,10.3035;1.0672;1.139
Nd1Cl1Ba2,10.1315;0.8555;0.7319
Nd1Cl1N2,9.8442;0.5402;0.2918
Nd1Sm1Ba2,10.4983;1.1726;1.3749
Nd1Tb1Ba2,10.0689;1.1435;1.3075
Nd1B1Ba2,9.468;1.1857;1.4059
Nd1B1Mg2,10.2861;0.9408;0.8852
Nd1C1Mg2,9.6456;0.8747;0.7651
Nd1Gd1Ba2,10.3641;1.1553;1.3348
Nd1In1Ba2,9.7191;1.1108;1.2338
Nd1Zr1Ba2,9.6252;1.0468;1.0959
Nd1Mn1Ba2,9.7219;1.1602;1.3461
Nd1Ho1Ba2,10.0402;1.1661;1.3597
Nd1Se1Ba2,10.568;1.1585;1.3422
Nd1Ti1Ba2,9.8444;1.1508;1.3244
Nd1Hg1Ba2,10.9041;1.1507;1.3241
Nd1Eu1Ba2,10.5724;1.1694;1.3674
Nd1Rb1Ba2,10.987;1.0344;1.0699
Nd1Pr1Ba2,9.9484;1.1435;1.3077
Nd1Mg1B2,20.8065;1.0766;1.1591
Nd1Mg1Li2,11.8664;0.9443;0.8916
Nd1Sb1Ba2,9.1588;1.0754;1.1564
Nd1Er1Ba2,10.021;1.1742;1.3788
Nd1Rh1Ba2,9.3501;1.1164;1.2463
Nd1Au1Ba2,10.5028;1.132;1.2814
Nd1Zn1Ba2,9.5231;1.2302;1.5134
Nd1Li1N2,9.7283;0.5925;0.351
Nd1Li1Mg2,9.4351;0.9976;0.9953
Nd1Np1Ba2,10.5831;1.1669;1.3617
Nd1Si1Ba2,8.8689;1.1622;1.3506
Nd1P1Ba2,9.1389;1.1794;1.3911
Nd1Ta1Ba2,10.2681;1.0285;1.0577
Nd1Na1Ba2,10.3193;1.1433;1.3072
Nd1H1Ba2,10.7056;1.1486;1.3192
Nd1Ge1Ba2,9.188;1.0885;1.1849
Nd1Pa1Ba2,10.5816;1.1684;1.3652
Nd1Yb1Ba2,10.4744;1.1583;1.3417
Nd1T1Ba2,10.4376;1.1597;1.3449
Nd1Th1Ba2,10.0994;1.1307;1.2786
Nd1Lu1Ba2,10.0784;1.0646;1.1334
Nd1Ag1Ba2,9.996;1.214;1.4738
Nd1Cd1Ba2,10.3232;1.1702;1.3693
Nd1Br1Ba2,10.0516;1.039;1.0794
Nd1I1Ba2,10.4012;1.1919;1.4207
Nd1Dy1Ba2,10.273;1.1992;1.4382
Nd1Sc1Ba2,10.5123;1.1344;1.2869
Nd1Cr1Ba2,9.7844;1.072;1.1492
Nd1D1Ba2,11.1849;1.082;1.1707
Nd1Cs1Ba2,10.3883;1.1406;1.301
Nd1Tc1Ba2,10.6807;1.1711;1.3714
Nd1Pu1Ba2,10.2237;1.1962;1.4309
Nd1Am1Ba2,10.5816;1.1684;1.3652
Nd1Cm1Ba2,10.5816;1.1684;1.3652
Nd1Po1Ba2,10.5816;1.1684;1.3652
Bi1Ga1V2,10.1789;0.4128;0.1704
Bi1Al1Nb2,10.9127;0.3962;0.157
Bi1N1Li2,10.6574;0.576;0.3318
Bi1B1Mg2,10.0897;0.9212;0.8486
Bi1C1Mg2,10.0938;0.8802;0.7748
Bi1Zr1Nb2,9.9313;0.3094;0.0957
Bi1Rb1Ba2,11.2436;0.8342;0.6959
Bi1Mg1B2,20.1631;0.9948;0.9896
Bi1Mg1Li2,11.4202;0.9041;0.8174
Bi1Li1Mg2,9.104;0.9508;0.904
Pb1Ga1V2,9.9108;0.4106;0.1686
Pb1Al1Nb2,10.632;0.4408;0.1943
Pb1N1Cl2,9.5705;0.4602;0.2118
Pb1N1Li2,11.1616;0.5633;0.3173
Pb1N1Br2,9.8888;0.5154;0.2656
Pb1Cl1N2,9.6776;0.5271;0.2779
Pb1B1Mg2,10.5925;0.7692;0.5916
Pb1C1Mg2,10.2793;0.7816;0.6109
Pb1Mg1B2,18.1837;1.0096;1.0194
Pb1Mg1Li2,12.2145;0.8834;0.7804
Pb1Li1N2,9.5614;0.5686;0.3233
Pb1Li1Mg2,10.5557;0.8771;0.7692
S1Ga1V2,10.4948;0.472;0.2228
S1Al1Nb2,10.5693;0.4311;0.1858
S1W1C2,10.1305;0.5713;0.3264
S1N1Cl2,9.6646;0.4582;0.21
S1N1C2,9.8368;0.4447;0.1977
S1N1Li2,11.2103;0.5966;0.3559
S1N1Br2,10.3753;0.54;0.2916
S1Nb1C2,9.5364;0.4756;0.2262
S1Cl1N2,9.8108;0.5259;0.2765
S1Cl1D2,9.3289;0.6718;0.4513
S1B1Mg2,10.5881;0.943;0.8892
S1C1B2,9.2757;0.78;0.6084
S1C1Mg2,10.8113;0.8367;0.7
S1Mg1B2,21.0859;1.0089;1.0178
S1Mg1Li2,11.9713;0.9421;0.8876
S1Li1N2,9.7292;0.5731;0.3284
S1Li1Mg2,9.4761;0.9878;0.9757
S1H1C2,9.5226;0.7276;0.5294
S1Ag1D2,9.7907;0.6619;0.4381
S1Tc1D2,9.4151;0.6753;0.4561
F1Ga1V2,10.6633;0.4827;0.233
F1Al1Nb2,11.2653;0.4211;0.1773
F1N1Li2,10.8911;0.536;0.2873
F1N1Br2,10.0022;0.5466;0.2988
F1Cl1N2,9.7738;0.5266;0.2773
F1B1Mg2,10.2964;0.7948;0.6317
F1C1Mg2,10.4818;0.9002;0.8104
F1Mg1B2,18.237;0.9039;0.817
F1Mg1Li2,11.9142;0.8754;0.7663
F1Li1N2,9.5645;0.5951;0.3541
F1Li1Mg2,9.6021;0.9735;0.9478
V1Al1Nb2,9.957;0.4056;0.1645
V1N1Li2,10.2689;0.5411;0.2928
V1Cl1N2,10.0862;0.5109;0.261
V1B1Mg2,10.6088;0.9121;0.832
V1C1Mg2,10.0725;0.8882;0.789
V1Mg1B2,20.6181;1.044;1.0899
V1Mg1Li2,11.5443;0.899;0.8082
V1Li1N2,9.7635;0.529;0.2799
V1Li1Mg2,9.2088;0.9743;0.9493
Ga1Al1Nb2,11.2845;0.4353;0.1895
Ga1Sr1V2,9.6865;0.4787;0.2291
Ga1Re1V2,9.7765;0.4362;0.1903
Ga1W1V2,10.826;0.4344;0.1887
Ga1N1Li2,9.596;0.6661;0.4437
Ga1Be1V2,10.7677;0.5044;0.2544
Ga1Tl1V2,10.7709;0.4912;0.2412
Ga1Hf1V2,10.4469;0.4776;0.2281
Ga1Cl1V2,10.0442;0.5017;0.2517
Ga1Sm1V2,10.878;0.4864;0.2366
Ga1Tb1V2,10.513;0.5223;0.2728
Ga1Gd1V2,10.7654;0.4846;0.2348
Ga1In1V2,10.7283;0.4622;0.2136
Ga1Mn1V2,9.6966;0.3896;0.1518
Ga1Ho1V2,10.3249;0.4943;0.2444
Ga1Se1V2,10.8554;0.4692;0.2202
Ga1Ti1V2,10.5616;0.4739;0.2246
Ga1Hg1V2,10.8903;0.4881;0.2382
Ga1Eu1V2,10.0392;0.4948;0.2448
Ga1Pr1V2,10.1128;0.4988;0.2488
Ga1Mg1B2,15.9585;1.1305;1.2781
Ga1Mg1Li2,10.1487;1.0002;1.0004
Ga1Sb1V2,9.759;0.4247;0.1803
Ga1Er1V2,10.1688;0.4783;0.2287
Ga1Zn1V2,10.3715;0.4789;0.2293
Ga1Np1V2,10.6864;0.5039;0.2539
Ga1Si1V2,12.2644;0.4244;0.1802
Ga1P1V2,10.5434;0.4977;0.2477
Ga1Ta1V2,9.837;0.4833;0.2336
Ga1Na1V2,10.6623;0.4875;0.2377
Ga1H1V2,10.0203;0.4549;0.2069
Ga1Pa1V2,10.8952;0.4861;0.2363
Ga1Yb1V2,10.7885;0.4756;0.2262
Ga1T1V2,10.8395;0.4813;0.2317
Ga1Th1V2,10.6089;0.5079;0.2579
Ga1Lu1V2,9.6719;0.4363;0.1904
Ga1Ag1V2,10.6736;0.4857;0.2359
Ga1Cd1V2,10.723;0.4779;0.2284
Ga1Br1V2,10.1125;0.5013;0.2513
Ga1I1V2,10.5928;0.4764;0.227
Ga1Dy1V2,10.6207;0.5028;0.2528
Ga1Sc1V2,10.1459;0.4739;0.2246
Ga1D1V2,10.2553;0.4899;0.24
Ga1Cs1V2,10.3438;0.5118;0.2619
Ga1Tc1V2,10.8839;0.4844;0.2346
Ga1Am1V2,10.8952;0.4861;0.2363
Ga1Cm1V2,10.8952;0.4861;0.2363
Ga1Po1V2,10.8952;0.4861;0.2363
Al1Sr1Nb2,10.9942;0.4171;0.174
Al1Re1Nb2,10.9562;0.4241;0.1798
Al1W1Nb2,11.6069;0.3605;0.1299
Al1Be1Nb2,11.2622;0.4575;0.2093
Al1Nb1Sn2,9.4679;0.5565;0.3097
Al1Tl1Nb2,11.344;0.4037;0.163
Al1Hf1Nb2,11.0253;0.4022;0.1617
Al1Cl1Nb2,10.5296;0.4387;0.1925
Al1Sm1Nb2,11.3008;0.4086;0.167
Al1Ni1Nb2,9.6738;0.4482;0.2009
Al1Tb1Nb2,11.0076;0.4146;0.1719
Al1B1Nb2,10.1952;0.4621;0.2135
Al1Gd1Nb2,11.0957;0.4301;0.185
Al1In1Nb2,11.2972;0.409;0.1673
Al1Mn1Nb2,10.7766;0.4368;0.1908
Al1Ho1Nb2,11.2506;0.4087;0.167
Al1Se1Nb2,11.9662;0.4091;0.1674
Al1Hg1Nb2,11.2985;0.4086;0.167
Al1Eu1Nb2,11.299;0.4094;0.1676
Al1Rb1Nb2,10.3776;0.4436;0.1968
Al1Pr1Nb2,10.9013;0.4223;0.1783
Al1Mg1Nb2,9.5231;0.5999;0.3599
Al1Mg1B2,19.3583;1.1181;1.2502
Al1Mg1Li2,10.3168;0.8984;0.8071
Al1Sb1Nb2,10.7353;0.4375;0.1914
Al1Er1Nb2,11.1875;0.4319;0.1865
Al1Zn1Nb2,11.0959;0.4411;0.1945
Al1Np1Nb2,11.1736;0.3967;0.1574
Al1Si1Nb2,13.2973;0.4825;0.2328
Al1P1Nb2,11.7342;0.4335;0.1879
Al1Ta1Nb2,10.8281;0.4755;0.2261
Al1Na1Nb2,11.2017;0.4167;0.1736
Al1H1Nb2,10.8603;0.3935;0.1548
Al1Ge1Nb2,12.6;0.0;0.0
Al1Pa1Nb2,11.302;0.4089;0.1672
Al1Ir1Nb2,9.6466;0.3814;0.1455
Al1Yb1Nb2,11.0448;0.417;0.1739
Al1T1Nb2,11.302;0.4089;0.1672
Al1Th1Nb2,11.1663;0.3953;0.1562
Al1Lu1Nb2,10.7929;0.4013;0.161
Al1Ag1Nb2,10.357;0.463;0.2144
Al1Cd1Nb2,11.2121;0.3994;0.1595
Al1Br1Nb2,11.0194;0.4186;0.1753
Al1I1Nb2,11.2453;0.3945;0.1556
Al1Dy1Nb2,11.229;0.3989;0.1591
Al1Sc1Nb2,11.0002;0.4103;0.1684
Al1D1Nb2,11.2798;0.411;0.1689
Al1Cs1Nb2,11.2238;0.3875;0.1501
Al1Tc1Nb2,11.1492;0.4065;0.1652
Al1Pu1Nb2,11.144;0.4454;0.1983
Al1Am1Nb2,11.0489;0.4144;0.1718
Al1Cm1Nb2,11.302;0.4089;0.1672
Al1Po1Nb2,11.302;0.4089;0.1672
Sr1N1Cl2,11.3512;0.5343;0.2855
Sr1N1Li2,11.3341;0.6017;0.362
Sr1N1Br2,10.639;0.5486;0.301
Sr1Cl1N2,11.3865;0.5797;0.3361
Sr1B1Mg2,10.619;0.9728;0.9464
Sr1C1Mg2,10.4405;0.8712;0.759
Sr1Rb1Ba2,9.5557;0.7831;0.6133
Sr1Mg1B2,20.9294;1.0706;1.1462
Sr1Mg1Li2,12.0154;0.9562;0.9144
Sr1Li1N2,9.8781;0.5748;0.3304
Sr1Li1Mg2,9.5173;1.005;1.01
Co1N1Li2,10.5602;0.6319;0.3993
Co1N1Br2,9.4281;0.5951;0.3541
Co1B1Mg2,10.6585;0.952;0.9063
Co1C1Mg2,10.3611;0.8306;0.6899
Co1Mg1B2,19.9178;0.9619;0.9252
Co1Mg1Li2,12.1005;0.9728;0.9464
Co1Li1Mg2,9.549;0.9621;0.9256
Co1Pu1Ga2,11.4228;0.5068;0.2569
Re1N1Cl2,9.5971;0.4614;0.2128
Re1N1Li2,11.0772;0.6233;0.3885
Re1N1Br2,9.9596;0.5418;0.2936
Re1Cl1N2,9.7797;0.5394;0.291
Re1B1Mg2,10.7833;0.938;0.8799
Re1C1Mg2,10.3897;0.8509;0.7241
Re1Mg1B2,20.9464;1.0308;1.0626
Re1Mg1Li2,11.6977;0.9418;0.887
Re1Li1N2,9.6046;0.5684;0.3231
Re1Li1Mg2,9.3632;0.9654;0.9321
W1N1Cl2,9.735;0.462;0.2135
W1N1C2,9.6869;0.3745;0.1402
W1N1Li2,11.1951;0.6277;0.394
W1N1Br2,10.3296;0.5407;0.2923
W1Nb1C2,12.5;0.0;0.0
W1Cl1N2,9.8501;0.5281;0.2789
W1B1Mg2,10.5697;0.9476;0.8979
W1C1Mg2,10.6123;0.8708;0.7584
W1Mg1B2,20.9754;1.0457;1.0936
W1Mg1Li2,11.8555;0.9359;0.876
W1Li1N2,9.6923;0.6005;0.3606
W1Li1Mg2,9.3121;1.001;1.002
W1Ta1C2,10.1;0.0;0.0
N1Be1Cl2,9.6588;0.4735;0.2242
N1Be1Li2,10.1874;0.6162;0.3797
N1Be1Br2,10.1413;0.5358;0.2871
N1Nb1Cl2,10.0295;0.5128;0.263
N1Nb1C2,13.1656;0.3082;0.095
N1Nb1Li2,10.759;0.6063;0.3675
N1Nb1Br2,10.8392;0.3935;0.1549
N1Tl1Cl2,9.7491;0.4612;0.2127
N1Tl1Li2,11.2945;0.6163;0.3798
N1Tl1Br2,10.3655;0.5363;0.2876
N1Y1Li2,10.7604;0.6477;0.4195
N1Y1Br2,9.627;0.5509;0.3035
N1Hf1Nb2,10.4406;0.4132;0.1708
N1Hf1Cl2,15.5936;0.5185;0.2689
N1Hf1Li2,18.6137;0.5571;0.3104
N1Hf1Br2,13.4039;0.7053;0.4974
N1Cl1Ba2,12.0256;0.5268;0.2775
N1Cl1K2,13.3395;0.3563;0.127
N1Cl1Fe2,12.7594;0.4913;0.2414
N1Cl1As2,13.0071;0.5004;0.2504
N1Cl1Ca2,12.6896;0.5598;0.3134
N1Cl1La2,12.6098;0.5349;0.2861
N1Cl1Cu2,13.0302;0.5461;0.2982
N1Cl1O2,12.3642;0.5188;0.2692
N1Cl1Mo2,11.466;0.5406;0.2923
N1Cl1Ru2,12.2319;0.4898;0.2399
N1Cl1Tm2,13.2757;0.5122;0.2624
N1Cl1Os2,12.6159;0.5264;0.2771
N1Cl1Sn2,12.8348;0.46;0.2116
N1Cl1Nd2,13.2151;0.515;0.2652
N1Cl1Bi2,12.6681;0.5136;0.2637
N1Cl1Pb2,13.0852;0.4883;0.2385
N1Cl1S2,11.9923;0.5562;0.3093
N1Cl1F2,13.0508;0.502;0.252
N1Cl1V2,12.5343;0.533;0.2841
N1Cl1Ga2,11.5553;0.4478;0.2005
N1Cl1Sr2,14.4945;0.5076;0.2577
N1Cl1Co2,12.0133;0.5486;0.301
N1Cl1Re2,13.1628;0.5053;0.2553
N1Cl1W2,12.269;0.5824;0.3392
N1Cl1Be2,13.2525;0.499;0.249
N1Cl1Nb2,12.158;0.5013;0.2513
N1Cl1Tl2,13.3257;0.4967;0.2467
N1Cl1Y2,11.5316;0.5587;0.3121
N1Cl1Hf2,17.8335;0.5922;0.3507
N1Cl1Sm2,13.2732;0.5147;0.2649
N1Cl1Ni2,12.7387;0.5473;0.2996
N1Cl1Tb2,12.9855;0.5552;0.3082
N1Cl1Ce2,9.5217;0.6219;0.3868
N1Cl1B2,11.7148;0.5348;0.286
N1Cl1C2,11.4084;0.4652;0.2164
N1Cl1Gd2,13.2336;0.5156;0.2658
N1Cl1In2,12.0533;0.5294;0.2802
N1Cl1Pd2,12.0338;0.483;0.2333
N1Cl1Zr2,13.1085;0.2351;0.0553
N1Cl1Mn2,13.1532;0.5177;0.2681
N1Cl1Ho2,13.2213;0.515;0.2652
N1Cl1Se2,12.3963;0.4786;0.229
N1Cl1Hg2,13.3037;0.511;0.2611
N1Cl1Eu2,13.2851;0.5085;0.2585
N1Cl1Rb2,13.0416;0.4658;0.217
N1Cl1Pr2,12.9299;0.5547;0.3077
N1Cl1Mg2,11.3095;0.6003;0.3604
N1Cl1Sb2,12.9;0.5317;0.2827
N1Cl1Er2,13.1658;0.5121;0.2622
N1Cl1Rh2,12.2195;0.4974;0.2474
N1Cl1Au2,12.6768;0.4888;0.2389
N1Cl1Zn2,13.3308;0.4589;0.2106
N1Cl1Li2,15.5877;0.3861;0.1491
N1Cl1Np2,13.2909;0.51;0.2601
N1Cl1Si2,12.3798;0.4736;0.2243
N1Cl1P2,13.2039;0.5041;0.2541
N1Cl1Ta2,13.3775;0.4961;0.2461
N1Cl1Na2,14.2539;0.3444;0.1186
N1Cl1H2,13.1798;0.5282;0.279
N1Cl1Pt2,12.3294;0.5305;0.2814
N1Cl1Ge2,11.7309;0.5668;0.3213
N1Cl1Pa2,13.2896;0.5109;0.2611
N1Cl1Te2,10.7744;0.4956;0.2457
N1Cl1Ir2,10.3148;0.5051;0.2551
N1Cl1Yb2,13.2676;0.5157;0.266
N1Cl1T2,13.3339;0.5079;0.258
N1Cl1U2,10.9483;0.6524;0.4256
N1Cl1Th2,12.8837;0.55;0.3025
N1Cl1Lu2,13.096;0.5199;0.2703
N1Cl1Ag2,9.6882;0.6116;0.374
N1Cl1Cd2,13.2475;0.4952;0.2453
N1Cl1Br2,13.3861;0.4755;0.2261
N1Cl1I2,13.4769;0.4987;0.2487
N1Cl1Dy2,13.223;0.5293;0.2802
N1Cl1Sc2,12.6101;0.5709;0.326
N1Cl1Cr2,12.0545;0.6487;0.4209
N1Cl1D2,13.6255;0.4954;0.2454
N1Cl1Cs2,13.2746;0.5148;0.265
N1Cl1Tc2,13.4136;0.487;0.2372
N1Cl1Pu2,13.2119;0.5225;0.273
N1Cl1Am2,13.2899;0.5104;0.2606
N1Cl1Cm2,13.2878;0.5107;0.2609
N1Cl1Po2,13.2878;0.5107;0.2609
N1Sm1Cl2,9.7038;0.4691;0.2201
N1Sm1Li2,11.286;0.6095;0.3715
N1Sm1Br2,10.2556;0.5514;0.3041
N1Ni1Li2,11.1519;0.6055;0.3666
N1Ni1Br2,9.8381;0.5376;0.289
N1Tb1Li2,10.8917;0.6412;0.4112
N1Tb1Br2,9.8081;0.5527;0.3055
N1B1Mg2,10.4439;0.731;0.5344
N1B1Li2,10.2172;0.6115;0.3739
N1C1B2,9.6563;0.5592;0.3127
N1C1Mg2,11.4933;0.6192;0.3834
N1C1Li2,11.1566;0.4205;0.1768
N1C1Ta2,10.3508;0.2027;0.0411
N1C1Na2,10.4321;0.4089;0.1672
N1C1Br2,10.5706;0.3597;0.1294
N1Gd1Cl2,9.667;0.4681;0.2191
N1Gd1Li2,11.2508;0.6251;0.3907
N1Gd1Br2,10.1953;0.552;0.3047
N1In1Li2,10.1235;0.6601;0.4357
N1Pd1Li2,10.5531;0.5457;0.2978
N1Zr1Nb2,10.6156;0.2837;0.0805
N1Zr1Cl2,12.4229;0.283;0.0801
N1Zr1Li2,10.9687;0.3845;0.1478
N1Zr1Br2,10.3255;0.4533;0.2055
N1Mn1Cl2,9.5931;0.4619;0.2133
N1Mn1Li2,11.1779;0.617;0.3807
N1Mn1Br2,9.9807;0.54;0.2915
N1Ho1Cl2,9.6658;0.4601;0.2117
N1Ho1Li2,11.245;0.6264;0.3924
N1Ho1Br2,10.1368;0.5755;0.3312
N1Se1Li2,10.7373;0.5685;0.3232
N1Se1Br2,10.1902;0.5199;0.2703
N1Ti1Nb2,10.2214;0.3237;0.1048
N1Ti1Li2,11.4574;0.5844;0.3415
N1Ti1Br2,12.5762;0.4517;0.204
N1Hg1Cl2,9.727;0.4636;0.215
N1Hg1C2,9.7382;0.4928;0.2428
N1Hg1Li2,10.1545;0.6258;0.3916
N1Hg1Br2,10.3171;0.5473;0.2995
N1Eu1Cl2,9.7143;0.4653;0.2165
N1Eu1Li2,11.2837;0.6124;0.3751
N1Eu1Br2,10.2767;0.551;0.3035
N1Rb1Cl2,9.8082;0.4156;0.1727
N1Rb1Li2,11.0063;0.6392;0.4086
N1Rb1Br2,11.9515;0.4713;0.2221
N1Pr1Cl2,9.6183;0.4677;0.2187
N1Pr1Li2,11.1582;0.6035;0.3642
N1Pr1Br2,10.0725;0.5343;0.2855
N1Mg1Nb2,9.562;0.5163;0.2666
N1Mg1Cl2,10.7495;0.7587;0.5756
N1Mg1B2,18.0558;0.9012;0.8122
N1Mg1C2,10.0189;0.6315;0.3988
N1Mg1Li2,14.406;0.8721;0.7606
N1Sb1Li2,10.8747;0.6413;0.4112
N1Sb1Br2,9.8286;0.5523;0.305
N1Er1Cl2,9.6024;0.476;0.2266
N1Er1Li2,11.2038;0.6249;0.3905
N1Er1Br2,10.0131;0.5681;0.3228
N1Rh1Li2,10.307;0.5907;0.3489
N1Rh1Br2,9.5711;0.5098;0.2599
N1Au1Cl2,9.6971;0.4623;0.2137
N1Au1Li2,11.2211;0.6098;0.3718
N1Au1Br2,10.2555;0.5473;0.2995
N1Zn1Cl2,10.233;0.4511;0.2035
N1Zn1Li2,11.1233;0.6446;0.4155
N1Zn1Br2,10.0404;0.5409;0.2926
N1Li1Ba2,10.9362;0.7054;0.4975
N1Li1K2,11.4046;0.5928;0.3514
N1Li1Fe2,11.6442;0.709;0.5027
N1Li1As2,11.7065;0.6356;0.4039
N1Li1Ca2,11.4342;0.6549;0.4289
N1Li1La2,11.502;0.5991;0.3589
N1Li1Cu2,11.4721;0.6712;0.4505
N1Li1O2,11.3149;0.5371;0.2885
N1Li1Mo2,9.8405;0.6299;0.3967
N1Li1Ru2,10.9623;0.6941;0.4817
N1Li1Tm2,12.2028;0.6385;0.4077
N1Li1Os2,11.5565;0.6523;0.4255
N1Li1Sn2,11.6485;0.6034;0.3641
N1Li1Nd2,12.1093;0.6326;0.4002
N1Li1Bi2,11.2972;0.6037;0.3645
N1Li1Pb2,12.1807;0.5326;0.2837
N1Li1S2,10.2908;0.639;0.4083
N1Li1F2,11.7921;0.569;0.3237
N1Li1V2,10.9093;0.6016;0.3619
N1Li1Ga2,10.4831;0.6449;0.4159
N1Li1Sr2,12.2645;0.6276;0.3938
N1Li1Co2,10.8543;0.7063;0.4988
N1Li1Re2,11.9795;0.6199;0.3842
N1Li1W2,10.7064;0.5814;0.338
N1Li1Be2,10.9491;0.6304;0.3974
N1Li1Nb2,10.6461;0.454;0.2061
N1Li1Tl2,12.2199;0.6413;0.4113
N1Li1Y2,11.1269;0.6767;0.4579
N1Li1Hf2,18.0713;0.5975;0.357
N1Li1Cl2,14.6547;0.5083;0.2584
N1Li1Sm2,12.2024;0.6394;0.4088
N1Li1Ni2,11.7074;0.5996;0.3595
N1Li1Tb2,11.7947;0.6443;0.4151
N1Li1B2,10.1076;0.5551;0.3082
N1Li1C2,11.2839;0.4181;0.1748
N1Li1Gd2,12.1629;0.6461;0.4174
N1Li1In2,10.814;0.7087;0.5022
N1Li1Pd2,11.5257;0.5392;0.2907
N1Li1Zr2,11.4087;0.4462;0.1991
N1Li1Mn2,12.08;0.6485;0.4205
N1Li1Ho2,12.159;0.655;0.429
N1Li1Se2,11.2107;0.5587;0.3122
N1Li1Ti2,11.2107;0.6059;0.3672
N1Li1Hg2,10.9029;0.6273;0.3936
N1Li1Eu2,12.2024;0.6408;0.4106
N1Li1Rb2,11.8089;0.6589;0.4342
N1Li1Pr2,11.7361;0.6266;0.3926
N1Li1Mg2,12.8919;0.9062;0.8213
N1Li1Sb2,11.7752;0.6423;0.4125
N1Li1Er2,12.1083;0.6489;0.4211
N1Li1Rh2,10.824;0.6581;0.4331
N1Li1Au2,11.554;0.608;0.3697
N1Li1Zn2,11.1331;0.6565;0.431
N1Li1Np2,12.2074;0.6393;0.4087
N1Li1Si2,11.3889;0.6905;0.4768
N1Li1P2,11.7681;0.6315;0.3988
N1Li1Ta2,11.6688;0.6416;0.4116
N1Li1Na2,12.5079;0.5532;0.3061
N1Li1H2,10.9402;0.5967;0.3561
N1Li1Pt2,10.5787;0.6294;0.3962
N1Li1Ge2,10.6003;0.6722;0.4519
N1Li1Pa2,12.2079;0.6388;0.4081
N1Li1Te2,9.8798;0.7164;0.5132
N1Li1Yb2,12.19;0.6438;0.4144
N1Li1T2,12.2184;0.6367;0.4054
N1Li1U2,9.849;0.7347;0.5397
N1Li1Th2,11.8366;0.5981;0.3577
N1Li1Lu2,12.0187;0.6446;0.4155
N1Li1Ag2,10.4097;0.6104;0.3725
N1Li1Cd2,12.1602;0.6204;0.3849
N1Li1Br2,16.5933;0.3913;0.1531
N1Li1I2,15.5837;0.5916;0.35
N1Li1Dy2,12.1739;0.6434;0.414
N1Li1Sc2,11.3194;0.6401;0.4097
N1Li1Cr2,10.7562;0.6625;0.4389
N1Li1D2,12.4302;0.6185;0.3826
N1Li1Cs2,12.0746;0.6291;0.3958
N1Li1Tc2,12.2542;0.5792;0.3354
N1Li1Pu2,12.1036;0.6397;0.4093
N1Li1Am2,12.2057;0.6388;0.4081
N1Li1Cm2,12.2057;0.6389;0.4083
N1Li1Po2,12.2057;0.6389;0.4083
N1Np1Cl2,9.7199;0.4678;0.2189
N1Np1Li2,11.2869;0.6114;0.3738
N1Np1Br2,10.2905;0.5498;0.3022
N1Si1Nb2,10.4787;0.4701;0.221
N1Si1Cl2,9.8058;0.4884;0.2385
N1Si1Li2,11.2684;0.6307;0.3978
N1Si1Br2,10.3512;0.5311;0.2821
N1P1Cl2,9.6888;0.4629;0.2143
N1P1Li2,11.0086;0.6193;0.3835
N1P1Br2,10.2474;0.5388;0.2903
N1Ta1Cl2,9.715;0.4767;0.2273
N1Ta1C2,10.1183;0.3307;0.1094
N1Ta1Li2,10.7524;0.6228;0.3879
N1Ta1Br2,10.3423;0.5295;0.2804
N1Na1Cl2,12.4704;0.4571;0.2089
N1Na1C2,10.893;0.3237;0.1048
N1Na1Li2,11.793;0.5475;0.2998
N1Na1Br2,12.1595;0.4981;0.2481
N1H1Cl2,9.6281;0.4742;0.2249
N1H1Li2,11.0173;0.5805;0.337
N1H1Br2,10.1691;0.587;0.3446
N1Pt1Li2,10.1151;0.6307;0.3978
N1Pt1Br2,9.5056;0.5532;0.306
N1Ge1Li2,10.6163;0.6093;0.3713
N1Ge1Br2,9.5971;0.5559;0.3091
N1Pa1Cl2,9.7168;0.4668;0.2179
N1Pa1Li2,11.286;0.6114;0.3738
N1Pa1Br2,10.2806;0.5501;0.3026
N1Yb1Cl2,9.6967;0.471;0.2218
N1Yb1Li2,11.2713;0.6187;0.3827
N1Yb1Br2,10.2383;0.5453;0.2973
N1T1Cl2,9.7212;0.4657;0.2169
N1T1Li2,11.2872;0.6105;0.3727
N1T1Br2,10.2892;0.5504;0.3029
N1Th1Li2,10.9109;0.5989;0.3587
N1Th1Br2,9.8784;0.5593;0.3128
N1Lu1Cl2,9.6337;0.4778;0.2283
N1Lu1Li2,11.162;0.6154;0.3787
N1Lu1Br2,10.0777;0.5635;0.3175
N1Ag1Li2,10.3713;0.5819;0.3386
N1Cd1Cl2,9.706;0.4584;0.2101
N1Cd1Li2,11.2472;0.5998;0.3598
N1Cd1Br2,10.2668;0.5476;0.2998
N1Br1K2,11.9005;0.589;0.3469
N1Br1As2,9.6058;0.5118;0.262
N1Br1La2,9.5028;0.5861;0.3435
N1Br1Cu2,9.6223;0.5242;0.2748
N1Br1Tm2,10.0729;0.5361;0.2874
N1Br1Sn2,9.5675;0.497;0.247
N1Br1Nd2,9.9367;0.5524;0.3052
N1Br1Pb2,9.9159;0.4654;0.2166
N1Br1F2,9.923;0.5392;0.2907
N1Br1Sr2,10.5689;0.5232;0.2737
N1Br1Re2,9.8685;0.5143;0.2645
N1Br1Be2,10.1417;0.5027;0.2527
N1Br1Nb2,10.2679;0.3605;0.13
N1Br1Tl2,10.2354;0.5014;0.2514
N1Br1Hf2,11.6668;0.7156;0.5121
N1Br1Cl2,10.9179;0.4086;0.1669
N1Br1Sm2,10.077;0.5263;0.277
N1Br1Tb2,9.6307;0.5315;0.2824
N1Br1C2,10.7064;0.4456;0.1985
N1Br1Gd2,10.0046;0.5358;0.2871
N1Br1Mn2,9.798;0.5226;0.2731
N1Br1Ho2,9.9562;0.5572;0.3105
N1Br1Se2,9.6448;0.5609;0.3146
N1Br1Ti2,11.8159;0.4036;0.1629
N1Br1Hg2,10.164;0.5241;0.2747
N1Br1Eu2,10.1057;0.5255;0.2761
N1Br1Rb2,11.7512;0.4657;0.2169
N1Br1Pr2,9.4963;0.5251;0.2757
N1Br1Sb2,9.6716;0.5346;0.2858
N1Br1Er2,9.8385;0.5529;0.3057
N1Br1Zn2,9.8915;0.5238;0.2743
N1Br1Li2,15.8989;0.4506;0.203
N1Br1Np2,10.1215;0.5252;0.2758
N1Br1P2,9.988;0.5288;0.2797
N1Br1Ta2,10.5482;0.4552;0.2072
N1Br1Na2,11.7521;0.5374;0.2888
N1Br1H2,10.1578;0.5807;0.3373
N1Br1Pa2,10.1248;0.5243;0.2748
N1Br1Yb2,10.0696;0.5215;0.272
N1Br1T2,10.2212;0.518;0.2683
N1Br1Th2,9.7139;0.5219;0.2724
N1Br1Lu2,9.7474;0.5386;0.2901
N1Br1Cd2,10.048;0.5256;0.2763
N1Br1I2,10.6711;0.5153;0.2656
N1Br1Dy2,9.9695;0.5248;0.2754
N1Br1D2,11.0433;0.5056;0.2556
N1Br1Cs2,10.0758;0.525;0.2757
N1Br1Tc2,10.6713;0.4613;0.2128
N1Br1Pu2,9.974;0.5175;0.2678
N1Br1Am2,10.1153;0.5267;0.2774
N1Br1Cm2,10.1097;0.5264;0.2771
N1Br1Po2,10.1097;0.5264;0.2771
N1I1Cl2,9.9685;0.4729;0.2236
N1I1Li2,14.7591;0.6089;0.3707
N1I1Br2,10.8643;0.5171;0.2674
N1Dy1Cl2,9.6592;0.4779;0.2284
N1Dy1Li2,11.263;0.6161;0.3796
N1Dy1Br2,10.1444;0.5457;0.2978
N1Sc1Cl2,9.7356;0.4662;0.2173
N1Sc1Li2,11.2771;0.618;0.382
N1Sc1Br2,10.3221;0.5327;0.2838
N1Cr1Li2,10.5816;0.5836;0.3406
N1Cr1Br2,9.5339;0.5779;0.3339
N1D1Cl2,9.8743;0.4688;0.2198
N1D1Li2,11.3569;0.5983;0.358
N1D1Br2,10.6604;0.5597;0.3132
N1Cs1Cl2,9.7019;0.467;0.2181
N1Cs1Li2,11.2007;0.5858;0.3432
N1Cs1Br2,10.2272;0.5571;0.3103
N1Tc1Cl2,9.7434;0.4647;0.2159
N1Tc1Li2,11.3076;0.6105;0.3728
N1Tc1Br2,10.3629;0.5472;0.2995
N1Pu1Cl2,9.6569;0.4658;0.217
N1Pu1Li2,11.2053;0.6315;0.3988
N1Pu1Br2,10.1204;0.5388;0.2903
N1Am1Cl2,9.719;0.4664;0.2176
N1Am1Li2,11.2861;0.6114;0.3738
N1Am1Br2,10.2849;0.5499;0.3024
N1Cm1Cl2,9.7168;0.4668;0.2179
N1Cm1Li2,11.286;0.6114;0.3738
N1Cm1Br2,10.2806;0.5501;0.3026
N1Po1Cl2,9.7168;0.4668;0.2179
N1Po1Li2,11.286;0.6114;0.3738
N1Po1Br2,10.2806;0.5501;0.3026
Be1Cl1N2,9.7844;0.5359;0.2872
Be1C1Mg2,10.3704;0.8617;0.7425
Be1Mg1B2,19.3291;0.9077;0.824
Be1Mg1Li2,10.8975;0.8166;0.6668
Nb1Cl1N2,11.1961;0.4781;0.2285
Nb1Cl1Hf2,9.5265;0.4992;0.2492
Nb1B1Mg2,10.7754;0.818;0.6692
Nb1C1N2,12.7702;0.3276;0.1073
Nb1C1B2,9.4101;0.6165;0.38
Nb1C1Mg2,11.4092;0.7182;0.5158
Nb1Zr1N2,11.2939;0.2308;0.0533
Nb1Ti1N2,11.7907;0.2219;0.0492
Nb1Hg1C2,10.1504;0.43;0.1849
Nb1Mg1B2,19.0434;1.02;1.0404
Nb1Mg1C2,9.6294;0.4713;0.2221
Nb1Mg1Li2,10.0345;0.8199;0.6723
Nb1Li1N2,10.1053;0.5447;0.2967
Nb1Ta1C2,11.1;0.0;0.0
Nb1Ge1Al2,12.2478;0.669;0.4475
Nb1Br1N2,10.4276;0.3744;0.1401
Tl1Cl1N2,9.8612;0.5275;0.2783
Tl1C1Mg2,9.4053;0.8939;0.799
Tl1Zr1Nb2,9.997;0.2322;0.0539
Tl1Mg1B2,18.6505;1.1268;1.2696
Tl1Mg1Li2,11.4939;0.9332;0.871
Tl1Li1N2,9.8262;0.5904;0.3486
Y1C1B2,11.4276;0.6447;0.4157
Y1C1Pd2,9.7221;0.6808;0.4635
Y1Mg1B2,18.4259;1.1786;1.3891
Y1Mg1Li2,11.0152;0.9261;0.8577
Y1Th1C2,12.048;0.3515;0.1236
Hf1Cl1Pb2,9.6622;0.5641;0.3182
Hf1Cl1V2,9.6199;0.5566;0.3098
Hf1Cl1Re2,9.6135;0.5524;0.3051
Hf1Cl1N2,15.4313;0.6434;0.4139
Hf1Cl1Li2,11.7771;0.6479;0.4198
Hf1Cl1Ta2,10.6767;0.5157;0.266
Hf1Cl1H2,9.6058;0.6049;0.3659
Hf1Cl1D2,11.043;0.6387;0.408
Hf1Cl1Tc2,10.1954;0.5333;0.2844
Hf1B1Mg2,10.652;0.9959;0.9919
Hf1C1Mg2,10.3578;0.8616;0.7424
Hf1Mg1B2,21.0266;1.0521;1.1069
Hf1Mg1Li2,13.2362;0.9485;0.8997
Hf1Li1N2,16.5842;0.6037;0.3645
Hf1Li1Cl2,11.2761;0.6715;0.4509
Hf1Li1Mg2,10.8747;0.949;0.9007
Hf1Li1Br2,10.7073;0.7944;0.631
Hf1Br1N2,11.3379;0.7056;0.4978
Hf1Br1Li2,10.1375;0.7723;0.5964
Cl1Sm1N2,9.8539;0.5339;0.285
Cl1Ni1N2,9.6671;0.5296;0.2805
Cl1Tb1N2,9.4233;0.586;0.3434
Cl1B1Mg2,12.2286;0.9501;0.9026
Cl1C1N2,10.0941;0.4404;0.194
Cl1C1Mg2,10.1839;0.8735;0.7631
Cl1Gd1N2,9.8415;0.5334;0.2845
Cl1In1N2,9.6203;0.52;0.2704
Cl1Zr1N2,12.1635;0.3118;0.0972
Cl1Mn1N2,9.8169;0.536;0.2873
Cl1Ho1N2,9.8393;0.5344;0.2856
Cl1Ti1N2,9.9756;0.5004;0.2504
Cl1Hg1N2,9.8583;0.5332;0.2843
Cl1Eu1N2,9.8551;0.5342;0.2854
Cl1Rb1N2,9.8848;0.5109;0.261
Cl1Pr1N2,9.783;0.5293;0.2802
Cl1Mg1N2,10.8613;0.7282;0.5302
Cl1Mg1B2,20.1312;0.9012;0.8122
Cl1Mg1Li2,12.8162;0.8864;0.7858
Cl1Sb1N2,9.5854;0.5346;0.2858
Cl1Er1N2,9.8238;0.5263;0.277
Cl1Au1N2,9.8194;0.527;0.2777
Cl1Zn1N2,10.2592;0.5313;0.2822
Cl1Li1N2,14.1192;0.4884;0.2386
Cl1Li1Hf2,12.4482;0.6648;0.442
Cl1Li1Mg2,11.2298;0.9437;0.8905
Cl1Np1N2,9.8575;0.5346;0.2858
Cl1Si1N2,9.8476;0.4609;0.2124
Cl1P1N2,9.8505;0.5263;0.277
Cl1P1Hf2,9.4548;0.584;0.341
Cl1Ta1N2,9.8362;0.539;0.2905
Cl1Ta1Hf2,9.9899;0.5148;0.265
Cl1Na1N2,12.4488;0.4987;0.2487
Cl1H1N2,9.8599;0.546;0.2981
Cl1H1Hf2,9.5122;0.5303;0.2813
Cl1Pa1N2,9.8568;0.5338;0.285
Cl1Yb1N2,9.8488;0.5365;0.2878
Cl1T1N2,9.8575;0.5334;0.2845
Cl1Th1N2,9.5799;0.5699;0.3248
Cl1Lu1N2,9.7811;0.5177;0.268
Cl1Cd1N2,9.8512;0.5272;0.278
Cl1Br1N2,10.8295;0.6171;0.3809
Cl1I1N2,10.086;0.5301;0.281
Cl1Dy1N2,9.8306;0.529;0.2798
Cl1Sc1N2,9.8471;0.5236;0.2742
Cl1D1N2,9.8954;0.5325;0.2835
Cl1D1Hf2,9.7241;0.6153;0.3786
Cl1Cs1N2,9.8466;0.5388;0.2903
Cl1Tc1N2,9.8602;0.5323;0.2834
Cl1Pu1N2,9.8253;0.5447;0.2967
Cl1Am1N2,9.8566;0.5336;0.2848
Cl1Cm1N2,9.8568;0.5338;0.285
Cl1Po1N2,9.8568;0.5338;0.285
Sm1B1Mg2,10.3988;0.9672;0.9355
Sm1C1Mg2,10.3565;0.899;0.8083
Sm1Mg1B2,20.9195;1.0503;1.103
Sm1Mg1Li2,12.0399;0.941;0.8855
Sm1Li1N2,9.8143;0.5894;0.3474
Sm1Li1Mg2,9.5016;1.0028;1.0057
Ni1B1Mg2,10.4131;0.9397;0.883
Ni1C1Mg2,10.0033;0.8691;0.7554
Ni1Mg1B2,19.8948;1.0889;1.1857
Ni1Mg1Li2,11.364;0.9311;0.867
Ni1Li1N2,9.6163;0.537;0.2883
Ni1Li1Mg2,9.1219;0.9657;0.9325
Tb1B1Mg2,10.1218;0.9297;0.8643
Tb1Mg1B2,19.9567;1.0514;1.1054
Tb1Mg1Li2,11.9375;0.9532;0.9085
Tb1Li1Mg2,9.4558;1.0149;1.03
Ce1Mg1B2,15.9974;1.0769;1.1597
Ce1Mg1Li2,9.3897;0.8843;0.7821
B1C1Mg2,17.7164;0.6813;0.4642
B1Gd1Mg2,10.1965;0.9143;0.836
B1Pd1Mg2,10.0415;0.8342;0.6958
B1Zr1Mg2,11.4255;0.9811;0.9625
B1Mn1Mg2,15.1593;1.0832;1.1733
B1Ho1Mg2,10.2825;0.9318;0.8682
B1Se1Mg2,10.4502;0.9375;0.879
B1Ti1Mg2,12.019;1.1472;1.3161
B1Hg1Mg2,10.4544;0.9497;0.902
B1Eu1Mg2,10.4124;0.9431;0.8894
B1Rb1Mg2,9.9252;0.9164;0.8399
B1Pr1Mg2,10.2177;0.9374;0.8788
B1Mg1Ba2,9.7794;0.8107;0.6572
B1Mg1Fe2,9.2891;0.9385;0.8808
B1Mg1Mo2,9.8581;0.8408;0.707
B1Mg1Sn2,9.5086;0.8991;0.8084
B1Mg1Pb2,10.0402;0.7011;0.4916
B1Mg1S2,9.4779;0.9556;0.9131
B1Mg1Sr2,9.5314;0.9008;0.8115
B1Mg1Co2,9.4247;0.8925;0.7965
B1Mg1Re2,10.1833;0.895;0.801
B1Mg1W2,9.7312;0.8912;0.7942
B1Mg1Hf2,9.2582;0.9391;0.8819
B1Mg1Cl2,10.3081;0.8391;0.7041
B1Mg1C2,11.1;0.6707;0.4499
B1Mg1Pd2,9.1762;0.9236;0.853
B1Mg1Zr2,11.3513;0.9159;0.8389
B1Mg1Mn2,10.0022;0.9374;0.8788
B1Mg1Se2,9.0787;0.9214;0.8489
B1Mg1Ti2,11.907;1.0365;1.0743
B1Mg1Li2,15.2942;1.0164;1.033
B1Mg1Np2,9.1049;0.9335;0.8714
B1Mg1P2,9.2291;0.9289;0.8629
B1Mg1Ta2,9.5613;0.894;0.7992
B1Mg1Na2,11.42;1.1367;1.292
B1Mg1H2,10.1776;0.9215;0.8492
B1Mg1Pa2,9.1037;0.9319;0.8684
B1Mg1T2,9.2632;0.9154;0.838
B1Mg1Lu2,9.0998;0.9339;0.8722
B1Mg1Br2,9.7336;0.9231;0.8521
B1Mg1I2,9.221;0.9301;0.8651
B1Mg1Sc2,9.5764;0.8774;0.7699
B1Mg1Cr2,9.3063;0.8336;0.6949
B1Mg1D2,11.3131;0.8184;0.6697
B1Mg1Cs2,9.0875;0.9389;0.8816
B1Mg1Tc2,10.9768;0.8748;0.7653
B1Mg1Pu2,9.2473;0.8951;0.8011
B1Mg1Am2,9.098;0.9326;0.8698
B1Mg1Cm2,9.0921;0.9329;0.8702
B1Mg1Po2,9.0921;0.9329;0.8702
B1Sb1Mg2,9.2767;0.871;0.7587
B1Er1Mg2,10.243;0.9351;0.8744
B1Rh1Mg2,9.1873;0.8578;0.7358
B1Au1Mg2,10.1877;0.907;0.8226
B1Zn1Mg2,9.3161;0.8792;0.7729
B1Li1Mg2,15.4174;1.0949;1.1989
B1Np1Mg2,10.4523;0.9531;0.9084
B1P1Mg2,10.5612;0.9433;0.8897
B1Ta1Mg2,10.5999;0.9627;0.9267
B1Na1Mg2,11.6468;1.1001;1.2102
B1H1Mg2,10.8825;0.9471;0.897
B1Pt1Mg2,9.9167;0.8918;0.7954
B1Ge1Mg2,10.1261;0.8787;0.7721
B1Pa1Mg2,10.4463;0.9519;0.9061
B1Yb1Mg2,10.275;0.9548;0.9116
B1T1Mg2,10.4564;0.9506;0.9036
B1Th1Mg2,10.4228;0.9471;0.897
B1Lu1Mg2,10.3801;0.9353;0.8748
B1Ag1Mg2,10.6081;0.9277;0.8607
B1Cd1Mg2,10.4037;0.9438;0.8907
B1Br1Mg2,10.8334;0.951;0.9043
B1I1Mg2,10.5705;0.9532;0.9086
B1Dy1Mg2,10.1986;0.9629;0.9271
B1Sc1Mg2,10.8514;0.9469;0.8966
B1Cr1Mg2,10.6075;0.8648;0.7478
B1D1Mg2,11.1185;0.9358;0.8757
B1Cs1Mg2,10.4169;0.945;0.893
B1Tc1Mg2,10.5466;0.9399;0.8834
B1Pu1Mg2,10.5448;0.9381;0.8801
B1Am1Mg2,10.448;0.9522;0.9067
B1Cm1Mg2,10.4463;0.9519;0.9061
B1Po1Mg2,10.4463;0.9519;0.9061
C1Gd1Mg2,10.3297;0.879;0.7727
C1In1Mg2,9.1812;0.8411;0.7075
C1Pd1B2,11.8894;0.7427;0.5515
C1Pd1Mg2,10.1355;0.7144;0.5104
C1Zr1Mg2,10.2252;0.8775;0.7701
C1Mn1Mg2,11.3406;0.9503;0.903
C1Ho1Mg2,10.1612;0.8787;0.7721
C1Se1Mg2,10.4226;0.889;0.7902
C1Ti1Mg2,11.1374;0.9275;0.8603
C1Hg1B2,9.4667;0.8907;0.7933
C1Hg1Mg2,10.9104;0.8463;0.7161
C1Eu1Mg2,10.4305;0.8868;0.7864
C1Pr1Mg2,9.6968;0.8651;0.7483
C1Mg1N2,9.6645;0.542;0.2938
C1Mg1B2,20.5592;0.6566;0.4311
C1Mg1Li2,10.8175;0.8588;0.7375
C1Sb1Mg2,9.7282;0.9227;0.8514
C1Er1Mg2,10.3388;0.8634;0.7455
C1Au1Mg2,10.4802;0.8698;0.7566
C1Zn1Mg2,9.8402;0.8925;0.7966
C1Li1N2,11.1889;0.3867;0.1495
C1Li1Mg2,13.5058;0.927;0.8594
C1Np1Mg2,10.434;0.8856;0.7844
C1Si1Mg2,9.2125;0.86;0.7397
C1P1Mg2,10.4444;0.8887;0.7898
C1Ta1Mg2,10.8006;0.8388;0.7036
C1Na1N2,10.089;0.4399;0.1935
C1Na1Mg2,10.9982;0.9165;0.8401
C1H1B2,9.476;0.7301;0.533
C1H1Mg2,11.1455;0.8122;0.6597
C1Pt1Mg2,9.9428;0.7729;0.5973
C1Ge1Mg2,10.3684;0.8478;0.7188
C1Pa1Mg2,10.4327;0.886;0.7851
C1Yb1Mg2,10.2326;0.8918;0.7952
C1T1Mg2,10.4337;0.8857;0.7844
C1Th1B2,9.6618;0.7425;0.5513
C1Th1Mg2,10.8745;0.8317;0.6917
C1Lu1Mg2,10.1939;0.8463;0.7162
C1Ag1Mg2,10.4688;0.8831;0.7799
C1Cd1Mg2,10.2787;0.8825;0.7787
C1Br1N2,10.2377;0.4582;0.2099
C1Br1Mg2,10.4398;0.862;0.743
C1I1Mg2,10.6354;0.8722;0.7607
C1Dy1Mg2,9.4261;0.8866;0.7861
C1Sc1Mg2,10.6082;0.8935;0.7983
C1Cr1Mg2,9.722;0.9023;0.8141
C1D1Mg2,10.5491;0.8915;0.7947
C1Cs1Mg2,9.2461;0.9251;0.8559
C1Tc1Mg2,10.4471;0.8869;0.7867
C1Pu1Mg2,10.4457;0.8861;0.7851
C1Am1Mg2,10.4325;0.8859;0.7848
C1Cm1Mg2,10.4327;0.886;0.7851
C1Po1Mg2,10.4327;0.886;0.7851
Gd1Mg1B2,20.6289;1.0569;1.117
Gd1Mg1Li2,11.99;0.9344;0.8731
Gd1Li1N2,9.7758;0.5827;0.3395
Gd1Li1Mg2,9.475;0.9909;0.9819
In1Mg1B2,17.4714;1.1102;1.2325
In1Mg1Li2,11.1998;0.914;0.8353
In1Li1N2,9.4362;0.6379;0.407
In1Li1Mg2,9.1084;0.9713;0.9434
Pd1Mg1B2,19.3907;1.1077;1.2269
Pd1Mg1Li2,11.0662;0.8587;0.7374
Pd1Au1H2,11.4833;0.2494;0.0622
Pd1H1Cu2,10.9072;0.4732;0.2239
Zr1Mg1Nb2,9.7622;0.6335;0.4013
Zr1Mg1B2,22.0969;1.0505;1.1036
Zr1Mg1Li2,12.6388;1.0002;1.0005
Zr1Li1N2,10.926;0.4759;0.2265
Zr1Li1Mg2,10.0203;1.0221;1.0447
Zr1Ta1Nb2,9.9714;0.1117;0.0125
Zr1Br1N2,9.9251;0.3906;0.1525
Mn1Mg1B2,24.4515;0.8998;0.8097
Mn1Mg1Li2,12.4386;0.9202;0.8467
Mn1Li1N2,9.6971;0.6007;0.3609
Mn1Li1Mg2,12.3108;1.0396;1.0807
Ho1Mg1B2,20.2492;1.0337;1.0685
Ho1Mg1Li2,11.9691;0.9599;0.9214
Ho1Li1N2,9.7718;0.6047;0.3656
Ho1Li1Mg2,9.4618;1.0211;1.0426
Se1Mg1B2,20.9661;1.0393;1.0802
Se1Mg1Li2,11.2778;0.9332;0.8708
Ti1Mg1Nb2,9.4137;0.8818;0.7776
Ti1Mg1B2,22.2775;1.0473;1.0967
Ti1Mg1Li2,12.6163;0.977;0.9545
Ti1Li1N2,10.193;0.5729;0.3282
Ti1Li1Mg2,9.7278;0.9956;0.9912
Ti1Br1N2,10.7019;0.426;0.1814
Hg1Mg1B2,20.9929;1.0447;1.0914
Hg1Mg1Li2,10.3251;1.0094;1.0189
Hg1Ta1C2,9.4305;0.5949;0.3539
Eu1Mg1B2,20.9156;1.0622;1.1282
Eu1Mg1Li2,12.047;0.9439;0.891
Eu1Li1N2,9.8124;0.5899;0.3479
Eu1Li1Mg2,9.5076;1.0026;1.0052
Rb1Mg1B2,19.876;1.0888;1.1854
Rb1Mg1Li2,11.2335;0.9857;0.9715
Rb1Li1N2,9.6141;0.6232;0.3884
Rb1Br1N2,9.966;0.4532;0.2053
Rb1Cs1Ba2,9.2271;0.835;0.6972
Pr1Mg1B2,20.6483;1.0039;1.0078
Pr1Mg1Li2,11.8559;0.9388;0.8814
Pr1Li1N2,9.6838;0.5945;0.3534
Pr1Li1Mg2,9.3922;1.0017;1.0034
Mg1Sb1B2,17.98;0.8944;0.8
Mg1Sb1Li2,10.9903;0.9148;0.8368
Mg1Er1B2,20.2325;1.0327;1.0664
Mg1Er1Li2,11.8599;0.9485;0.8997
Mg1Rh1B2,17.2679;1.1727;1.3753
Mg1Rh1Li2,10.1504;0.9679;0.9367
Mg1Au1B2,16.3577;0.7594;0.5767
Mg1Au1Li2,12.0635;0.9248;0.8552
Mg1Zn1B2,18.1962;1.1743;1.3789
Mg1Zn1Li2,11.1315;0.8793;0.7732
Mg1Li1Ba2,10.9163;0.8924;0.7965
Mg1Li1K2,9.455;0.976;0.9526
Mg1Li1Fe2,11.4461;1.0538;1.1105
Mg1Li1As2,11.0821;0.9807;0.9619
Mg1Li1Ca2,11.4152;0.9587;0.9191
Mg1Li1La2,9.895;0.9568;0.9154
Mg1Li1O2,11.4754;0.9244;0.8545
Mg1Li1Mo2,9.5292;0.9521;0.9065
Mg1Li1Ru2,10.967;0.9593;0.9202
Mg1Li1Tm2,11.6601;0.9736;0.9479
Mg1Li1Os2,11.0368;0.9132;0.8339
Mg1Li1Sn2,11.3489;0.9357;0.8755
Mg1Li1Nd2,11.5036;0.9729;0.9466
Mg1Li1Bi2,10.3946;0.9108;0.8295
Mg1Li1Pb2,12.0077;0.884;0.7814
Mg1Li1S2,11.0516;0.8717;0.7598
Mg1Li1F2,11.5972;0.9061;0.8211
Mg1Li1V2,10.7941;0.9861;0.9724
Mg1Li1Ga2,10.0251;1.0124;1.0249
Mg1Li1Sr2,11.6975;0.9814;0.9631
Mg1Li1Co2,11.0797;1.0182;1.0368
Mg1Li1Re2,11.4374;0.9529;0.9081
Mg1Li1W2,11.5007;0.9756;0.9519
Mg1Li1N2,13.0928;0.9263;0.8581
Mg1Li1Be2,10.559;0.8578;0.7358
Mg1Li1Nb2,10.0358;0.8179;0.6689
Mg1Li1Tl2,11.1347;0.966;0.9331
Mg1Li1Y2,10.4171;0.9636;0.9285
Mg1Li1Hf2,13.0553;1.0167;1.0336
Mg1Li1Cl2,12.1436;0.9278;0.8608
Mg1Li1Sm2,11.6537;0.9757;0.9521
Mg1Li1Ni2,10.9876;0.9551;0.9122
Mg1Li1Tb2,11.5623;0.987;0.9742
Mg1Li1Ce2,9.1398;0.8804;0.775
Mg1Li1B2,20.3049;0.9058;0.8205
Mg1Li1C2,9.8308;0.8017;0.6427
Mg1Li1Gd2,11.6094;0.9708;0.9424
Mg1Li1In2,11.0708;0.8934;0.7982
Mg1Li1Pd2,10.9232;0.8744;0.7646
Mg1Li1Zr2,12.2435;1.0497;1.1018
Mg1Li1Mn2,12.0797;0.94;0.8836
Mg1Li1Ho2,11.5856;0.9933;0.9867
Mg1Li1Se2,10.9324;0.9677;0.9364
Mg1Li1Ti2,12.0633;0.9214;0.8489
Mg1Li1Eu2,11.6686;0.9769;0.9543
Mg1Li1Rb2,10.9096;1.011;1.0221
Mg1Li1Pr2,11.4632;0.9769;0.9544
Mg1Li1Sb2,10.6305;0.9696;0.9401
Mg1Li1Er2,11.5037;0.9816;0.9635
Mg1Li1Rh2,9.5848;1.0256;1.0519
Mg1Li1Au2,10.3716;0.9674;0.9359
Mg1Li1Zn2,9.3282;0.8424;0.7097
Mg1Li1Np2,11.6705;0.9772;0.9548
Mg1Li1Si2,9.2387;0.8296;0.6882
Mg1Li1P2,11.0782;0.9534;0.909
Mg1Li1Ta2,10.8599;0.9456;0.8941
Mg1Li1Na2,12.6152;1.1002;1.2105
Mg1Li1H2,10.3624;0.9724;0.9455
Mg1Li1Pt2,9.6157;0.9028;0.8151
Mg1Li1Ge2,10.4429;0.9882;0.9766
Mg1Li1Pa2,11.671;0.9766;0.9537
Mg1Li1Te2,9.6781;0.9355;0.8752
Mg1Li1Yb2,11.6517;0.9812;0.9627
Mg1Li1T2,11.6938;0.9777;0.9558
Mg1Li1U2,9.589;0.9884;0.9769
Mg1Li1Th2,11.4363;0.9706;0.942
Mg1Li1Lu2,11.4591;0.9716;0.944
Mg1Li1Ag2,10.1005;1.0129;1.026
Mg1Li1Cd2,9.4649;0.962;0.9255
Mg1Li1Br2,12.54;0.9379;0.8796
Mg1Li1I2,12.3376;0.9644;0.9301
Mg1Li1Dy2,11.5997;0.9764;0.9533
Mg1Li1Sc2,11.8866;0.9833;0.9669
Mg1Li1Cr2,11.0916;1.0103;1.0206
Mg1Li1D2,12.2524;0.9772;0.9548
Mg1Li1Cs2,11.3933;0.9879;0.9759
Mg1Li1Tc2,11.9748;0.9503;0.9031
Mg1Li1Pu2,11.5534;0.9667;0.9345
Mg1Li1Am2,11.6685;0.9765;0.9535
Mg1Li1Cm2,11.6683;0.9762;0.9529
Mg1Li1Po2,11.6683;0.9762;0.9529
Mg1Np1B2,20.9964;1.0452;1.0925
Mg1Np1Li2,12.049;0.9424;0.888
Mg1Si1B2,14.4336;0.9528;0.9078
Mg1Si1Li2,9.9914;0.8708;0.7583
Mg1P1B2,21.0296;1.0642;1.1325
Mg1P1Li2,11.5142;0.9304;0.8656
Mg1Ta1B2,20.7549;1.05;1.1024
Mg1Ta1Li2,11.1791;0.9353;0.8748
Mg1Na1B2,22.6762;1.0892;1.1864
Mg1Na1Li2,13.0047;1.0688;1.1423
Mg1H1B2,21.0248;1.0442;1.0904
Mg1H1Li2,11.6259;0.9315;0.8676
Mg1Pt1B2,18.4944;0.999;0.998
Mg1Pt1Li2,10.1244;0.8982;0.8068
Mg1Ge1B2,19.9837;1.0763;1.1585
Mg1Ge1Li2,11.6045;0.9527;0.9076
Mg1Pa1B2,20.9961;1.0449;1.0918
Mg1Pa1Li2,12.0489;0.9422;0.8878
Mg1Te1B2,17.0603;1.0075;1.015
Mg1Te1Li2,10.1171;0.9087;0.8257
Mg1Ir1B2,12.0609;0.8505;0.7234
Mg1Ir1Li2,10.1236;0.7847;0.6157
Mg1Yb1B2,20.7124;1.0648;1.1338
Mg1Yb1Li2,12.0321;0.9488;0.9002
Mg1T1B2,20.9967;1.0456;1.0933
Mg1T1Li2,12.0495;0.9415;0.8864
Mg1U1B2,16.8321;1.2017;1.444
Mg1U1Li2,9.7195;0.9647;0.9306
Mg1Th1B2,20.6721;1.0487;1.0997
Mg1Th1Li2,11.9557;0.9345;0.8732
Mg1Lu1B2,21.4891;0.9317;0.868
Mg1Lu1Li2,11.8572;0.9321;0.8689
Mg1Ag1B2,20.9439;1.0596;1.1228
Mg1Ag1Li2,11.9871;0.9428;0.8889
Mg1Cd1B2,20.8747;1.051;1.1047
Mg1Cd1Li2,11.9506;0.9522;0.9067
Mg1Br1B2,20.7699;1.041;1.0838
Mg1Br1Li2,12.7303;0.8992;0.8085
Mg1I1B2,20.99;1.0379;1.0772
Mg1I1Li2,12.6744;0.938;0.8799
Mg1Dy1B2,19.8646;1.0958;1.2007
Mg1Dy1Li2,11.9792;0.9495;0.9016
Mg1Sc1B2,19.6563;1.0161;1.0325
Mg1Sc1Li2,12.2712;0.935;0.8743
Mg1Cr1B2,20.2927;0.9841;0.9685
Mg1Cr1Li2,12.1293;0.9681;0.9372
Mg1D1B2,21.196;1.013;1.0262
Mg1D1Li2,12.1251;0.9411;0.8857
Mg1Cs1B2,20.9418;1.0398;1.0812
Mg1Cs1Li2,11.7386;0.9648;0.9309
Mg1Tc1B2,21.0295;1.0321;1.0652
Mg1Tc1Li2,12.0758;0.9366;0.8771
Mg1Pu1B2,20.8991;1.0217;1.0439
Mg1Pu1Li2,11.8686;0.9376;0.879
Mg1Am1B2,20.9968;1.0448;1.0916
Mg1Am1Li2,12.0493;0.9427;0.8887
Mg1Cm1B2,20.9961;1.0449;1.0918
Mg1Cm1Li2,12.0489;0.9422;0.8878
Mg1Po1B2,20.9961;1.0449;1.0918
Mg1Po1Li2,12.0489;0.9422;0.8878
Sb1Li1N2,9.4667;0.5828;0.3397
Sb1Li1Mg2,8.9697;1.0352;1.0717
Er1Li1N2,9.7249;0.5966;0.356
Er1Li1Mg2,9.4106;0.9942;0.9884
Au1Li1N2,9.7702;0.5732;0.3286
Au1Li1Mg2,9.4729;1.0123;1.0247
Zn1Li1N2,9.6556;0.583;0.3399
Li1Np1N2,9.8171;0.5894;0.3474
Li1Np1Mg2,9.5085;1.0028;1.0056
Li1Si1N2,9.8123;0.5687;0.3234
Li1Na1N2,10.5217;0.5859;0.3433
Li1Na1Mg2,10.0895;1.0663;1.1371
Li1H1N2,9.6479;0.6083;0.3701
Li1H1Mg2,9.2363;0.9551;0.9122
Li1Ge1Mg2,9.2021;1.0086;1.0173
Li1Pa1N2,9.8155;0.5899;0.348
Li1Pa1Mg2,9.5077;1.0019;1.0037
Li1Yb1N2,9.8009;0.5929;0.3515
Li1Yb1Mg2,9.4969;1.0027;1.0054
Li1T1N2,9.8169;0.5899;0.348
Li1T1Mg2,9.5095;1.001;1.002
Li1Th1N2,9.4712;0.6119;0.3744
Li1Th1Mg2,9.4417;0.99;0.9801
Li1Lu1N2,9.6919;0.5748;0.3304
Li1Lu1Mg2,9.455;0.9881;0.9764
Li1Ag1Mg2,9.4907;0.9941;0.9882
Li1Cd1N2,9.7818;0.573;0.3284
Li1Cd1Mg2,9.4613;1.0086;1.0172
Li1Br1N2,14.2556;0.5479;0.3002
Li1Br1Hf2,10.5758;0.8058;0.6493
Li1Br1Mg2,10.4523;0.9446;0.8923
Li1I1N2,12.9295;0.5418;0.2935
Li1I1Mg2,10.1278;0.9973;0.9946
Li1Dy1N2,9.7824;0.5916;0.35
Li1Dy1Mg2,9.4741;1.0038;1.0076
Li1Sc1N2,9.8025;0.5959;0.3551
Li1Sc1Mg2,9.6902;1.0188;1.0379
Li1Cr1Mg2,9.4753;1.029;1.0589
Li1D1N2,9.9036;0.5671;0.3216
Li1D1Mg2,9.6623;0.9976;0.9953
Li1Cs1N2,9.6893;0.5786;0.3347
Li1Cs1Mg2,9.2253;1.0099;1.0199
Li1Tc1N2,9.8336;0.5862;0.3436
Li1Tc1Mg2,9.5305;1.0024;1.0047
Li1Pu1N2,9.7281;0.574;0.3294
Li1Pu1Mg2,9.4449;0.9823;0.965
Li1Am1N2,9.8159;0.5897;0.3478
Li1Am1Mg2,9.5078;1.002;1.0039
Li1Cm1N2,9.8155;0.5899;0.348
Li1Cm1Mg2,9.5077;1.0019;1.0037
Li1Po1N2,9.8155;0.5899;0.348
Li1Po1Mg2,9.5077;1.0019;1.0037
Na1Br1N2,10.3374;0.4715;0.2223
Ag1D1Pd2,9.591;0.6012;0.3614

1653 of 317985 appear to be promising

hp_tune_min_nc_normal:

{'ccp_alpha': 0.0, 'criterion': 'squared_error', 'max_depth': None, 'max_leaf_nodes': None, 'max_samples': None, 'min_impurity_decrease': 0.0, 'min_samples_leaf': 1, 'min_samples_split': 2, 'min_weight_fraction_leaf': 0.0, 'n_estimators': 200, 'n_jobs': None, 'oob_score': False, 'random_state': None, 'verbose': 0, 'warm_start': False, 'max_features': 'sqrt', 'bootstrap': False}

Ba1K1O2,11.7337;0.8001;0.6401
Ba1K1F2,10.244;0.7821;0.6117
Ba1O1F2,11.2677;0.9833;0.9669
Ba1S1O2,9.4089;1.3093;1.7142
Ba1S1F2,8.9824;1.0544;1.1118
Ba1F1O2,13.0652;1.1551;1.3343
Ba1N1O2,11.5158;1.1459;1.3131
Ba1N1Cl2,10.6385;0.644;0.4147
Ba1Cl1O2,11.6914;1.3035;1.6992
Ba1Cl1F2,9.5348;0.9537;0.9095
Ba1Cl1N2,10.5256;0.6453;0.4165
Ba1P1O2,11.0904;1.3274;1.762
Ba1P1F2,10.6451;1.0656;1.1355
Ba1Na1O2,9.6825;0.7024;0.4933
Ba1Br1O2,10.7394;0.9298;0.8646
Ba1I1O2,10.0011;0.816;0.6658
K1O1Se2,11.8072;0.7478;0.5591
K1O1P2,10.0009;0.6247;0.3903
K1O1Br2,10.7928;0.6502;0.4228
K1Sn1O2,10.4768;0.6474;0.4191
K1Bi1O2,17.4698;0.7744;0.5997
K1Bi1F2,9.8712;0.6931;0.4804
K1Bi1N2,10.8211;0.5454;0.2975
K1Pb1O2,13.0719;0.7763;0.6026
K1Pb1F2,9.5282;0.7821;0.6117
K1N1S2,9.4808;0.5567;0.31
K1N1Cl2,11.0527;0.4948;0.2448
K1N1P2,9.631;0.5303;0.2812
K1N1Br2,10.8614;0.5981;0.3577
K1Be1B2,11.4553;0.8487;0.7204
K1Tl1O2,12.232;0.7407;0.5486
K1Cl1N2,10.1508;0.6525;0.4257
K1C1B2,9.4122;0.8576;0.7354
K1In1O2,10.6956;0.63;0.3969
K1Se1O2,10.0168;0.5549;0.3079
K1Hg1O2,11.9369;0.6249;0.3905
K1Mg1O2,9.4475;0.6774;0.4589
K1Mg1H2,12.0252;0.7667;0.5879
K1Sb1O2,10.6852;0.6834;0.467
K1Li1O2,9.8988;0.5624;0.3163
K1Li1B2,9.9302;0.6842;0.4681
K1Te1O2,11.4601;0.6014;0.3617
K1Cd1O2,9.7366;0.5436;0.2955
K1Br1O2,9.504;0.5276;0.2784
K1Br1N2,9.9044;0.5443;0.2962
K1I1O2,11.1512;0.6194;0.3836
K1I1N2,10.2711;0.5486;0.301
K1Pu1O2,9.344;0.6884;0.4739
K1Po1O2,13.6111;0.8461;0.716
K1Po1F2,9.6414;0.7645;0.5845
Fe1Mg1B2,10.0121;0.8305;0.6897
As1Rb1O2,9.5194;0.8244;0.6797
As1Mg1B2,10.854;0.8391;0.7041
Ca1O1Li2,9.8176;0.578;0.3341
Ca1F1Li2,9.7687;0.6284;0.3949
Ca1N1Li2,9.7053;0.5891;0.347
Ca1Be1B2,12.9789;0.9428;0.8889
Ca1C1Be2,9.3441;0.7726;0.5969
Ca1C1B2,9.0376;1.0092;1.0185
Ca1C1Li2,9.5007;0.7167;0.5137
Ca1Mg1B2,9.1181;0.9265;0.8583
Ca1Mg1H2,12.1584;0.7279;0.5298
Ca1Li1B2,12.0791;0.7507;0.5636
Ca1H1Li2,9.7261;0.5761;0.3319
La1N1Cl2,9.5489;0.5579;0.3113
Cu1Mg1B2,10.038;0.8672;0.7521
O1Bi1K2,11.2249;0.84;0.7056
O1Bi1Rb2,9.4918;0.9181;0.8428
O1S1Li2,10.3959;0.7368;0.5429
O1Al1Li2,10.9422;0.6203;0.3848
O1N1Nb2,10.2657;0.4956;0.2456
O1N1Mg2,11.6401;0.7504;0.5631
O1N1H2,9.419;0.6023;0.3628
O1Be1Mg2,10.8178;0.7106;0.505
O1Cl1Li2,10.0622;0.6386;0.4078
O1B1Mg2,12.8497;0.7873;0.6199
O1B1Na2,10.2768;0.7637;0.5832
O1C1Mg2,11.7495;0.7576;0.5739
O1C1H2,10.3981;0.5655;0.3198
O1Rb1F2,9.4585;0.6245;0.39
O1Rb1P2,9.749;0.6018;0.3622
O1Mg1N2,9.4863;0.8216;0.6751
O1Mg1Be2,10.1386;0.6326;0.4001
O1Mg1B2,13.8872;1.0044;1.0088
O1Mg1C2,13.3213;0.9439;0.8909
O1Mg1Li2,11.4807;0.8067;0.6508
O1Mg1H2,11.6364;0.9065;0.8218
O1Li1Mg2,12.0431;0.8658;0.7497
O1Si1Li2,11.0823;0.6281;0.3945
O1P1Li2,10.3272;0.7296;0.5323
O1Na1B2,10.1074;0.7597;0.5771
O1Na1Li2,9.4625;0.5993;0.3592
O1H1Mg2,12.2356;0.8684;0.7542
O1H1Na2,9.3562;0.753;0.567
O1Cs1F2,9.9227;0.7924;0.6279
Mo1Ru1Tc2,11.5679;0.3056;0.0934
Mo1Re1Tc2,10.3386;0.3353;0.1124
Mo1W1C2,9.899;0.1799;0.0324
Mo1W1Tc2,9.786;0.342;0.117
Mo1Nb1C2,13.1;0.0;0.0
Mo1Rh1Tc2,10.1692;0.3276;0.1073
Ru1Nb1Tc2,11.1617;0.3044;0.0927
Ru1Mg1B2,9.9114;0.8595;0.7388
Ru1Lu1B2,10.054;0.0;0.0
Os1Mg1B2,9.256;0.7545;0.5692
Sn1Nb1Ta2,10.8;0.0;0.0
Sn1Hf1Nb2,10.7148;0.5776;0.3336
Sn1Zr1Nb2,11.6535;0.5063;0.2563
Sn1Rb1O2,10.472;0.5755;0.3312
Sn1Ta1Nb2,16.4;0.0;0.0
Sn1Cs1O2,10.319;0.6716;0.451
Nd1N1Cl2,9.6949;0.5694;0.3242
Bi1Pb1Ba2,13.3454;0.5539;0.3068
Bi1Rb1O2,11.2341;0.7221;0.5215
Pb1N1Cl2,9.6677;0.5701;0.325
Pb1Po1Ba2,10.8871;0.5575;0.3108
S1F1Li2,10.2388;0.8298;0.6885
S1Al1Li2,9.8361;0.6725;0.4523
S1N1C2,9.7477;0.8577;0.7357
S1N1Mg2,9.4378;0.7545;0.5693
S1N1Li2,10.1476;0.8802;0.7747
S1Be1B2,10.4741;0.7372;0.5435
S1Be1C2,9.1472;0.9901;0.9802
S1Be1H2,10.1793;0.7247;0.5252
S1B1Be2,9.4119;0.7154;0.5118
S1B1C2,9.7527;0.9261;0.8577
S1B1Li2,11.3207;0.9378;0.8795
S1B1H2,9.5464;0.5987;0.3584
S1C1Be2,10.6992;0.9442;0.8914
S1C1B2,9.3363;0.9767;0.954
S1C1Li2,11.1509;1.0534;1.1097
S1C1H2,10.7675;0.6514;0.4243
S1Rb1O2,9.7593;0.7476;0.559
S1Rb1N2,9.4561;0.6368;0.4056
S1Mg1Be2,10.876;0.8144;0.6633
S1Mg1B2,13.0903;0.8237;0.6785
S1Mg1Li2,11.118;0.6716;0.4511
S1Mg1H2,11.589;0.8938;0.7989
S1Li1B2,10.4383;0.8725;0.7613
S1H1C2,11.0193;0.931;0.8667
S1H1Mg2,10.202;0.7974;0.6358
S1Cs1O2,9.7691;0.7305;0.5336
S1Cs1N2,9.5695;0.6291;0.3958
F1Al1Li2,10.9513;0.6175;0.3813
F1N1Mg2,10.2427;0.7749;0.6005
F1N1H2,9.8739;0.5428;0.2947
F1Be1Mg2,9.9553;0.7479;0.5593
F1Be1H2,10.1344;0.5006;0.2506
F1Cl1Li2,10.1268;0.7464;0.5572
F1B1Mg2,12.8971;0.7839;0.6145
F1C1Mg2,11.577;0.695;0.483
F1C1H2,10.4213;0.5512;0.3038
F1Rb1O2,10.6089;0.7009;0.4913
F1Mg1Be2,10.7903;0.6219;0.3868
F1Mg1B2,14.0054;0.8879;0.7884
F1Mg1C2,13.4645;0.9028;0.815
F1Mg1Li2,12.4486;0.8509;0.7241
F1Mg1H2,12.0655;0.7658;0.5865
F1Li1Mg2,10.858;0.7145;0.5104
F1Li1Na2,9.5997;0.7967;0.6348
F1Si1Li2,10.2476;0.6922;0.4792
F1P1Li2,10.3987;0.7594;0.5767
F1Na1Li2,10.2433;0.7354;0.5408
F1H1Mg2,11.878;0.7573;0.5735
F1Cs1O2,10.7188;0.737;0.5431
V1Al1Nb2,11.3139;0.2479;0.0614
V1Mg1B2,9.4609;0.8416;0.7083
Ga1Rb1O2,10.4755;0.6269;0.393
Ga1Mg1B2,10.7696;0.9088;0.826
Ga1Cs1O2,10.5844;0.7219;0.5211
Al1N1C2,10.4329;0.7816;0.6109
Al1N1Li2,9.9892;0.7149;0.5112
Al1N1H2,10.7043;0.546;0.2982
Al1C1H2,10.6474;0.6112;0.3736
Al1Rb1O2,10.3518;0.6944;0.4822
Al1Mg1Be2,10.3708;0.7853;0.6167
Al1Mg1B2,18.7125;0.8266;0.6832
Al1Mg1C2,10.0879;0.7107;0.5051
Al1Mg1H2,12.4069;0.7696;0.5923
Al1Li1B2,10.5086;0.8622;0.7434
Al1P1Li2,9.7731;0.7216;0.5207
Al1Ta1Nb2,9.74;0.3829;0.1466
Al1Na1B2,12.8352;1.0999;1.2097
Al1H1C2,9.8597;0.6659;0.4434
Al1H1Mg2,9.7337;0.7926;0.6283
Al1Cs1O2,9.9735;0.629;0.3956
Sr1N1Cl2,10.1286;0.5745;0.33
Co1Mg1B2,11.322;0.8592;0.7382
Co1Mg1C2,9.8529;0.7084;0.5018
W1Nb1C2,12.5;0.0;0.0
W1Ta1C2,10.4727;0.0967;0.0094
N1Be1Mg2,13.2995;0.8346;0.6965
N1Be1H2,10.9035;0.4869;0.2371
N1Hf1Cl2,11.3596;0.8041;0.6466
N1Cl1Mo2,9.6259;0.6518;0.4249
N1Cl1Ru2,10.1474;0.7054;0.4976
N1Cl1Tm2,10.3462;0.6799;0.4622
N1Cl1V2,10.6023;0.4764;0.227
N1Cl1Re2,10.3926;0.6403;0.41
N1Cl1Nb2,11.565;0.5668;0.3213
N1Cl1Y2,10.1526;0.6075;0.369
N1Cl1Hf2,12.0609;0.6969;0.4857
N1Cl1Tb2,10.0132;0.673;0.4529
N1Cl1Gd2,9.8228;0.6609;0.4368
N1Cl1Zr2,11.8508;0.5627;0.3166
N1Cl1Ho2,10.1042;0.6914;0.478
N1Cl1Ti2,9.9012;0.5247;0.2753
N1Cl1Mg2,12.5144;0.8052;0.6483
N1Cl1Sb2,9.6878;0.66;0.4356
N1Cl1Er2,10.0097;0.7142;0.51
N1Cl1Li2,11.3274;0.6386;0.4079
N1Cl1Ta2,9.4903;0.5935;0.3522
N1Cl1Te2,9.6554;0.5807;0.3372
N1Cl1Yb2,9.7214;0.6536;0.4272
N1Cl1Lu2,9.6702;0.6259;0.3918
N1Cl1Cd2,10.4982;0.6143;0.3774
N1Cl1Dy2,10.0006;0.6879;0.4732
N1Cl1Sc2,11.504;0.5272;0.2779
N1Cl1Cr2,9.7983;0.5687;0.3234
N1Cl1Tc2,12.7832;0.5627;0.3166
N1B1Mg2,13.2129;0.7826;0.6125
N1B1Na2,10.1698;0.7582;0.5749
N1B1H2,10.6204;0.5646;0.3188
N1C1Mg2,11.7596;0.7675;0.589
N1C1H2,12.5646;0.5249;0.2756
N1Eu1Cl2,9.4303;0.5923;0.3509
N1Rb1S2,9.895;0.5429;0.2947
N1Rb1Cl2,11.0174;0.469;0.2199
N1Rb1P2,9.5734;0.5799;0.3363
N1Pr1Cl2,9.6123;0.5782;0.3344
N1Mg1O2,10.0783;0.9465;0.8958
N1Mg1Be2,12.4835;0.7275;0.5293
N1Mg1Cl2,10.0168;0.7193;0.5174
N1Mg1B2,15.5503;0.7756;0.6016
N1Mg1C2,13.0465;0.7799;0.6082
N1Mg1Li2,11.7991;0.864;0.7464
N1Mg1H2,12.5252;0.8157;0.6654
N1Li1Mg2,13.1189;0.7628;0.5819
N1Li1Na2,9.4623;0.6225;0.3876
N1Li1H2,10.0788;0.5393;0.2909
N1Li1I2,9.917;0.6748;0.4554
N1Np1Cl2,10.15;0.6833;0.4669
N1Si1C2,11.1227;0.8181;0.6692
N1Si1Li2,10.3635;0.7575;0.5738
N1Si1H2,11.1254;0.4633;0.2146
N1P1C2,9.4657;0.835;0.6972
N1P1Mg2,9.469;0.6788;0.4608
N1P1Li2,10.7341;0.9299;0.8647
N1Na1B2,9.8945;0.8631;0.745
N1H1C2,11.3058;0.7854;0.6168
N1H1Mg2,11.7744;0.8222;0.676
N1Pa1Cl2,11.2063;0.5772;0.3331
N1Yb1Cl2,9.9356;0.6458;0.417
N1U1Cl2,10.3344;0.6003;0.3603
N1Th1Cl2,11.5036;0.5242;0.2748
N1Br1Mg2,9.8347;0.5906;0.3488
N1Cs1Cl2,10.8855;0.5404;0.2921
Be1Cl1Li2,9.9638;0.6745;0.4549
Be1Cl1H2,9.7984;0.5776;0.3336
Be1B1Mg2,13.1634;0.9447;0.8924
Be1C1Mg2,15.9068;0.9798;0.96
Be1C1H2,10.3952;0.6047;0.3657
Be1Ti1B2,10.0102;1.1353;1.289
Be1Mg1O2,10.0841;0.8087;0.654
Be1Mg1F2,11.1226;0.7959;0.6335
Be1Mg1N2,11.2485;0.7829;0.613
Be1Mg1B2,17.3629;0.894;0.7992
Be1Mg1C2,13.7649;0.8625;0.7439
Be1Mg1H2,12.156;0.6568;0.4314
Be1Si1H2,9.7784;0.5726;0.3279
Be1P1B2,10.0723;0.8678;0.7531
Be1Na1B2,10.6113;0.9142;0.8357
Be1H1Mg2,12.3363;0.8754;0.7664
Be1Sc1B2,9.057;0.9906;0.9814
Nb1Ta1C2,11.1;0.0;0.0
Y1Pd1Ni2,16.3;0.0;0.0
Hf1Cl1N2,9.7482;0.8082;0.6532
Hf1Zr1Nb2,10.1;0.0;0.0
Cl1B1Mg2,9.7018;0.7308;0.534
Cl1B1Li2,11.9143;0.8366;0.6998
Cl1C1Be2,9.376;0.7168;0.5138
Cl1C1Li2,11.0305;0.7315;0.5351
Cl1C1H2,10.0253;0.5806;0.3371
Cl1Rb1O2,9.6317;0.5991;0.3589
Cl1Rb1N2,11.318;0.5784;0.3346
Cl1Pr1N2,9.4204;0.5965;0.3559
Cl1Mg1Be2,10.1414;0.7648;0.5849
Cl1Mg1B2,12.8106;0.7025;0.4935
Cl1Mg1Li2,10.9278;0.6285;0.3951
Cl1Mg1H2,11.8148;0.7522;0.5657
Cl1Li1B2,10.1165;0.8186;0.6701
Cl1Na1B2,9.6029;0.6735;0.4536
Cl1H1Hf2,9.5601;0.7247;0.5251
Cl1H1Mg2,11.0017;0.841;0.7073
Cl1Th1N2,9.9464;0.7228;0.5225
Cl1Cs1O2,9.7276;0.6747;0.4552
Cl1Cs1N2,11.4893;0.5024;0.2524
Ni1C1Nb2,17.3;0.0;0.0
Ni1Mg1B2,11.3011;0.8708;0.7583
Ni1Mg1C2,10.1095;0.6973;0.4863
B1C1Mg2,17.8836;0.8371;0.7007
B1C1Na2,9.5917;0.6777;0.4593
B1C1H2,10.8257;0.5053;0.2554
B1Mg1O2,9.9566;0.9097;0.8275
B1Mg1F2,10.7797;0.9479;0.8985
B1Mg1N2,11.2713;0.6834;0.4671
B1Mg1C2,15.1338;0.8114;0.6585
B1Mg1Li2,9.7442;0.6861;0.4708
B1Mg1H2,12.7812;0.6626;0.439
B1Li1Mg2,10.6616;0.8747;0.7651
B1Si1Li2,9.2556;0.7567;0.5726
B1Si1H2,9.7158;0.4951;0.2451
B1P1Li2,10.7324;0.9202;0.8467
B1H1Mg2,14.6618;0.8771;0.7694
B1H1Na2,9.5462;0.7679;0.5897
C1Mg1O2,11.4595;0.8479;0.7189
C1Mg1F2,9.8807;0.8166;0.6669
C1Mg1N2,12.0239;0.6381;0.4071
C1Mg1Be2,14.3767;0.9036;0.8164
C1Mg1B2,19.2202;0.8829;0.7794
C1Mg1Li2,10.8405;0.8945;0.8001
C1Mg1H2,13.4971;0.6518;0.4248
C1Li1Mg2,12.3241;0.791;0.6257
C1Si1Li2,9.4019;0.8466;0.7168
C1Si1H2,11.6249;0.4794;0.2298
C1P1Be2,9.4673;0.8054;0.6487
C1P1Li2,11.3232;1.1264;1.2688
C1P1H2,9.7345;0.6279;0.3943
C1Na1B2,10.9651;0.9462;0.8953
C1Na1H2,9.8665;0.534;0.2851
C1H1N2,9.8154;0.7365;0.5424
C1H1Mg2,13.0806;0.843;0.7106
C1Sc1Li2,9.5765;0.7894;0.6231
In1Rb1O2,10.7521;0.6603;0.436
In1Cs1O2,9.6844;0.5564;0.3096
Pd1Mg1B2,10.1074;0.7638;0.5834
Mn1Mg1B2,10.2685;0.8569;0.7342
Se1Rb1O2,11.1025;0.7108;0.5053
Se1Rb1N2,10.2607;0.6362;0.4047
Se1Cs1O2,10.8141;0.6893;0.4751
Se1Cs1N2,9.6693;0.6867;0.4715
Ti1Mg1B2,10.4011;0.9327;0.87
Ti1Mg1H2,10.3742;0.8571;0.7346
Ti1Li1B2,9.3854;0.9064;0.8215
Hg1Rb1O2,9.698;0.6615;0.4376
Hg1Mg1B2,9.4624;0.8352;0.6975
Rb1Mg1O2,9.4484;0.6383;0.4074
Rb1Sb1O2,10.8482;0.6199;0.3843
Rb1Zn1O2,10.2452;0.657;0.4316
Rb1P1O2,10.9199;0.7529;0.5668
Rb1P1N2,9.498;0.6017;0.3621
Rb1Te1O2,10.8767;0.6621;0.4384
Rb1Cd1O2,10.6573;0.705;0.497
Rb1Br1O2,10.4285;0.6708;0.45
Rb1Br1N2,10.2911;0.6031;0.3637
Rb1I1O2,10.6165;0.6535;0.427
Rb1I1N2,9.8094;0.6265;0.3924
Mg1Rh1B2,9.9348;0.8232;0.6776
Mg1Au1B2,9.4693;0.7189;0.5168
Mg1Zn1B2,12.3838;0.967;0.935
Mg1Li1O2,12.2623;0.972;0.9448
Mg1Li1F2,12.8582;0.9752;0.951
Mg1Li1N2,13.0933;0.8827;0.7791
Mg1Li1B2,16.7426;1.0262;1.0531
Mg1Li1C2,13.1515;0.8566;0.7337
Mg1Li1H2,11.3243;0.7421;0.5507
Mg1Si1Be2,12.0655;0.8248;0.6804
Mg1Si1B2,18.8583;1.007;1.014
Mg1Si1H2,12.232;0.8665;0.7507
Mg1P1Be2,12.1148;0.9393;0.8822
Mg1P1B2,14.1263;0.8804;0.7751
Mg1P1Li2,10.5655;0.5883;0.346
Mg1P1H2,11.4826;0.8677;0.7529
Mg1Na1O2,10.455;0.7223;0.5217
Mg1Na1F2,10.0515;0.7677;0.5894
Mg1Na1N2,11.4478;0.8067;0.6508
Mg1Na1B2,16.7954;0.7955;0.6329
Mg1Na1C2,11.6001;0.8135;0.6618
Mg1Na1Li2,10.2111;0.5365;0.2878
Mg1Na1H2,11.5152;0.7986;0.6378
Mg1H1O2,10.3034;0.9632;0.9278
Mg1H1F2,9.9873;0.7672;0.5885
Mg1H1Al2,9.4256;0.8183;0.6696
Mg1H1N2,11.3121;0.8952;0.8014
Mg1H1Be2,10.5883;0.804;0.6464
Mg1H1Cl2,9.4658;0.7583;0.575
Mg1H1B2,13.0508;0.788;0.6209
Mg1H1C2,14.0556;0.8704;0.7577
Mg1H1Li2,11.542;0.9632;0.9278
Mg1H1Na2,10.6168;0.7574;0.5736
Mg1Pt1B2,9.3781;0.7192;0.5173
Mg1Ge1B2,11.0084;0.8966;0.8038
Mg1Cd1B2,10.3455;0.9399;0.8833
Mg1Br1B2,9.8851;0.8544;0.73
Mg1Sc1B2,9.9598;0.8447;0.7135
Mg1Sc1H2,10.7274;0.8387;0.7034
Mg1Tc1B2,9.1521;0.8483;0.7197
Sb1Cs1O2,10.2586;0.6013;0.3616
Zn1Cs1O2,10.3618;0.6568;0.4314
Li1Si1B2,11.1181;0.8647;0.7477
Li1P1B2,11.1684;0.8912;0.7943
Li1Na1O2,10.2044;0.7141;0.5099
Li1Na1F2,9.8469;0.7823;0.612
Li1Na1B2,10.2403;0.723;0.5228
Li1Na1C2,9.2484;0.8654;0.749
Li1H1Mg2,13.4777;0.9354;0.8749
Li1H1Na2,9.5304;0.577;0.333
Li1Sc1B2,11.7013;0.8287;0.6868
Li1Cs1O2,9.4631;0.6931;0.4804
Si1P1Li2,10.1702;0.7514;0.5647
Si1Na1B2,13.836;1.0909;1.1901
Si1H1C2,9.8673;0.5417;0.2934
Si1H1Mg2,10.2496;0.8194;0.6714
P1Na1B2,10.7872;0.8346;0.6966
P1H1Mg2,10.5108;0.7876;0.6203
P1Cs1O2,10.8064;0.7531;0.5671
P1Cs1N2,9.4966;0.6155;0.3788
Na1H1Mg2,10.4004;0.7452;0.5554
H1Cs1Cl2,9.6494;0.6407;0.4105
Te1Cs1O2,10.1211;0.5671;0.3216
Br1Cs1O2,10.1331;0.5629;0.3169
Br1Cs1N2,9.6048;0.6216;0.3864
I1Cs1O2,10.2074;0.6132;0.376

423 of 285852 appear to be promising

hp_tune_sug_nc_normal:

{'ccp_alpha': 0.0, 'criterion': 'squared_error', 'max_depth': None, 'max_leaf_nodes': None, 'max_samples': None, 'min_impurity_decrease': 0.0, 'min_samples_leaf': 1, 'min_samples_split': 2, 'min_weight_fraction_leaf': 0.0, 'n_estimators': 200, 'n_jobs': None, 'oob_score': False, 'random_state': None, 'verbose': 0, 'warm_start': False, 'max_features': 'sqrt', 'bootstrap': False}

Ba1K1O2,11.8801;0.9655;0.9322
Ba1K1F2,10.8244;0.9329;0.8703
Ba1As1N2,9.3946;0.7105;0.5048
Ba1O1F2,10.9789;1.069;1.1427
Ba1O1P2,11.9314;1.2877;1.6581
Ba1S1O2,12.43;1.1745;1.3795
Ba1S1F2,12.7116;1.076;1.1577
Ba1S1N2,10.1257;0.9589;0.9194
Ba1F1O2,11.8124;1.2314;1.5164
Ba1F1P2,9.1676;1.1103;1.2327
Ba1N1O2,11.2506;1.2009;1.4421
Ba1N1Cl2,10.0782;0.7527;0.5665
Ba1N1P2,11.3186;0.9701;0.9411
Ba1Cl1O2,11.9892;1.1647;1.3565
Ba1Cl1F2,9.9467;0.9066;0.8219
Ba1Cl1N2,9.7568;0.5376;0.289
Ba1P1O2,13.4263;1.18;1.3925
Ba1P1F2,13.484;1.1615;1.349
Ba1P1N2,9.9439;0.9886;0.9773
Ba1Na1O2,9.9315;0.8736;0.7632
Ba1H1Cl2,9.644;0.8105;0.6569
Ba1Br1N2,9.4353;0.8452;0.7144
Ba1I1N2,9.5358;0.7603;0.578
K1O1B2,9.6433;0.7472;0.5584
K1O1Se2,9.6163;0.6547;0.4286
K1O1P2,10.3193;0.6763;0.4573
K1O1Br2,9.8224;0.6818;0.4648
K1Bi1O2,14.8389;0.7846;0.6156
K1Bi1F2,10.3382;0.832;0.6923
K1Bi1N2,11.4019;0.7476;0.5589
K1Pb1O2,11.7034;0.7769;0.6036
K1Pb1F2,9.6204;0.7721;0.5961
K1N1S2,9.6835;0.6055;0.3666
K1N1Cl2,9.89;0.5599;0.3134
K1N1B2,9.511;0.7293;0.5319
K1N1P2,9.5252;0.6877;0.473
K1N1Br2,10.6509;0.6068;0.3682
K1Be1B2,12.6318;1.0603;1.1242
K1Tl1O2,10.4579;0.7221;0.5214
K1Cl1N2,9.3898;0.6263;0.3923
K1In1O2,9.9185;0.7485;0.5603
K1Hg1O2,9.8918;0.6449;0.4159
K1Mg1H2,9.3783;0.6926;0.4797
K1Li1B2,10.6354;0.8978;0.806
K1Te1O2,9.7339;0.6866;0.4714
K1I1O2,9.7653;0.7352;0.5404
K1I1N2,9.3326;0.6945;0.4823
K1Po1O2,10.8946;0.7477;0.5591
Fe1Mg1B2,10.3491;0.8862;0.7853
As1Mg1B2,10.5702;0.7885;0.6218
Ca1O1B2,9.514;0.8613;0.7419
Ca1O1Li2,9.5281;0.6504;0.423
Ca1Be1B2,14.9185;1.0746;1.1547
Ca1Mg1B2,9.7864;0.8452;0.7143
Ca1Li1O2,9.3766;0.7;0.49
Ca1Li1B2,12.4054;1.0699;1.1446
Ca1Na1Li2,10.6037;0.3211;0.1031
Cu1Mg1B2,10.7956;0.8603;0.74
O1Bi1Ba2,9.2143;0.9029;0.8153
O1Bi1K2,10.536;0.8606;0.7406
O1Bi1Rb2,9.2345;0.8416;0.7083
O1S1Li2,9.5829;0.5979;0.3575
O1Al1Li2,11.4875;0.7165;0.5134
O1N1Mg2,10.6492;0.6807;0.4633
O1Cl1Li2,9.7391;0.7095;0.5034
O1B1Mg2,11.2738;0.7033;0.4947
O1B1Na2,9.7502;0.7861;0.618
O1In1Ba2,9.6542;0.821;0.674
O1Ti1Li2,9.3506;0.7006;0.4908
O1Rb1P2,9.9586;0.798;0.6368
O1Mg1B2,12.1452;0.8937;0.7988
O1Mg1Li2,11.4671;0.7554;0.5706
O1Li1Mg2,9.7891;0.6903;0.4765
O1Si1Li2,11.2946;0.6542;0.428
O1P1Li2,9.6716;0.5836;0.3406
O1Na1B2,9.3677;0.8529;0.7274
O1H1Mg2,9.6604;0.824;0.6789
O1Cd1Ba2,9.0975;0.9408;0.8851
Mo1Ru1Tc2,10.3591;0.2842;0.0808
Ru1Nb1Tc2,9.953;0.329;0.1082
Ru1Lu1B2,10.054;0.0;0.0
Sn1Al1Nb2,9.8737;0.4897;0.2398
Sn1Nb1Ta2,10.8;0.0;0.0
Sn1Hf1N2,9.3832;0.7061;0.4986
Sn1Hf1Nb2,10.8887;0.5132;0.2634
Sn1Zr1Nb2,10.8668;0.547;0.2992
Sn1Mg1B2,9.3023;0.89;0.7921
Sn1Ta1Nb2,16.4;0.0;0.0
Bi1Pb1Ba2,11.9026;0.7421;0.5507
Bi1Rb1O2,10.3058;0.7655;0.586
Pb1Tl1Ba2,9.4899;0.7648;0.5849
Pb1Po1Ba2,10.4934;0.8106;0.6571
S1B1Li2,10.8559;0.8689;0.755
S1Mg1B2,12.9315;0.7395;0.5468
S1Mg1Li2,11.0288;0.7202;0.5187
S1Li1B2,9.6268;0.7154;0.5119
S1P1Li2,10.1634;0.7228;0.5224
S1Na1B2,10.7601;0.8053;0.6484
S1H1Mg2,9.4076;0.8211;0.6742
F1Al1Li2,10.7101;0.618;0.3819
F1B1Mg2,11.7231;0.9004;0.8107
F1Rb1P2,9.2608;0.8283;0.6861
F1Mg1B2,10.7112;0.7109;0.5054
F1Mg1Li2,10.3741;0.6984;0.4878
F1Li1Mg2,9.8216;0.6823;0.4655
F1Si1Li2,9.8713;0.6539;0.4276
F1P1Li2,9.6433;0.7055;0.4978
F1H1Mg2,9.5013;0.7087;0.5022
V1Al1Nb2,10.8837;0.2635;0.0694
V1Mg1B2,9.2074;0.9029;0.8152
V1Li1B2,10.1433;1.0266;1.0538
Ga1Rb1O2,9.4628;0.8071;0.6514
Ga1Mg1B2,11.0527;0.9117;0.8312
Al1N1Li2,9.9825;0.8318;0.6919
Al1Hf1Nb2,9.9312;0.3749;0.1406
Al1Cl1Li2,9.6556;0.6203;0.3848
Al1Mg1Be2,9.4242;0.8753;0.7662
Al1Mg1B2,19.8358;1.0815;1.1696
Al1Li1B2,12.1926;0.8865;0.786
Al1Si1Be2,9.2865;0.7465;0.5573
Al1P1Li2,9.2849;0.7423;0.551
Al1Na1B2,12.6687;0.9692;0.9394
Al1H1Mg2,9.3236;0.9583;0.9183
Al1Ge1Nb2,12.6;0.0;0.0
Sr1P1O2,9.9525;1.0453;1.0926
Co1Mg1B2,11.8825;0.9319;0.8684
N1Be1Mg2,10.0858;0.8911;0.794
N1Hf1S2,9.9926;0.6937;0.4812
N1Hf1Cl2,10.9547;0.6254;0.3911
N1Hf1P2,9.9749;0.8124;0.6601
N1Cl1Mo2,10.2037;0.6255;0.3913
N1Cl1Ru2,10.2944;0.6579;0.4329
N1Cl1Tm2,11.9372;0.5772;0.3332
N1Cl1Sn2,9.637;0.6322;0.3997
N1Cl1Nd2,10.1301;0.6007;0.3608
N1Cl1V2,11.2911;0.5023;0.2523
N1Cl1Re2,11.7331;0.6712;0.4505
N1Cl1Nb2,12.6809;0.587;0.3445
N1Cl1Y2,10.7803;0.7444;0.5541
N1Cl1Hf2,14.3039;0.5724;0.3277
N1Cl1Sm2,9.6045;0.5829;0.3397
N1Cl1Tb2,11.1819;0.508;0.2581
N1Cl1Gd2,10.8029;0.557;0.3102
N1Cl1In2,9.4459;0.5727;0.328
N1Cl1Pd2,10.1793;0.6716;0.4511
N1Cl1Zr2,12.5342;0.5253;0.276
N1Cl1Ho2,11.9083;0.5589;0.3124
N1Cl1Ti2,11.1078;0.5565;0.3097
N1Cl1Mg2,11.2272;0.611;0.3733
N1Cl1Sb2,10.1203;0.6735;0.4536
N1Cl1Er2,11.6406;0.553;0.3058
N1Cl1Li2,9.8612;0.573;0.3284
N1Cl1Ta2,11.0338;0.6405;0.4102
N1Cl1Te2,9.4486;0.5654;0.3196
N1Cl1Yb2,9.9551;0.6249;0.3906
N1Cl1Lu2,11.0225;0.5202;0.2707
N1Cl1Cd2,10.0563;0.5131;0.2632
N1Cl1Dy2,11.2828;0.5039;0.254
N1Cl1Sc2,11.9259;0.5577;0.3111
N1Cl1Tc2,13.3485;0.5746;0.3302
N1B1Mg2,11.5383;0.7761;0.6023
N1Rb1S2,9.4852;0.7891;0.6227
N1Rb1Cl2,9.7863;0.6262;0.3922
N1Rb1P2,9.4711;0.7319;0.5356
N1Mg1B2,10.9251;0.576;0.3318
N1Mg1Li2,10.5972;0.7567;0.5727
N1Li1Al2,9.2779;0.839;0.7039
N1Li1Mg2,10.8176;0.7865;0.6186
N1Li1Te2,10.1217;0.6227;0.3878
N1Li1I2,10.5546;0.6438;0.4145
N1Si1Li2,9.6286;0.6677;0.4458
N1Cs1O2,9.2761;0.8895;0.7911
N1Cs1Cl2,9.9456;0.7445;0.5543
Be1Hf1Cl2,9.4781;0.7674;0.589
Be1B1Mg2,10.1673;0.8011;0.6418
Be1B1Si2,9.7093;0.6328;0.4005
Be1Ti1B2,11.7798;1.1741;1.3785
Be1Mg1B2,16.5469;0.8624;0.7437
Be1Na1B2,12.6468;1.0047;1.0094
Be1Sc1B2,11.1739;1.0571;1.1174
Nb1Zr1N2,9.8766;0.3068;0.0941
Nb1Ti1N2,11.1406;0.3108;0.0966
Hf1Zr1Nb2,10.1;0.0;0.0
Hf1Li1Cl2,11.9321;0.675;0.4556
Cl1B1Mg2,9.507;0.7026;0.4937
Cl1B1Li2,12.2991;0.7776;0.6047
Cl1Rb1N2,9.7802;0.6886;0.4742
Cl1Mg1Be2,9.4787;0.7569;0.5729
Cl1Mg1B2,13.1191;0.7889;0.6224
Cl1Mg1Li2,11.068;0.663;0.4395
Cl1Li1B2,9.6937;0.7111;0.5056
Cl1Si1Li2,10.7689;0.6503;0.4229
Cl1P1Li2,9.955;0.6073;0.3688
Cl1Na1B2,10.9344;0.816;0.6658
Cl1H1Hf2,9.8176;0.7526;0.5664
Cl1H1Mg2,9.8593;0.7039;0.4954
Cl1Cs1O2,9.6114;0.7683;0.5902
Cl1Cs1N2,9.9447;0.6786;0.4604
Ni1Mg1B2,11.7091;0.9166;0.8402
B1Mg1Li2,9.286;0.7989;0.6383
B1Li1Mg2,9.8206;0.709;0.5027
B1Li1Si2,10.9185;0.8626;0.7441
B1P1Li2,10.4087;0.9012;0.8121
B1H1Mg2,11.0125;0.7947;0.6315
In1Rb1O2,10.1281;0.8182;0.6694
Mn1Mg1B2,10.3963;0.811;0.6578
Se1Rb1O2,10.0696;0.8062;0.6499
Se1Rb1N2,9.5484;0.8301;0.689
Se1Cs1O2,9.5503;0.9258;0.8571
Se1Cs1N2,9.156;0.8736;0.7631
Ti1Li1Cl2,9.6284;0.4479;0.2006
Ti1Li1B2,11.2136;1.0908;1.1898
Rb1Zn1O2,10.2585;0.9494;0.9013
Rb1P1O2,9.9458;0.9486;0.8998
Rb1H1Cl2,9.4528;0.6131;0.376
Rb1Te1O2,9.2321;0.8978;0.8061
Rb1Cd1O2,9.8935;0.8331;0.6941
Rb1Br1O2,9.6099;0.8462;0.7161
Rb1Br1N2,9.3938;0.6976;0.4866
Rb1I1O2,9.2984;0.7683;0.5903
Mg1Zn1B2,11.4082;1.0002;1.0003
Mg1Li1O2,10.1483;0.7674;0.5889
Mg1Li1F2,10.273;0.8433;0.7111
Mg1Li1N2,10.057;0.6992;0.4889
Mg1Li1Cl2,9.3509;0.7227;0.5223
Mg1Li1B2,18.3073;1.0982;1.206
Mg1Si1Be2,9.9257;0.7353;0.5406
Mg1Si1B2,21.8209;1.1947;1.4273
Mg1P1B2,13.4881;0.828;0.6856
Mg1P1Li2,10.8318;0.7242;0.5245
Mg1Na1O2,9.8014;0.6768;0.458
Mg1Na1N2,10.7313;0.9148;0.8368
Mg1Na1B2,17.3617;1.1551;1.3343
Mg1Na1Li2,10.3028;0.6995;0.4893
Mg1H1B2,9.3274;0.8031;0.645
Mg1H1Li2,11.7649;0.9276;0.8604
Mg1H1Na2,10.3639;0.835;0.6973
Mg1Ge1B2,11.5387;0.8955;0.8018
Mg1Sc1B2,9.2418;0.8919;0.7955
Zn1Cs1O2,9.5866;0.8194;0.6713
Li1Si1B2,13.8724;0.8543;0.7299
Li1P1B2,10.8425;0.662;0.4382
Li1Na1B2,10.8007;1.044;1.0899
Li1H1Mg2,11.3162;0.8786;0.7719
Li1Sc1B2,12.3428;0.9768;0.9541
Li1Cr1B2,9.6706;1.1052;1.2215
Si1P1Li2,9.5764;0.7177;0.5152
Si1Na1B2,14.8579;1.0959;1.2009
Si1H1Mg2,9.7146;0.888;0.7886
P1Na1B2,12.2595;0.9528;0.9079
P1H1Mg2,10.3587;0.8034;0.6454
P1Cs1O2,10.3666;0.9239;0.8536
Na1H1Mg2,9.4066;0.7863;0.6183
H1Cs1Cl2,9.4998;0.6289;0.3955

254 of 219450 appear to be promising

