hp_tune_blank_nc_normal:

{'ccp_alpha': 0.0, 'criterion': 'squared_error', 'max_depth': None, 'max_leaf_nodes': None, 'max_samples': None, 'min_impurity_decrease': 0.0, 'min_samples_leaf': 1, 'min_samples_split': 2, 'min_weight_fraction_leaf': 0.0, 'n_estimators': 200, 'n_jobs': None, 'oob_score': False, 'random_state': None, 'verbose': 0, 'warm_start': False, 'max_features': 'sqrt', 'bootstrap': False}

Ba1K1O4,13.6729;0.806;0.6496
Ba1K1Tm4,9.1721;0.8309;0.6903
Ba1K1Nd4,10.2502;0.8876;0.7879
Ba1K1Bi4,11.3287;0.631;0.3981
Ba1K1Pb4,12.534;0.6634;0.4401
Ba1K1F4,9.2474;0.8419;0.7089
Ba1K1Sr4,10.1125;0.848;0.7191
Ba1K1Y4,12.0593;1.0383;1.0782
Ba1K1Hf4,9.2968;0.7581;0.5748
Ba1K1Zr4,9.3664;0.7518;0.5652
Ba1K1Eu4,9.2392;0.8306;0.6898
Ba1K1Rb4,10.7286;0.906;0.8208
Ba1K1Np4,9.2515;0.8321;0.6925
Ba1K1H4,9.5625;0.8261;0.6825
Ba1K1Pa4,9.2546;0.8265;0.683
Ba1K1D4,9.8863;0.7562;0.5718
Ba1K1Cs4,10.1911;0.7776;0.6046
Ba1K1Tc4,10.3788;0.7116;0.5064
Ba1K1Pu4,9.6035;0.7665;0.5875
Ba1K1Am4,9.2672;0.827;0.684
Ba1K1Cm4,9.246;0.8288;0.687
Ba1K1Po4,9.207;0.8315;0.6914
Ba1O1K4,9.2618;0.8084;0.6536
Ba1Sn1Nb4,13.7511;0.4089;0.1672
Ba1Nd1K4,9.3679;0.847;0.7174
Ba1Nd1O4,12.6863;1.1278;1.272
Ba1Bi1K4,9.8213;0.6501;0.4226
Ba1Pb1K4,9.884;0.6188;0.3829
Ba1S1C4,14.6059;0.9718;0.9444
Ba1Ga1Nb4,11.6736;0.5441;0.296
Ba1Al1Nb4,13.8105;0.5463;0.2984
Ba1Sr1K4,9.3846;0.8099;0.656
Ba1Sr1O4,10.7239;0.9411;0.8856
Ba1Y1K4,11.6452;0.9497;0.902
Ba1Hf1Nb4,10.5265;0.4654;0.2166
Ba1C1Mg4,9.7515;0.886;0.785
Ba1Rb1K4,9.926;0.8422;0.7092
Ba1Rb1O4,11.486;0.8921;0.7958
Ba1Rb1Bi4,9.8011;0.7933;0.6293
Ba1Mg1B4,15.8932;1.1002;1.2105
Ba1Cs1K4,9.3138;0.7437;0.5531
K1Cu1Ba4,9.2408;0.7987;0.6379
K1O1Ba4,10.3869;0.8208;0.6737
K1Tm1Ba4,9.5663;0.8102;0.6565
K1Os1Ba4,9.3719;0.8062;0.6499
K1Sn1Nb4,11.548;0.5401;0.2917
K1Nd1Ba4,10.539;0.876;0.7673
K1Bi1Ba4,11.3336;0.7473;0.5584
K1Pb1Ba4,10.3676;0.7104;0.5047
K1S1Ba4,9.5012;0.8265;0.6831
K1F1Ba4,9.3039;0.8411;0.7075
K1Ga1Nb4,10.4659;0.523;0.2735
K1Al1Nb4,12.0108;0.4656;0.2168
K1Sr1Ba4,10.412;0.8707;0.7582
K1Be1Ba4,9.5364;0.8227;0.6768
K1Tl1Ba4,9.6004;0.8097;0.6556
K1Y1Ba4,12.7303;0.9698;0.9405
K1Hf1Ba4,9.5591;0.8149;0.664
K1Cl1Ba4,10.3456;0.7443;0.554
K1Sm1Ba4,9.5066;0.8244;0.6796
K1Tb1Ba4,9.4041;0.8339;0.6954
K1B1Ba4,9.3625;0.7879;0.6208
K1Gd1Ba4,9.4527;0.8195;0.6715
K1In1Ba4,9.2236;0.8106;0.6571
K1Zr1Ba4,9.7612;0.7457;0.556
K1Mn1Ba4,9.2193;0.8134;0.6617
K1Ho1Ba4,9.4022;0.826;0.6823
K1Se1Ba4,9.5862;0.807;0.6512
K1Eu1Ba4,9.5895;0.8146;0.6636
K1Rb1Ba4,11.1348;0.8548;0.7307
K1Mg1B4,13.7029;1.299;1.6874
K1Er1Ba4,9.3147;0.815;0.6642
K1Au1Ba4,9.6976;0.8202;0.6727
K1Np1Ba4,9.6139;0.811;0.6577
K1Si1Ba4,9.4257;0.8186;0.6702
K1Na1Ba4,9.2479;0.774;0.5991
K1H1Ba4,9.472;0.798;0.6368
K1Pt1Ba4,9.3955;0.8273;0.6844
K1Pa1Ba4,9.6111;0.8095;0.6552
K1Yb1Ba4,9.5298;0.8157;0.6654
K1T1Ba4,9.4693;0.818;0.6692
K1Th1Ba4,9.5007;0.8232;0.6777
K1Lu1Ba4,9.4211;0.7792;0.6071
K1Ag1Ba4,9.3458;0.8196;0.6718
K1Cd1Ba4,9.5377;0.8098;0.6558
K1Br1Ba4,9.6565;0.8155;0.6651
K1I1Ba4,9.4684;0.7932;0.6292
K1Dy1Ba4,9.4957;0.8177;0.6687
K1Sc1Ba4,9.5284;0.809;0.6545
K1Cr1Ba4,9.3163;0.8222;0.676
K1D1Ba4,9.642;0.8122;0.6597
K1Cs1Ba4,10.5582;0.7357;0.5413
K1Tc1Ba4,9.6533;0.8161;0.6661
K1Pu1Ba4,9.9028;0.7542;0.5688
K1Am1Ba4,9.6111;0.8095;0.6552
K1Cm1Ba4,9.6111;0.8095;0.6552
K1Po1Ba4,9.6111;0.8095;0.6552
Fe1Cu1B4,10.014;1.2037;1.4489
Fe1Mo1Tc4,10.1097;0.3777;0.1426
Fe1Sn1Nb4,14.7843;0.3556;0.1265
Fe1S1C4,12.5914;1.2002;1.4405
Fe1Ga1Nb4,12.1429;0.4212;0.1774
Fe1Al1Nb4,13.2017;0.4141;0.1715
Fe1Hf1Nb4,10.6688;0.4039;0.1631
Fe1C1Mg4,9.8443;0.8938;0.7989
Fe1Mg1B4,19.314;1.0629;1.1297
As1Cu1B4,9.0811;1.0259;1.0524
As1Mo1Tc4,10.447;0.3171;0.1005
As1Sn1Nb4,15.1866;0.3385;0.1146
As1S1C4,15.0071;1.0854;1.1781
As1Ga1Nb4,12.8147;0.418;0.1747
As1Al1Nb4,14.4507;0.4056;0.1645
As1Nb1N4,9.6905;0.3975;0.158
As1Nb1Tc4,9.7671;0.3118;0.0972
As1C1Mg4,10.3014;0.9238;0.8535
As1In1V4,9.6413;0.4465;0.1994
As1Mg1B4,18.0239;1.2065;1.4557
Ca1Cu1B4,9.5545;1.1037;1.2181
Ca1Mo1Tc4,12.0515;0.1394;0.0194
Ca1Os1Mo4,9.9643;0.1884;0.0355
Ca1Sn1Nb4,15.9682;0.1944;0.0378
Ca1S1C4,20.2836;0.8958;0.8025
Ca1Ga1Nb4,13.6527;0.4288;0.1839
Ca1Al1Nb4,14.5253;0.428;0.1832
Ca1Nb1N4,9.9216;0.387;0.1498
Ca1Nb1Tc4,10.7171;0.2904;0.0843
Ca1Hf1Nb4,12.1991;0.3499;0.1224
Ca1C1S4,9.4319;0.775;0.6007
Ca1C1Pd4,10.306;0.577;0.333
Ca1C1Mg4,11.351;0.8478;0.7188
Ca1In1V4,10.7773;0.3707;0.1374
Ca1Mg1B4,18.9036;1.2531;1.5703
La1Mo1Tc4,11.0993;0.2261;0.0511
La1Sn1Nb4,14.5342;0.4151;0.1723
La1S1C4,15.3906;1.0614;1.1265
La1Ga1Nb4,12.1508;0.4986;0.2486
La1Al1Nb4,12.9875;0.4656;0.2168
La1Nb1Tc4,10.3199;0.3084;0.0951
La1Hf1Nb4,11.6728;0.3515;0.1235
La1C1Mg4,9.898;0.893;0.7974
La1In1V4,10.8076;0.3608;0.1302
La1Mg1B4,16.4809;1.3422;1.8015
La1Si1V4,10.7245;0.3563;0.1269
Cu1O1B4,9.5007;1.0963;1.2018
Cu1Mo1B4,9.6531;0.846;0.7157
Cu1Mo1Tc4,11.4722;0.2076;0.0431
Cu1Tm1B4,9.0931;1.04;1.0815
Cu1Os1B4,9.0315;0.9977;0.9954
Cu1Sn1Nb4,15.2899;0.3132;0.0981
Cu1Sn1B4,9.6264;1.1231;1.2613
Cu1Nd1B4,9.5308;1.1065;1.2243
Cu1Bi1B4,9.4864;1.1552;1.3345
Cu1Pb1B4,11.1209;1.1421;1.3044
Cu1S1B4,9.6833;1.0999;1.2097
Cu1S1C4,15.3489;1.2584;1.5835
Cu1F1B4,9.6985;1.0151;1.0303
Cu1V1B4,9.5041;0.8982;0.8068
Cu1Ga1Nb4,13.4567;0.4416;0.195
Cu1Al1Nb4,14.3367;0.4091;0.1674
Cu1Sr1B4,9.5701;1.0829;1.1727
Cu1Co1B4,9.9468;1.024;1.0487
Cu1Re1B4,10.0292;1.0801;1.1666
Cu1W1B4,9.0128;1.0046;1.0093
Cu1Be1B4,9.5989;1.0725;1.1503
Cu1Nb1N4,10.1742;0.417;0.1739
Cu1Nb1B4,9.6484;0.784;0.6146
Cu1Nb1Tc4,10.7946;0.2783;0.0775
Cu1Tl1B4,9.686;1.0824;1.1716
Cu1Hf1Nb4,12.0733;0.3725;0.1388
Cu1Hf1B4,9.5979;1.0812;1.169
Cu1Cl1B4,10.2671;1.1036;1.218
Cu1Ni1B4,9.2324;1.0644;1.1329
Cu1Tb1B4,8.9118;1.1102;1.2325
Cu1C1Pd4,10.1915;0.5832;0.3401
Cu1C1Mg4,10.9745;0.9023;0.8141
Cu1In1V4,9.9794;0.3654;0.1335
Cu1In1B4,9.461;1.0811;1.1689
Cu1Pd1B4,10.1634;1.0822;1.1711
Cu1Pd1H4,10.0587;0.606;0.3672
Cu1Zr1B4,10.8497;0.904;0.8173
Cu1Mn1B4,9.9185;1.1356;1.2896
Cu1Se1B4,9.584;1.0979;1.2054
Cu1Ti1B4,11.1825;1.0525;1.1078
Cu1Hg1B4,9.5788;1.0908;1.1898
Cu1Eu1B4,9.1709;1.0493;1.101
Cu1Rb1B4,9.524;1.0992;1.2083
Cu1Pr1B4,8.9627;1.1013;1.2128
Cu1Mg1B4,27.3764;1.0818;1.1702
Cu1Mg1Ti4,9.305;0.8469;0.7172
Cu1Sb1B4,9.0904;1.0661;1.1365
Cu1Er1B4,9.3679;1.1361;1.2907
Cu1Rh1B4,9.0886;1.0548;1.1127
Cu1Zn1B4,9.8263;1.0434;1.0886
Cu1Np1B4,9.5838;1.0905;1.1893
Cu1Si1B4,9.8122;1.1175;1.2487
Cu1P1B4,9.7145;1.1145;1.2421
Cu1Ta1B4,9.0962;1.1221;1.2592
Cu1Na1B4,10.633;1.1158;1.2449
Cu1H1B4,10.3858;1.0617;1.1271
Cu1Pt1B4,9.5532;1.0831;1.1731
Cu1Ge1B4,9.296;1.1335;1.2847
Cu1Pa1B4,9.5775;1.0911;1.1906
Cu1Yb1B4,9.3078;1.1268;1.2697
Cu1T1B4,9.5771;1.0914;1.1912
Cu1Th1B4,9.3231;1.0785;1.1632
Cu1Lu1B4,10.2906;1.0259;1.0526
Cu1Ag1B4,9.9203;1.086;1.1794
Cu1Cd1B4,9.549;1.0816;1.1698
Cu1Br1B4,9.7811;1.0407;1.083
Cu1I1B4,9.5649;1.0947;1.1985
Cu1Cr1B4,9.3134;1.1153;1.2439
Cu1D1B4,9.6337;1.0938;1.1965
Cu1Cs1B4,9.4759;1.1033;1.2173
Cu1Tc1B4,9.6789;1.0985;1.2067
Cu1Pu1B4,10.1826;1.1128;1.2384
Cu1Am1B4,9.5775;1.0911;1.1906
Cu1Cm1B4,9.5775;1.0911;1.1906
Cu1Po1B4,9.5775;1.0911;1.1906
O1Mo1Tc4,11.4843;0.2537;0.0644
O1Sn1Nb4,15.4366;0.2545;0.0648
O1S1C4,16.5556;1.097;1.2035
O1Ga1Nb4,13.6917;0.4427;0.196
O1Al1Nb4,13.8398;0.3829;0.1466
O1Nb1N4,10.3855;0.2643;0.0699
O1Nb1Tc4,10.8344;0.2527;0.0639
O1Hf1Nb4,11.943;0.3406;0.116
O1C1Pd4,9.6829;0.6086;0.3704
O1C1Mg4,10.5962;0.8988;0.8078
O1In1V4,10.6301;0.3774;0.1424
O1Mg1B4,18.7207;1.2301;1.5133
O1Rh1Zr4,10.3034;0.2204;0.0486
Mo1Ru1Tc4,10.118;0.3075;0.0945
Mo1Tm1Tc4,12.0821;0.1354;0.0183
Mo1Os1Tc4,10.6443;0.2826;0.0799
Mo1Sn1Nb4,13.4493;0.3857;0.1488
Mo1Sn1Tc4,9.8996;0.2821;0.0796
Mo1Nd1Tc4,11.8645;0.1691;0.0286
Mo1Bi1Tc4,10.552;0.2716;0.0738
Mo1Pb1Tc4,10.2459;0.2926;0.0856
Mo1S1C4,15.3134;0.8252;0.6809
Mo1S1Tc4,11.7628;0.1833;0.0336
Mo1F1Tc4,11.8919;0.1558;0.0243
Mo1V1Tc4,11.5961;0.1882;0.0354
Mo1Ga1Nb4,11.7551;0.3825;0.1463
Mo1Al1Nb4,11.6089;0.4244;0.1801
Mo1Sr1Tc4,11.9825;0.1699;0.0289
Mo1Re1Tc4,10.9981;0.2549;0.065
Mo1W1Tc4,11.8571;0.1504;0.0226
Mo1Be1Tc4,11.5107;0.2133;0.0455
Mo1Nb1N4,9.8776;0.3941;0.1553
Mo1Nb1C4,11.027;0.227;0.0515
Mo1Nb1Tc4,11.7012;0.1806;0.0326
Mo1Tl1Tc4,12.0238;0.1472;0.0217
Mo1Y1Tc4,10.4826;0.3005;0.0903
Mo1Hf1Tc4,11.4351;0.1921;0.0369
Mo1Cl1Tc4,11.9653;0.2491;0.0621
Mo1Sm1Tc4,12.0993;0.1385;0.0192
Mo1Ni1Tc4,10.5621;0.273;0.0745
Mo1Tb1Tc4,11.761;0.1833;0.0336
Mo1B1Tc4,10.9104;0.2478;0.0614
Mo1C1Mg4,10.5634;0.8116;0.6587
Mo1Gd1Tc4,11.9572;0.1581;0.025
Mo1In1Tc4,11.2622;0.2427;0.0589
Mo1Pd1Tc4,10.653;0.2664;0.071
Mo1Zr1Tc4,11.2097;0.1895;0.0359
Mo1Mn1Tc4,11.4815;0.2116;0.0448
Mo1Ho1Tc4,11.9636;0.1684;0.0283
Mo1Se1Tc4,11.8549;0.1704;0.029
Mo1Ti1Tc4,11.1738;0.1818;0.033
Mo1Hg1Tc4,12.1022;0.1343;0.018
Mo1Eu1Tc4,11.9144;0.1537;0.0236
Mo1Rb1Tc4,10.9959;0.2708;0.0733
Mo1Pr1Tc4,11.7268;0.2134;0.0455
Mo1Mg1B4,15.0631;1.0819;1.1705
Mo1Mg1Tc4,9.8856;0.3876;0.1503
Mo1Sb1Tc4,11.2369;0.2055;0.0422
Mo1Er1Tc4,11.7141;0.2004;0.0401
Mo1Rh1Tc4,10.6682;0.2476;0.0613
Mo1Au1Tc4,11.9756;0.1536;0.0236
Mo1Zn1Tc4,11.3199;0.2241;0.0502
Mo1Np1Tc4,12.114;0.1383;0.0191
Mo1Si1Tc4,11.2774;0.2273;0.0517
Mo1P1Tc4,11.7194;0.1721;0.0296
Mo1Ta1Tc4,11.8584;0.1738;0.0302
Mo1Na1Tc4,11.5851;0.1839;0.0338
Mo1H1Tc4,11.8897;0.1687;0.0285
Mo1Pt1Tc4,11.7027;0.1816;0.033
Mo1Ge1Tc4,10.7683;0.2778;0.0772
Mo1Pa1Tc4,12.114;0.1383;0.0191
Mo1Ir1Tc4,9.7447;0.3276;0.1073
Mo1Yb1Tc4,11.9098;0.1586;0.0251
Mo1T1Tc4,12.114;0.1383;0.0191
Mo1Th1Tc4,11.8967;0.1642;0.027
Mo1Lu1Tc4,11.8962;0.1753;0.0307
Mo1Ag1Tc4,11.9191;0.166;0.0276
Mo1Cd1Tc4,11.5311;0.1956;0.0383
Mo1Br1Tc4,11.6157;0.2186;0.0478
Mo1I1Tc4,11.9445;0.1501;0.0225
Mo1Dy1Tc4,12.0315;0.1755;0.0308
Mo1Sc1Tc4,12.0747;0.1474;0.0217
Mo1Cr1Tc4,10.5598;0.2964;0.0879
Mo1D1Tc4,12.1013;0.1403;0.0197
Mo1Cs1Tc4,11.6095;0.1764;0.0311
Mo1Pu1Tc4,11.8627;0.1799;0.0324
Mo1Am1Tc4,12.114;0.1383;0.0191
Mo1Cm1Tc4,12.114;0.1383;0.0191
Mo1Po1Tc4,12.114;0.1383;0.0191
Ru1Sn1Nb4,11.5402;0.5743;0.3299
Ru1S1C4,14.0699;1.1026;1.2156
Ru1Ga1Nb4,10.2242;0.4477;0.2004
Ru1Al1Nb4,12.0944;0.5434;0.2952
Ru1C1Mg4,9.4835;0.9008;0.8114
Ru1Mg1B4,15.6647;1.0947;1.1983
Tm1Os1Mo4,9.9285;0.1904;0.0363
Tm1Sn1Nb4,15.8438;0.2409;0.058
Tm1S1C4,16.3535;1.0397;1.081
Tm1Ga1Nb4,13.6744;0.4357;0.1898
Tm1Al1Nb4,15.2415;0.3569;0.1274
Tm1Nb1N4,10.3731;0.3906;0.1526
Tm1Nb1Tc4,11.1034;0.2516;0.0633
Tm1Hf1Nb4,12.3029;0.3323;0.1104
Tm1C1Pd4,9.8269;0.6052;0.3662
Tm1C1Mg4,10.6933;0.9328;0.87
Tm1In1V4,10.7808;0.3589;0.1288
Tm1Mg1B4,17.9865;1.2606;1.5891
Os1Sn1Nb4,10.9902;0.4935;0.2435
Os1S1C4,15.576;1.1736;1.3773
Os1F1Mo4,9.942;0.1838;0.0338
Os1V1Mo4,9.871;0.1827;0.0334
Os1Ga1Nb4,10.2945;0.5251;0.2757
Os1Al1Nb4,12.3107;0.528;0.2788
Os1Sr1Mo4,9.8486;0.222;0.0493
Os1W1Mo4,9.9249;0.2029;0.0412
Os1Sm1Mo4,9.9125;0.1974;0.039
Os1C1Mg4,10.2199;0.9024;0.8143
Os1Ho1Mo4,9.8252;0.1891;0.0357
Os1Hg1Mo4,9.9458;0.1978;0.0391
Os1Mg1B4,17.4109;1.2533;1.5707
Os1Au1Mo4,9.8938;0.1747;0.0305
Os1Np1Mo4,10.0019;0.1864;0.0348
Os1H1Mo4,9.8795;0.1929;0.0372
Os1Pa1Mo4,10.0006;0.1872;0.035
Os1T1Mo4,10.0006;0.1872;0.035
Os1I1Mo4,9.8142;0.2021;0.0409
Os1Dy1Mo4,9.8197;0.1906;0.0363
Os1Sc1Mo4,9.8879;0.2047;0.0419
Os1D1Mo4,9.9874;0.1857;0.0345
Os1Tc1Mo4,9.99;0.1858;0.0345
Os1Pu1Mo4,9.8512;0.2258;0.051
Os1Am1Mo4,10.0006;0.1872;0.035
Os1Cm1Mo4,10.0006;0.1872;0.035
Os1Po1Mo4,10.0006;0.1872;0.035
Sn1Nd1Nb4,15.9667;0.1834;0.0336
Sn1Bi1Nb4,15.1817;0.4004;0.1603
Sn1Pb1Nb4,15.0158;0.4148;0.1721
Sn1S1Nb4,14.9121;0.3104;0.0963
Sn1S1C4,16.1074;1.1625;1.3514
Sn1F1Nb4,16.0032;0.1859;0.0346
Sn1V1Nb4,14.0434;0.2329;0.0542
Sn1Ga1Nb4,16.5437;0.129;0.0166
Sn1Al1Nb4,15.076;0.2194;0.0481
Sn1Sr1Nb4,15.9201;0.2111;0.0446
Sn1Co1Nb4,13.6246;0.3719;0.1383
Sn1Re1Nb4,15.7275;0.2092;0.0438
Sn1W1Nb4,15.577;0.2114;0.0447
Sn1N1Nb4,12.4431;0.3735;0.1395
Sn1Be1Nb4,15.7875;0.206;0.0425
Sn1Nb1N4,9.6361;0.377;0.1421
Sn1Tl1Nb4,17.0583;0.2044;0.0418
Sn1Y1Nb4,14.9179;0.2437;0.0594
Sn1Hf1Nb4,15.9418;0.1893;0.0358
Sn1Cl1Nb4,15.6646;0.2277;0.0518
Sn1Sm1Nb4,16.0041;0.1848;0.0342
Sn1Ni1Nb4,14.8105;0.275;0.0756
Sn1Tb1Nb4,15.7298;0.2374;0.0564
Sn1Ce1Nb4,11.8793;0.5157;0.266
Sn1B1Nb4,14.9594;0.3069;0.0942
Sn1C1Pd4,9.5148;0.6163;0.3798
Sn1C1Mg4,9.7625;0.8386;0.7032
Sn1Gd1Nb4,15.8533;0.2163;0.0468
Sn1In1Nb4,15.4333;0.2845;0.081
Sn1Pd1Nb4,9.7126;0.5901;0.3482
Sn1Zr1Nb4,17.1234;0.1142;0.0131
Sn1Mn1Nb4,15.6585;0.2477;0.0614
Sn1Ho1Nb4,15.8138;0.2098;0.044
Sn1Se1Nb4,15.7344;0.1993;0.0397
Sn1Ti1Nb4,14.6763;0.2768;0.0766
Sn1Hg1Nb4,15.9974;0.1797;0.0323
Sn1Eu1Nb4,15.9552;0.186;0.0346
Sn1Rb1Nb4,15.8855;0.2037;0.0415
Sn1Pr1Nb4,15.7383;0.2142;0.0459
Sn1Mg1Nb4,14.5773;0.3699;0.1369
Sn1Mg1B4,17.9317;1.1331;1.2839
Sn1Sb1Nb4,13.2915;0.3339;0.1115
Sn1Er1Nb4,15.5418;0.2737;0.0749
Sn1Rh1Nb4,10.5914;0.4415;0.195
Sn1Au1Nb4,15.1347;0.2617;0.0685
Sn1Zn1Nb4,15.6236;0.2245;0.0504
Sn1Li1Nb4,13.526;0.4535;0.2057
Sn1Np1Nb4,16.0064;0.1841;0.0339
Sn1Si1Nb4,11.6057;0.3247;0.1055
Sn1P1Nb4,15.9932;0.1853;0.0343
Sn1Ta1Nb4,16.5296;0.1914;0.0366
Sn1Na1Nb4,15.9221;0.1822;0.0332
Sn1H1Nb4,14.2817;0.3778;0.1428
Sn1Pt1Nb4,15.3043;0.2591;0.0671
Sn1Ge1Nb4,12.2822;0.5109;0.261
Sn1Pa1Nb4,16.0064;0.1841;0.0339
Sn1Te1Nb4,10.2293;0.5232;0.2737
Sn1Ir1Nb4,11.4284;0.4542;0.2063
Sn1Yb1Nb4,15.9774;0.191;0.0365
Sn1T1Nb4,16.0064;0.1841;0.0339
Sn1U1Nb4,12.3858;0.4772;0.2277
Sn1Th1Nb4,15.6705;0.2172;0.0472
Sn1Lu1Nb4,15.8451;0.1997;0.0399
Sn1Ag1Nb4,15.8752;0.1983;0.0393
Sn1Cd1Nb4,15.949;0.1815;0.033
Sn1Br1Nb4,15.8582;0.2368;0.0561
Sn1I1Nb4,15.9908;0.19;0.0361
Sn1Dy1Nb4,15.8501;0.2061;0.0425
Sn1Sc1Nb4,15.9517;0.2073;0.043
Sn1Cr1Nb4,13.9411;0.3473;0.1206
Sn1D1Nb4,15.9584;0.1966;0.0386
Sn1Cs1Nb4,15.9205;0.1825;0.0333
Sn1Tc1Nb4,15.9216;0.1915;0.0367
Sn1Pu1Nb4,15.9991;0.1805;0.0326
Sn1Am1Nb4,16.0064;0.1841;0.0339
Sn1Cm1Nb4,16.0064;0.1841;0.0339
Sn1Po1Nb4,16.0064;0.1841;0.0339
Nd1S1C4,14.95;1.1484;1.3189
Nd1Ga1Nb4,13.6547;0.4397;0.1934
Nd1Al1Nb4,15.2261;0.3463;0.12
Nd1Sr1Ba4,9.2861;0.9147;0.8366
Nd1Nb1N4,10.318;0.3901;0.1522
Nd1Nb1Tc4,11.0095;0.257;0.0661
Nd1Hf1Nb4,12.2441;0.333;0.1109
Nd1C1Mg4,10.2179;0.8479;0.7189
Nd1In1V4,10.6682;0.3508;0.123
Nd1Mg1B4,18.8728;1.2572;1.5806
Bi1S1C4,15.359;1.1386;1.2965
Bi1Ga1Nb4,13.2907;0.427;0.1823
Bi1Al1Nb4,14.27;0.4539;0.206
Bi1Nb1N4,9.611;0.4364;0.1905
Bi1Nb1Tc4,9.7392;0.318;0.1011
Bi1C1Pd4,9.4084;0.6195;0.3838
Bi1C1Mg4,10.3067;0.8452;0.7143
Bi1Rb1Ba4,9.1285;0.9247;0.855
Bi1Rb1O4,10.0565;0.4431;0.1964
Bi1Mg1B4,18.1233;1.1937;1.425
Pb1S1C4,15.7276;1.1122;1.2371
Pb1Ga1Nb4,12.6993;0.5325;0.2835
Pb1Al1Nb4,14.5789;0.4114;0.1692
Pb1Nb1N4,9.6699;0.4029;0.1624
Pb1Nb1Tc4,9.722;0.3133;0.0982
Pb1C1Mg4,10.4098;0.9219;0.8499
Pb1Mg1B4,20.3897;1.3339;1.7792
S1F1C4,16.451;1.0227;1.0459
S1V1C4,15.8735;1.0785;1.1631
S1Ga1Nb4,13.0362;0.4108;0.1688
S1Ga1C4,12.4231;0.951;0.9043
S1Al1Nb4,14.6341;0.3658;0.1338
S1Al1C4,9.5784;1.0089;1.0179
S1Sr1C4,17.0077;1.0918;1.1921
S1Co1C4,14.5106;1.2389;1.5349
S1Re1C4,16.9204;1.0836;1.1743
S1W1C4,17.7568;1.0192;1.0387
S1N1C4,11.7762;0.7833;0.6136
S1Be1C4,16.8768;1.0885;1.1849
S1Nb1N4,10.2919;0.3983;0.1586
S1Nb1C4,14.7119;0.8046;0.6473
S1Nb1Tc4,10.9036;0.2445;0.0598
S1Tl1C4,17.1069;1.1024;1.2153
S1Y1C4,10.3967;0.7935;0.6296
S1Hf1Nb4,11.0619;0.3224;0.104
S1Hf1C4,16.7262;1.0306;1.0621
S1Cl1C4,16.2897;1.059;1.1216
S1Sm1C4,17.1075;1.0808;1.1682
S1Ni1C4,16.2492;1.0997;1.2094
S1Tb1C4,10.9948;1.0458;1.0938
S1B1C4,14.533;1.0507;1.104
S1C1Ca4,11.0367;0.7651;0.5854
S1C1Tm4,9.5748;0.9249;0.8555
S1C1Os4,9.391;0.7782;0.6055
S1C1Sn4,9.6304;0.8866;0.7861
S1C1Bi4,9.127;0.9171;0.8411
S1C1F4,10.0033;0.8482;0.7194
S1C1Sr4,10.102;0.8561;0.733
S1C1Re4,9.9915;0.8423;0.7095
S1C1W4,10.0563;0.8294;0.6879
S1C1N4,10.5478;0.5527;0.3054
S1C1Be4,9.7385;0.8274;0.6846
S1C1Tl4,9.8428;0.8476;0.7184
S1C1Sm4,9.693;0.8251;0.6808
S1C1Pd4,12.5307;0.8259;0.6821
S1C1Ho4,9.6815;0.8725;0.7613
S1C1Se4,9.9433;0.8264;0.6829
S1C1Hg4,9.8724;0.7718;0.5956
S1C1Eu4,9.9601;0.8331;0.6941
S1C1Mg4,13.1733;0.9225;0.851
S1C1Sb4,9.2895;0.7411;0.5493
S1C1Er4,9.7782;0.8423;0.7095
S1C1Au4,9.3838;0.8314;0.6913
S1C1Zn4,9.5742;0.8246;0.68
S1C1Np4,9.9493;0.8406;0.7065
S1C1Si4,11.7622;0.7793;0.6074
S1C1P4,10.0786;0.8212;0.6744
S1C1H4,10.1882;0.785;0.6162
S1C1Ge4,9.8236;0.8426;0.7101
S1C1Pa4,9.952;0.832;0.6922
S1C1Yb4,9.7254;0.8368;0.7002
S1C1T4,9.9456;0.8376;0.7016
S1C1Th4,9.6817;0.7626;0.5816
S1C1Lu4,9.3125;0.7567;0.5726
S1C1Cd4,9.6534;0.8612;0.7417
S1C1Br4,10.4679;0.75;0.5625
S1C1I4,10.0351;0.8176;0.6685
S1C1Sc4,9.5423;0.7718;0.5957
S1C1D4,10.6032;0.8265;0.6832
S1C1Tc4,11.0469;0.8548;0.7307
S1C1Pu4,10.3462;0.8143;0.6631
S1C1Am4,9.9739;0.8324;0.6929
S1C1Cm4,9.9395;0.8356;0.6983
S1C1Po4,9.8953;0.8358;0.6985
S1Gd1C4,13.1773;1.0994;1.2087
S1In1V4,10.7592;0.3621;0.1311
S1In1C4,15.6044;1.1089;1.2297
S1Pd1C4,15.992;1.1298;1.2765
S1Zr1C4,12.3691;1.1702;1.3693
S1Mn1C4,15.2787;1.0301;1.061
S1Ho1C4,16.7583;1.0932;1.195
S1Se1C4,17.098;1.0838;1.1745
S1Ti1C4,17.0395;1.1043;1.2194
S1Hg1C4,16.2619;1.0855;1.1784
S1Eu1C4,17.0915;1.1147;1.2425
S1Rb1C4,10.1778;1.018;1.0362
S1Pr1C4,15.2188;1.115;1.2433
S1Mg1B4,18.9314;1.2381;1.5328
S1Mg1C4,16.0566;1.1167;1.247
S1Sb1C4,16.146;1.0977;1.2048
S1Er1C4,16.8793;1.1172;1.2481
S1Rh1C4,13.0325;1.0414;1.0845
S1Au1C4,17.2267;1.1026;1.2158
S1Zn1C4,16.5142;1.0822;1.1711
S1Li1C4,12.835;1.0344;1.0699
S1Np1C4,17.1283;1.0906;1.1894
S1Si1C4,16.8126;1.1011;1.2125
S1P1C4,17.1151;1.0967;1.2027
S1Ta1C4,17.7891;0.9649;0.9311
S1Na1C4,15.9992;1.1987;1.4368
S1H1C4,18.3593;0.9277;0.8605
S1Pt1C4,15.7137;1.2011;1.4427
S1Ge1C4,16.8265;1.0483;1.0989
S1Pa1C4,17.1273;1.0922;1.1929
S1Te1C4,14.2484;1.0452;1.0925
S1Ir1C4,13.3448;1.1301;1.2771
S1Yb1C4,17.8621;1.0014;1.0029
S1T1C4,17.1193;1.083;1.1728
S1Th1C4,15.9109;1.0774;1.1609
S1Lu1C4,16.0847;0.9047;0.8185
S1Ag1C4,17.1058;1.0966;1.2025
S1Cd1C4,17.0028;1.0771;1.1602
S1Br1C4,16.7832;1.0804;1.1672
S1I1C4,16.6129;1.1572;1.3392
S1Dy1C4,14.3383;1.1149;1.2431
S1Sc1C4,16.7694;1.0171;1.0344
S1Cr1C4,14.1885;1.1303;1.2777
S1D1C4,17.1295;1.0914;1.1912
S1Tc1C4,17.1301;1.0933;1.1954
S1Pu1C4,16.9926;1.1284;1.2734
S1Am1C4,17.1273;1.0922;1.1929
S1Cm1C4,17.1273;1.0922;1.1929
S1Po1C4,17.1273;1.0922;1.1929
F1Ga1Nb4,13.6706;0.4429;0.1961
F1Al1Nb4,15.2446;0.3435;0.118
F1Nb1N4,10.3097;0.3807;0.1449
F1Nb1Tc4,10.9983;0.2552;0.0651
F1Hf1Nb4,12.252;0.3462;0.1199
F1C1Pd4,9.7493;0.6144;0.3775
F1C1Mg4,10.7121;0.8869;0.7866
F1In1V4,10.6617;0.3794;0.1439
F1Mg1B4,16.8388;1.058;1.1193
V1Ga1Nb4,13.1547;0.3821;0.146
V1Al1Nb4,14.6903;0.2877;0.0828
V1Nb1Tc4,10.6524;0.226;0.0511
V1Hf1Nb4,10.7168;0.3824;0.1462
V1C1Pd4,9.6247;0.6382;0.4073
V1C1Mg4,10.6974;0.9707;0.9422
V1Mg1B4,17.2394;1.2862;1.6542
V1Mg1Ti4,9.297;0.8269;0.6837
Ga1Al1V4,10.0393;0.2138;0.0457
Ga1Al1Nb4,17.5833;0.2614;0.0684
Ga1Sr1Nb4,12.946;0.487;0.2372
Ga1Co1Nb4,11.1071;0.3217;0.1035
Ga1Co1Pu4,10.1892;0.3838;0.1473
Ga1Re1Nb4,13.4744;0.4749;0.2255
Ga1W1Nb4,13.3223;0.4631;0.2145
Ga1N1Nb4,11.4237;0.412;0.1698
Ga1Be1Nb4,13.6139;0.4394;0.1931
Ga1Tl1Nb4,14.1763;0.4352;0.1894
Ga1Y1Nb4,12.5703;0.5386;0.2901
Ga1Hf1Nb4,14.1895;0.3965;0.1572
Ga1Cl1Nb4,13.5233;0.4749;0.2255
Ga1Sm1Nb4,13.5522;0.4224;0.1784
Ga1Ni1Nb4,11.4077;0.4407;0.1942
Ga1Tb1Nb4,13.5381;0.4083;0.1667
Ga1Ce1Nb4,10.945;0.5495;0.302
Ga1B1Nb4,13.0558;0.427;0.1824
Ga1Gd1Nb4,13.5241;0.4594;0.211
Ga1In1V4,9.8638;0.2997;0.0898
Ga1In1Nb4,13.1349;0.4521;0.2044
Ga1Zr1Nb4,12.7678;0.5243;0.2749
Ga1Mn1Nb4,9.9309;0.4922;0.2423
Ga1Ho1Nb4,13.6657;0.432;0.1866
Ga1Se1Nb4,13.5008;0.4326;0.1871
Ga1Ti1Nb4,12.6234;0.3868;0.1496
Ga1Hg1Nb4,13.6694;0.4324;0.187
Ga1Eu1Nb4,13.6669;0.4361;0.1902
Ga1Rb1Nb4,13.6204;0.4444;0.1975
Ga1Pr1Nb4,13.3819;0.4468;0.1996
Ga1Mg1Nb4,12.9547;0.5611;0.3149
Ga1Mg1B4,15.5997;1.2351;1.5254
Ga1Sb1Nb4,11.6303;0.4393;0.1929
Ga1Er1Nb4,13.5364;0.4297;0.1846
Ga1Rh1Nb4,10.0304;0.3865;0.1494
Ga1Au1Nb4,12.1723;0.5429;0.2948
Ga1Zn1Nb4,13.8065;0.3549;0.126
Ga1Li1Nb4,11.8482;0.5433;0.2951
Ga1Np1Nb4,13.6744;0.4357;0.1898
Ga1Si1V4,10.7586;0.3034;0.092
Ga1Si1Nb4,13.0164;0.3805;0.1448
Ga1P1Nb4,13.6672;0.4374;0.1913
Ga1Ta1Nb4,13.6875;0.4046;0.1637
Ga1Na1Nb4,13.6514;0.4294;0.1844
Ga1H1Nb4,12.6167;0.4304;0.1853
Ga1Pt1Nb4,13.1326;0.4571;0.209
Ga1Pa1Nb4,13.6744;0.4357;0.1898
Ga1Te1Nb4,9.5554;0.634;0.402
Ga1Ir1Nb4,10.6759;0.5114;0.2615
Ga1Yb1Nb4,13.6711;0.4368;0.1908
Ga1T1Nb4,13.6744;0.4357;0.1898
Ga1U1Nb4,10.7251;0.518;0.2683
Ga1Th1Nb4,13.5541;0.4247;0.1804
Ga1Lu1Nb4,13.3445;0.4389;0.1926
Ga1Ag1Nb4,13.6589;0.4362;0.1903
Ga1Cd1Nb4,13.6418;0.4458;0.1988
Ga1Br1Nb4,13.6101;0.4611;0.2126
Ga1I1Nb4,13.671;0.4321;0.1867
Ga1Dy1Nb4,13.6548;0.44;0.1936
Ga1Sc1Nb4,13.3336;0.4463;0.1992
Ga1Cr1Nb4,10.7106;0.3244;0.1052
Ga1D1Nb4,13.6673;0.44;0.1936
Ga1Cs1Nb4,13.6388;0.4351;0.1893
Ga1Tc1Nb4,13.633;0.4231;0.179
Ga1Pu1Nb4,13.6044;0.4409;0.1944
Ga1Am1Nb4,13.6744;0.4357;0.1898
Ga1Cm1Nb4,13.6744;0.4357;0.1898
Ga1Po1Nb4,13.6744;0.4357;0.1898
Al1Sr1Nb4,15.1922;0.364;0.1325
Al1Co1Nb4,13.2077;0.3463;0.1199
Al1Re1Nb4,14.7634;0.3825;0.1463
Al1W1Nb4,15.0286;0.306;0.0936
Al1N1Nb4,12.1834;0.5118;0.2619
Al1Be1Nb4,14.3067;0.2908;0.0846
Al1Tl1Nb4,15.3479;0.3583;0.1284
Al1Y1Nb4,13.4241;0.4798;0.2302
Al1Hf1Nb4,14.9766;0.3207;0.1028
Al1Cl1Nb4,15.0597;0.3805;0.1448
Al1Sm1Nb4,15.2479;0.3494;0.1221
Al1Ni1Nb4,11.7075;0.4839;0.2341
Al1Tb1Nb4,15.0194;0.3761;0.1415
Al1Ce1Nb4,11.3964;0.4548;0.2069
Al1B1Nb4,15.6588;0.3554;0.1263
Al1Gd1Nb4,14.9789;0.3682;0.1356
Al1In1Nb4,15.1824;0.28;0.0784
Al1Pd1Nb4,9.4822;0.5415;0.2933
Al1Zr1Nb4,10.9387;0.432;0.1866
Al1Mn1Nb4,14.9283;0.3732;0.1392
Al1Ho1Nb4,15.2376;0.3427;0.1174
Al1Se1Nb4,16.0459;0.3392;0.1151
Al1Ti1Nb4,11.1778;0.3363;0.1131
Al1Hg1Nb4,15.2474;0.3489;0.1218
Al1Eu1Nb4,15.2405;0.3513;0.1234
Al1Rb1Nb4,15.1979;0.3566;0.1272
Al1Pr1Nb4,14.9671;0.3485;0.1214
Al1Mg1Nb4,14.6405;0.388;0.1506
Al1Mg1B4,12.9;0.0;0.0
Al1Sb1Nb4,14.6556;0.4138;0.1713
Al1Er1Nb4,15.2203;0.3473;0.1206
Al1Rh1Nb4,12.0359;0.4753;0.2259
Al1Au1Nb4,14.8355;0.3674;0.135
Al1Zn1Nb4,15.5546;0.337;0.1135
Al1Li1Nb4,13.3701;0.4671;0.2182
Al1Np1Nb4,15.1673;0.3504;0.1228
Al1Si1Nb4,16.5884;0.2911;0.0847
Al1P1Nb4,15.2698;0.3451;0.1191
Al1Ta1Nb4,15.1486;0.2343;0.0549
Al1Na1Nb4,15.2469;0.3495;0.1221
Al1H1Nb4,14.2597;0.3768;0.142
Al1Pt1Nb4,14.8388;0.3751;0.1407
Al1Ge1Nb4,14.2792;0.5539;0.3068
Al1Pa1Nb4,15.2497;0.3485;0.1214
Al1Te1Nb4,11.7282;0.4919;0.242
Al1Ir1Nb4,12.204;0.6039;0.3647
Al1Yb1Nb4,15.112;0.366;0.1339
Al1T1Nb4,15.2497;0.3485;0.1214
Al1U1Nb4,11.5716;0.5752;0.3308
Al1Th1Nb4,14.5864;0.41;0.1681
Al1Lu1Nb4,15.0852;0.3625;0.1314
Al1Ag1Nb4,14.5087;0.439;0.1927
Al1Cd1Nb4,15.2354;0.3538;0.1252
Al1Br1Nb4,15.1885;0.3571;0.1275
Al1I1Nb4,15.2454;0.3461;0.1198
Al1Dy1Nb4,15.24;0.3601;0.1296
Al1Sc1Nb4,14.9771;0.3581;0.1282
Al1Cr1Nb4,11.4335;0.4652;0.2164
Al1D1Nb4,15.2305;0.3503;0.1227
Al1Cs1Nb4,15.2237;0.3525;0.1243
Al1Tc1Nb4,15.2096;0.3457;0.1195
Al1Pu1Nb4,15.1288;0.3437;0.1182
Al1Am1Nb4,15.0979;0.3539;0.1252
Al1Cm1Nb4,15.2497;0.3485;0.1214
Al1Po1Nb4,15.2497;0.3485;0.1214
Sr1Nb1N4,10.2317;0.3833;0.1469
Sr1Nb1Tc4,10.2486;0.3314;0.1098
Sr1Hf1Nb4,12.0;0.3779;0.1428
Sr1C1Pd4,9.8032;0.6104;0.3725
Sr1C1Mg4,10.6997;0.9173;0.8414
Sr1In1V4,10.6574;0.3669;0.1346
Sr1Mg1B4,18.8876;1.2618;1.5922
Co1Hf1Nb4,10.1887;0.3674;0.135
Co1C1Mg4,10.5932;0.926;0.8575
Co1Mg1B4,18.5156;1.2053;1.4528
Co1Pu1Ga4,12.6737;0.3189;0.1017
Re1Nb1N4,10.2632;0.3987;0.159
Re1Nb1Tc4,10.8623;0.2397;0.0575
Re1Hf1Nb4,11.6588;0.362;0.131
Re1C1Pd4,9.8216;0.608;0.3696
Re1C1Mg4,10.7441;0.9123;0.8323
Re1Mg1B4,18.8647;1.2687;1.6096
W1Nb1N4,10.315;0.4056;0.1645
W1Nb1Tc4,10.9189;0.2434;0.0592
W1Hf1Nb4,11.4286;0.3841;0.1476
W1C1Pd4,9.906;0.5973;0.3568
W1C1Mg4,10.9071;0.8544;0.73
W1In1V4,10.8498;0.3497;0.1223
W1Mg1B4,18.1448;1.2087;1.4609
N1Nb1C4,9.6901;0.4491;0.2017
N1Hf1Nb4,10.6587;0.3259;0.1062
N1Hf1Cl4,12.3287;0.7327;0.5369
N1Hf1Li4,11.6473;0.5747;0.3302
N1Cl1Hf4,10.4202;0.6767;0.4579
N1Cl1Li4,11.7053;0.5266;0.2773
N1Cl1H4,9.4036;0.7397;0.5471
N1Cl1Tc4,9.8952;0.3747;0.1404
N1C1Nb4,11.9657;0.4319;0.1866
N1C1Pd4,9.6744;0.4856;0.2358
N1C1Mg4,11.1346;0.6479;0.4198
N1C1Na4,11.8733;0.6001;0.3601
N1C1H4,10.8369;0.7739;0.5989
N1C1Cs4,10.6752;0.9235;0.8529
N1Zr1Li4,10.1602;0.3635;0.1321
N1Mg1Cl4,10.299;0.7378;0.5443
N1Mg1B4,15.8972;1.1305;1.278
N1Li1O4,9.7387;0.4431;0.1964
N1Li1Hf4,10.4573;0.6262;0.3921
N1Li1Cl4,9.6797;0.6386;0.4078
N1Li1Mg4,9.3413;0.6928;0.48
N1Na1Cl4,9.6;0.5546;0.3076
N1Na1C4,13.5964;0.5659;0.3203
N1Na1Li4,9.8469;0.4694;0.2203
N1Na1H4,9.341;0.7233;0.5231
N1Na1Tc4,9.9897;0.3846;0.1479
N1H1C4,11.7643;0.7526;0.5664
N1H1Na4,9.2162;0.7892;0.6229
N1Br1Li4,11.1192;0.3552;0.1262
N1Cs1C4,11.3834;0.8957;0.8023
N1Cs1Li4,9.6009;0.5643;0.3184
Be1Nb1N4,10.2865;0.363;0.1318
Be1Nb1Tc4,10.9647;0.2567;0.0659
Be1Hf1V4,10.0828;0.2336;0.0546
Be1Hf1Nb4,12.2656;0.3018;0.0911
Be1C1Pd4,9.7468;0.618;0.3819
Be1C1Mg4,10.7045;0.9092;0.8266
Be1In1V4,11.3872;0.3877;0.1503
Be1Mg1B4,20.1206;1.1747;1.38
Be1Si1V4,11.7322;0.3038;0.0923
Nb1Tl1N4,10.3947;0.3896;0.1518
Nb1Tl1Tc4,11.1163;0.256;0.0655
Nb1Y1N4,9.7083;0.4127;0.1703
Nb1Y1Tc4,9.8066;0.2987;0.0892
Nb1Hf1N4,9.9582;0.2697;0.0727
Nb1Hf1Tc4,10.4346;0.2578;0.0665
Nb1Cl1N4,11.6718;0.4185;0.1752
Nb1Cl1Tc4,11.1357;0.3316;0.1099
Nb1Sm1N4,10.2908;0.3919;0.1536
Nb1Sm1Tc4,10.9504;0.2777;0.0771
Nb1Ni1N4,10.0656;0.409;0.1672
Nb1Ni1Tc4,9.8537;0.3367;0.1134
Nb1Tb1Tc4,10.8212;0.2867;0.0822
Nb1B1Tc4,9.8425;0.2932;0.086
Nb1C1N4,11.3088;0.3648;0.1331
Nb1C1Mg4,11.0184;0.8388;0.7035
Nb1Gd1N4,10.3349;0.401;0.1608
Nb1Gd1Tc4,11.0115;0.2371;0.0562
Nb1In1V4,9.9576;0.3285;0.1079
Nb1In1Tc4,10.7819;0.2644;0.0699
Nb1Zr1N4,10.7145;0.2886;0.0833
Nb1Zr1Tc4,10.4742;0.2411;0.0581
Nb1Mn1N4,10.1968;0.4146;0.1719
Nb1Mn1Tc4,10.7463;0.2799;0.0784
Nb1Ho1N4,10.3431;0.3937;0.155
Nb1Ho1Tc4,11.0339;0.2667;0.0711
Nb1Se1N4,10.0293;0.3757;0.1412
Nb1Se1Tc4,10.5967;0.2876;0.0827
Nb1Ti1N4,12.7182;0.2479;0.0614
Nb1Ti1Tc4,10.4847;0.2337;0.0546
Nb1Hg1N4,10.3789;0.393;0.1545
Nb1Hg1Tc4,11.1108;0.2478;0.0614
Nb1Eu1N4,10.0923;0.3995;0.1596
Nb1Eu1Tc4,10.6444;0.3065;0.094
Nb1Rb1N4,10.0753;0.374;0.1399
Nb1Rb1Tc4,10.3287;0.2933;0.086
Nb1Pr1N4,10.1963;0.4078;0.1663
Nb1Pr1Tc4,10.8012;0.2608;0.068
Nb1Mg1N4,10.4537;0.4916;0.2417
Nb1Mg1B4,14.025;1.1859;1.4063
Nb1Mg1Ti4,10.9427;0.6732;0.4532
Nb1Sb1N4,9.7531;0.3975;0.158
Nb1Sb1Tc4,9.9933;0.3398;0.1155
Nb1Er1N4,10.2953;0.3881;0.1506
Nb1Er1Tc4,10.9513;0.2531;0.0641
Nb1Au1N4,10.3348;0.3944;0.1556
Nb1Au1Tc4,10.9428;0.2533;0.0642
Nb1Zn1N4,10.2067;0.386;0.149
Nb1Zn1Tc4,10.5206;0.2664;0.071
Nb1Li1N4,10.7585;0.4658;0.2169
Nb1Np1N4,10.383;0.3902;0.1523
Nb1Np1Tc4,11.1206;0.2489;0.0619
Nb1Si1V4,10.2866;0.2368;0.0561
Nb1Si1N4,10.5229;0.3593;0.1291
Nb1Si1Tc4,10.4101;0.2612;0.0682
Nb1P1N4,10.3692;0.3976;0.1581
Nb1P1Tc4,11.0968;0.2523;0.0637
Nb1Ta1N4,10.1653;0.3856;0.1487
Nb1Ta1Tc4,10.54;0.2235;0.05
Nb1Na1N4,11.5884;0.3829;0.1466
Nb1Na1Tc4,10.8814;0.271;0.0734
Nb1H1N4,11.5207;0.4759;0.2265
Nb1H1Tc4,11.0143;0.239;0.0571
Nb1Pt1N4,9.9307;0.3976;0.1581
Nb1Pt1Tc4,10.247;0.3334;0.1112
Nb1Ge1Al4,13.1868;0.6569;0.4316
Nb1Ge1N4,10.095;0.4215;0.1776
Nb1Ge1Tc4,10.5781;0.3029;0.0917
Nb1Pa1N4,10.3838;0.3894;0.1516
Nb1Pa1Tc4,11.1206;0.2489;0.0619
Nb1Yb1N4,10.3784;0.3912;0.1531
Nb1Yb1Tc4,11.1125;0.2493;0.0621
Nb1T1N4,10.3838;0.3894;0.1516
Nb1T1Tc4,11.1206;0.2489;0.0619
Nb1Th1N4,10.291;0.3708;0.1375
Nb1Th1Tc4,10.9624;0.2479;0.0615
Nb1Lu1N4,10.2704;0.3877;0.1503
Nb1Lu1Tc4,11.0081;0.2444;0.0598
Nb1Ag1N4,10.3581;0.3918;0.1535
Nb1Ag1Tc4,11.0143;0.2697;0.0727
Nb1Cd1N4,10.3608;0.391;0.1529
Nb1Cd1Tc4,11.0539;0.2579;0.0665
Nb1Br1N4,10.3662;0.3782;0.143
Nb1Br1Tc4,10.8104;0.2442;0.0597
Nb1I1N4,10.4349;0.3766;0.1418
Nb1I1Tc4,11.0063;0.2596;0.0674
Nb1Dy1N4,10.3552;0.3897;0.1518
Nb1Dy1Tc4,11.0695;0.2485;0.0617
Nb1Sc1N4,10.3566;0.3853;0.1485
Nb1Sc1Tc4,11.1204;0.2454;0.0602
Nb1Cr1Tc4,10.1482;0.2571;0.0661
Nb1D1N4,10.3819;0.3884;0.1509
Nb1D1Tc4,11.1023;0.2457;0.0604
Nb1Cs1N4,11.4541;0.4963;0.2463
Nb1Cs1Tc4,10.6578;0.2237;0.0501
Nb1Tc1N4,10.3864;0.3897;0.1518
Nb1Pu1N4,10.3404;0.3779;0.1428
Nb1Pu1Tc4,10.974;0.281;0.079
Nb1Am1N4,10.3838;0.3894;0.1516
Nb1Am1Tc4,11.1206;0.2489;0.0619
Nb1Cm1N4,10.3838;0.3894;0.1516
Nb1Cm1Tc4,11.1206;0.2489;0.0619
Nb1Po1N4,10.3838;0.3894;0.1516
Nb1Po1Tc4,11.1206;0.2489;0.0619
Tl1Hf1Nb4,13.2768;0.3596;0.1293
Tl1C1Pd4,9.7808;0.6158;0.3793
Tl1C1Mg4,9.9081;0.9182;0.8431
Tl1Mg1B4,18.6678;1.2285;1.5092
Y1Hf1Nb4,11.6586;0.3764;0.1417
Y1C1Pd4,14.2096;0.636;0.4045
Y1In1V4,10.0981;0.3589;0.1288
Y1Mg1B4,13.516;1.0257;1.0521
Hf1Cl1V4,9.928;0.2717;0.0738
Hf1Cl1N4,11.8303;0.6393;0.4087
Hf1Cl1Nb4,12.6955;0.3789;0.1436
Hf1Cl1Li4,10.2834;0.6308;0.3979
Hf1Cl1Tc4,10.0031;0.317;0.1005
Hf1Sm1Nb4,12.2642;0.328;0.1076
Hf1Ni1Nb4,11.4286;0.3045;0.0927
Hf1Tb1Nb4,12.0989;0.3542;0.1254
Hf1B1Nb4,10.9088;0.4077;0.1662
Hf1C1Pd4,9.93;0.598;0.3576
Hf1C1Mg4,10.7129;0.8937;0.7987
Hf1Gd1Nb4,12.104;0.326;0.1063
Hf1In1V4,10.9611;0.1847;0.0341
Hf1In1Nb4,11.5226;0.3689;0.1361
Hf1Zr1V4,10.1;0.0;0.0
Hf1Zr1Nb4,9.9837;0.2956;0.0874
Hf1Mn1Nb4,11.7072;0.3441;0.1184
Hf1Ho1Nb4,12.2507;0.323;0.1043
Hf1Se1Nb4,12.0344;0.341;0.1163
Hf1Ti1Nb4,10.176;0.4;0.16
Hf1Hg1Nb4,12.2994;0.329;0.1082
Hf1Eu1Nb4,12.2063;0.3311;0.1096
Hf1Rb1Nb4,12.0428;0.3878;0.1504
Hf1Pr1Nb4,12.0107;0.3561;0.1268
Hf1Mg1Nb4,11.5867;0.501;0.251
Hf1Mg1B4,18.6931;1.2619;1.5923
Hf1Er1Nb4,12.1786;0.3378;0.1141
Hf1Au1Nb4,10.8672;0.4128;0.1704
Hf1Zn1Nb4,12.2395;0.3846;0.1479
Hf1Li1O4,10.3252;0.3961;0.1569
Hf1Li1N4,11.6679;0.5508;0.3033
Hf1Li1Nb4,11.2057;0.5255;0.2762
Hf1Li1Cl4,9.5308;0.7005;0.4907
Hf1Np1Nb4,12.316;0.3266;0.1067
Hf1Si1Nb4,10.6897;0.3332;0.111
Hf1P1V4,9.9219;0.2155;0.0465
Hf1P1Nb4,12.2983;0.3261;0.1063
Hf1Ta1Nb4,11.4898;0.3368;0.1134
Hf1Na1Nb4,12.2644;0.3419;0.1169
Hf1H1Nb4,10.0961;0.4249;0.1805
Hf1Pt1Nb4,11.1579;0.3448;0.1189
Hf1Pa1Nb4,12.316;0.3266;0.1067
Hf1Yb1Nb4,12.282;0.336;0.1129
Hf1T1Nb4,12.3143;0.3248;0.1055
Hf1Th1Nb4,12.1367;0.321;0.1031
Hf1Lu1Nb4,12.1898;0.3514;0.1235
Hf1Ag1Nb4,12.2029;0.3636;0.1322
Hf1Cd1Nb4,12.2049;0.347;0.1204
Hf1Br1Nb4,12.3135;0.3352;0.1124
Hf1I1Nb4,12.2956;0.3217;0.1035
Hf1Dy1Nb4,12.2711;0.3301;0.109
Hf1Sc1Nb4,12.2693;0.334;0.1115
Hf1D1Nb4,12.1015;0.3321;0.1103
Hf1Cs1Nb4,12.1768;0.3414;0.1166
Hf1Tc1Nb4,12.1515;0.3197;0.1022
Hf1Pu1Nb4,12.3166;0.3349;0.1122
Hf1Am1Nb4,12.316;0.3266;0.1067
Hf1Cm1Nb4,12.316;0.3266;0.1067
Hf1Po1Nb4,12.316;0.3266;0.1067
Cl1C1Pd4,9.7164;0.5965;0.3558
Cl1C1Mg4,10.6289;0.8737;0.7633
Cl1In1V4,10.8105;0.3561;0.1268
Cl1Mg1N4,9.8312;0.6939;0.4815
Cl1Mg1B4,18.75;1.1648;1.3567
Cl1Mg1Ti4,9.3487;0.801;0.6417
Cl1Li1O4,10.5494;0.3746;0.1404
Cl1Li1N4,11.9919;0.594;0.3529
Cl1Li1Hf4,9.3083;0.7236;0.5236
Cl1Na1N4,10.6474;0.5106;0.2607
Cl1Br1N4,9.6595;0.6536;0.4272
Cl1Cs1N4,9.2931;0.7162;0.513
Sm1C1Pd4,9.779;0.6123;0.3749
Sm1C1Mg4,10.6828;0.9112;0.8302
Sm1In1V4,10.7647;0.3507;0.123
Sm1Mg1B4,17.723;1.1897;1.4154
Ni1C1Pd4,9.7116;0.5878;0.3455
Ni1C1Mg4,10.7336;0.8949;0.8008
Ni1Mg1B4,17.8657;1.1937;1.4248
Tb1In1V4,10.5768;0.3688;0.136
Tb1Mg1B4,18.306;1.2314;1.5163
Ce1Mg1B4,13.8344;1.1326;1.2827
B1C1S4,9.1752;0.8582;0.7365
B1C1Pd4,12.1376;0.5672;0.3217
B1C1Mg4,12.3851;1.0163;1.0328
B1In1V4,10.3071;0.3758;0.1412
B1Mg1Ti4,9.9457;0.9492;0.9009
C1Gd1Mg4,9.4024;0.8463;0.7163
C1In1Mg4,9.491;0.8751;0.7658
C1Pd1Mg4,10.6209;0.9085;0.8254
C1Zr1Mg4,9.9555;0.9496;0.9018
C1Mn1Mg4,10.9147;0.9218;0.8497
C1Ho1Pd4,9.5818;0.6002;0.3602
C1Ho1Mg4,10.6332;0.9026;0.8146
C1Se1Pd4,9.8564;0.6011;0.3613
C1Se1Mg4,10.6638;0.9224;0.8508
C1Ti1Pd4,9.9246;0.6084;0.3702
C1Ti1Mg4,11.8416;0.8582;0.7366
C1Hg1Pd4,10.029;0.6824;0.4657
C1Hg1Mg4,9.7931;0.9269;0.8591
C1Eu1Pd4,9.7872;0.6061;0.3674
C1Eu1Mg4,10.6901;0.9093;0.8267
C1Rb1Mg4,9.7975;0.8771;0.7692
C1Pr1Mg4,10.1174;0.9081;0.8246
C1Mg1B4,11.1772;1.0124;1.025
C1Mg1Pd4,9.6624;0.6066;0.368
C1Sb1Pd4,9.4602;0.6183;0.3823
C1Sb1Mg4,10.3442;0.8722;0.7607
C1Er1Pd4,9.6354;0.5584;0.3118
C1Er1Mg4,10.6688;0.9124;0.8325
C1Au1Pd4,9.9667;0.5914;0.3497
C1Au1Mg4,10.8877;0.8977;0.8059
C1Zn1Pd4,9.6234;0.6025;0.363
C1Zn1Mg4,9.6156;0.9288;0.8626
C1Li1N4,9.7159;0.4334;0.1878
C1Li1Mg4,12.8313;0.8504;0.7232
C1Np1Pd4,10.1155;0.5822;0.339
C1Np1Mg4,10.692;0.9101;0.8283
C1Si1Pd4,9.7596;0.6254;0.3911
C1Si1Mg4,10.0527;0.8699;0.7567
C1P1Pd4,9.7269;0.6104;0.3725
C1P1Mg4,10.6997;0.9026;0.8146
C1Ta1Pd4,10.0507;0.5789;0.3351
C1Ta1Mg4,11.2072;0.8439;0.7122
C1Na1N4,11.8071;0.6235;0.3888
C1Na1Pd4,9.5261;0.5823;0.3391
C1Na1Mg4,11.1874;0.9015;0.8128
C1H1N4,11.0422;0.6785;0.4603
C1H1Pd4,9.9607;0.5693;0.3241
C1H1Mg4,11.2835;0.8556;0.732
C1Pt1Mg4,10.1059;0.8338;0.6953
C1Ge1Pd4,9.6156;0.5957;0.3549
C1Ge1Mg4,10.7147;0.8536;0.7286
C1Pa1Pd4,9.803;0.607;0.3684
C1Pa1Mg4,10.6898;0.9106;0.8292
C1Te1Mg4,9.1888;0.9612;0.9238
C1Ir1Mg4,9.1897;0.8223;0.6761
C1Yb1Pd4,9.9097;0.6001;0.3602
C1Yb1Mg4,10.7322;0.8997;0.8095
C1T1Pd4,9.803;0.607;0.3684
C1T1Mg4,10.6897;0.9105;0.829
C1Th1Pd4,10.2746;0.4954;0.2454
C1Th1Mg4,11.0711;0.8838;0.781
C1Lu1Mg4,11.0569;0.8519;0.7258
C1Ag1Pd4,10.5674;0.6125;0.3752
C1Ag1Mg4,10.7817;0.905;0.8189
C1Cd1Pd4,10.5107;0.5561;0.3092
C1Cd1Mg4,10.6341;0.9066;0.8219
C1Br1Pd4,9.9975;0.6048;0.3657
C1Br1Mg4,10.8234;0.8876;0.7878
C1I1Pd4,9.8739;0.5931;0.3518
C1I1Mg4,10.7736;0.9061;0.8211
C1Dy1Mg4,9.8803;0.8471;0.7176
C1Sc1Pd4,9.918;0.6089;0.3707
C1Sc1Mg4,10.9924;0.8448;0.7138
C1Cr1Mg4,9.8139;0.8735;0.763
C1D1Pd4,9.8263;0.6089;0.3707
C1D1Mg4,10.7035;0.9119;0.8315
C1Cs1N4,10.6751;0.9082;0.8249
C1Tc1Pd4,9.8586;0.6157;0.3791
C1Tc1Mg4,10.7197;0.912;0.8317
C1Pu1Pd4,10.0829;0.6124;0.375
C1Pu1Mg4,10.8698;0.9078;0.8241
C1Am1Pd4,9.7698;0.6084;0.3702
C1Am1Mg4,10.6901;0.9105;0.8289
C1Cm1Pd4,9.803;0.607;0.3684
C1Cm1Mg4,10.6898;0.9106;0.8292
C1Po1Pd4,9.803;0.607;0.3684
C1Po1Mg4,10.6898;0.9106;0.8292
Gd1In1V4,10.6826;0.3567;0.1273
Gd1Mg1B4,18.1152;1.1725;1.3747
In1Zr1V4,10.7627;0.2142;0.0459
In1Mn1V4,10.7865;0.3467;0.1202
In1Ho1V4,10.7139;0.3589;0.1288
In1Se1V4,10.7685;0.3567;0.1272
In1Ti1V4,9.7278;0.3305;0.1092
In1Hg1V4,10.7616;0.3516;0.1236
In1Eu1V4,10.8009;0.3613;0.1305
In1Rb1V4,10.2429;0.3929;0.1544
In1Pr1V4,10.5591;0.3481;0.1212
In1Mg1V4,9.5779;0.4658;0.217
In1Mg1B4,17.6952;1.2793;1.6365
In1Er1V4,10.545;0.356;0.1268
In1Zn1V4,10.2397;0.3806;0.1449
In1Np1V4,10.8081;0.3591;0.1289
In1Si1V4,11.8083;0.2712;0.0736
In1P1V4,11.3465;0.33;0.1089
In1Na1V4,10.6573;0.3844;0.1478
In1H1V4,10.3897;0.355;0.126
In1Pa1V4,10.8082;0.3591;0.129
In1Yb1V4,10.7047;0.356;0.1268
In1T1V4,10.786;0.3637;0.1323
In1Th1V4,10.5219;0.3437;0.1181
In1Lu1V4,10.6194;0.3966;0.1573
In1Ag1V4,10.7459;0.3612;0.1305
In1Cd1V4,10.7465;0.3496;0.1222
In1Br1V4,10.6255;0.3871;0.1498
In1I1V4,10.7364;0.3538;0.1251
In1Dy1V4,10.7649;0.3547;0.1258
In1Sc1V4,10.3151;0.3463;0.1199
In1D1V4,10.7747;0.3569;0.1274
In1Cs1V4,10.5631;0.3896;0.1518
In1Tc1V4,10.7978;0.3572;0.1276
In1Pu1V4,10.76;0.3753;0.1408
In1Am1V4,10.8082;0.3591;0.129
In1Cm1V4,10.8082;0.3591;0.129
In1Po1V4,10.8082;0.3591;0.129
Pd1Mg1B4,17.5965;1.3038;1.6998
Pd1Ag1H4,10.4015;0.5729;0.3282
Zr1Mg1B4,18.8017;1.0651;1.1344
Zr1Li1N4,10.5799;0.4184;0.175
Zr1Si1V4,11.1161;0.1724;0.0297
Mn1Mg1B4,19.6202;1.1844;1.4027
Mn1Li1Mg4,9.7411;0.9661;0.9334
Mn1Si1V4,10.5254;0.1687;0.0285
Ho1Mg1B4,16.9218;1.1971;1.4331
Se1Mg1B4,18.9281;1.2398;1.537
Ti1Mg1Pb4,9.7655;0.6705;0.4496
Ti1Mg1B4,35.9764;0.4555;0.2075
Ti1Mg1Li4,10.5888;0.7847;0.6157
Ti1Mg1Ta4,9.1615;0.8486;0.72
Ti1Mg1D4,10.7226;0.8106;0.6571
Ti1Mg1Tc4,11.4754;0.6835;0.4672
Ti1Mg1Pu4,9.2134;0.8296;0.6882
Ti1Li1O4,12.15;0.0;0.0
Ti1Li1Mg4,9.5433;0.8724;0.761
Hg1Mg1B4,18.0171;1.2804;1.6395
Eu1Mg1B4,18.3999;1.2811;1.6413
Rb1Mg1B4,18.5496;1.2344;1.5237
Pr1Mg1B4,18.101;1.2436;1.5465
Mg1Sb1B4,17.996;1.1994;1.4385
Mg1Sb1Ti4,9.6792;0.755;0.57
Mg1Er1B4,18.2202;1.2371;1.5303
Mg1Rh1B4,17.0296;1.2748;1.625
Mg1Zn1B4,14.989;1.4104;1.9893
Mg1Np1B4,18.9647;1.2444;1.5486
Mg1Si1B4,17.0282;1.1735;1.3771
Mg1P1B4,18.9622;1.2482;1.5579
Mg1Ta1B4,18.1934;1.3051;1.7034
Mg1Ta1Ti4,10.6869;0.7781;0.6054
Mg1Na1B4,21.9953;1.2225;1.4944
Mg1Na1Ti4,9.1222;0.8831;0.7799
Mg1H1B4,18.8742;1.2442;1.548
Mg1Pt1B4,18.44;1.1907;1.4178
Mg1Ge1B4,18.2431;1.2899;1.6638
Mg1Pa1B4,18.9647;1.2444;1.5486
Mg1Te1B4,15.2151;1.3553;1.8368
Mg1Ir1B4,13.6366;0.9172;0.8413
Mg1Yb1B4,18.8117;1.2443;1.5483
Mg1T1B4,18.9647;1.2444;1.5486
Mg1U1B4,14.1541;1.3938;1.9427
Mg1Th1B4,18.3041;1.2258;1.5027
Mg1Lu1B4,18.2886;1.2122;1.4694
Mg1Ag1B4,18.9272;1.2541;1.5727
Mg1Ag1Ti4,9.2012;0.8373;0.701
Mg1Cd1B4,18.9277;1.2376;1.5316
Mg1Br1B4,18.732;1.2001;1.4403
Mg1I1B4,18.9362;1.256;1.5777
Mg1Dy1B4,17.573;1.2208;1.4903
Mg1Sc1B4,9.8587;0.7721;0.5962
Mg1Cr1B4,19.2025;1.2104;1.4651
Mg1D1B4,18.9659;1.2459;1.5522
Mg1Cs1B4,18.7118;1.2658;1.6023
Mg1Tc1B4,18.9602;1.242;1.5426
Mg1Pu1B4,18.8382;1.234;1.5228
Mg1Pu1Ti4,9.5905;0.8682;0.7537
Mg1Am1B4,18.9647;1.2444;1.5486
Mg1Cm1B4,18.9647;1.2444;1.5486
Mg1Po1B4,18.9647;1.2444;1.5486
Li1Na1N4,9.9081;0.566;0.3204
Li1Br1O4,10.2208;0.3586;0.1286
Li1Br1N4,10.547;0.5158;0.2661
Si1P1V4,11.3422;0.2988;0.0893
Na1H1N4,9.6125;0.6571;0.4318
Na1H1C4,11.5441;0.4645;0.2158
Na1Br1N4,9.7186;0.5065;0.2565
Na1Cs1N4,9.5112;0.6433;0.4138

1174 of 317985 appear to be promising

hp_tune_min_nc_normal:

{'ccp_alpha': 0.0, 'criterion': 'squared_error', 'max_depth': None, 'max_leaf_nodes': None, 'max_samples': None, 'min_impurity_decrease': 0.0, 'min_samples_leaf': 1, 'min_samples_split': 2, 'min_weight_fraction_leaf': 0.0, 'n_estimators': 200, 'n_jobs': None, 'oob_score': False, 'random_state': None, 'verbose': 0, 'warm_start': False, 'max_features': 'sqrt', 'bootstrap': False}

Ba1K1O4,14.0214;0.8253;0.6812
Ba1K1F4,9.7173;0.9187;0.844
Ba1K1N4,9.8733;0.6793;0.4614
Ba1K1Cl4,11.3413;0.7678;0.5896
Ba1Nd1O4,9.7359;1.0412;1.084
Ba1Bi1O4,9.2632;0.9518;0.9059
Ba1S1O4,9.7705;0.9304;0.8656
Ba1Sr1O4,10.1204;0.9712;0.9433
Ba1Se1O4,9.3228;1.0044;1.0088
Ba1Eu1O4,9.269;0.8429;0.7105
Ba1Rb1O4,13.5292;0.7155;0.5119
Ba1Rb1F4,11.2949;0.823;0.6773
Ba1Sb1O4,9.4561;0.8349;0.697
Ba1Na1O4,10.2226;0.7315;0.5351
Ba1Te1O4,11.9045;0.8043;0.647
Ba1Br1O4,11.6478;0.9178;0.8423
Ba1I1O4,11.266;0.8556;0.7321
Ba1Cs1O4,12.8905;0.7449;0.5548
Ba1Cs1F4,10.3944;0.7409;0.5489
K1Ca1Li4,9.8633;0.3979;0.1583
K1Al1B4,11.9433;0.8702;0.7572
K1Be1B4,13.9274;0.9309;0.8665
K1Rb1O4,9.6099;0.5608;0.3145
K1Mg1B4,12.7802;1.0175;1.0353
K1Mg1Li4,9.9654;0.4961;0.2462
K1Li1B4,10.5185;0.8531;0.7278
K1Si1B4,9.2573;0.8287;0.6867
K1Na1B4,10.9135;0.783;0.6131
K1Na1Li4,9.7304;0.4951;0.2451
K1Cs1O4,10.9372;0.7054;0.4976
Fe1Sn1Nb4,10.4946;0.4;0.16
Fe1Al1Nb4,10.497;0.5984;0.3581
Fe1N1H4,10.2658;0.7138;0.5095
Fe1Mg1B4,10.8255;0.9782;0.9569
Fe1Li1B4,9.7049;0.9173;0.8414
Fe1Na1B4,10.772;0.8613;0.7418
As1Al1Nb4,10.9045;0.603;0.3636
As1N1C4,9.6285;0.8224;0.6764
As1N1H4,10.1681;0.645;0.4161
As1Mg1B4,10.1519;1.0734;1.1522
Ca1Al1B4,11.2347;0.9136;0.8347
Ca1N1Li4,9.4342;0.6373;0.4061
Ca1N1H4,9.5171;0.523;0.2735
Ca1Be1B4,14.4589;1.0679;1.1404
Ca1Mg1B4,16.8858;1.1573;1.3394
Ca1Mg1Li4,10.6854;0.3694;0.1365
Ca1Li1B4,13.8133;0.9766;0.9537
Ca1Si1B4,9.8977;0.9561;0.9141
Ca1Na1B4,14.561;1.009;1.0182
Ca1Na1Li4,11.4497;0.3641;0.1326
Cu1O1H4,9.7788;0.6528;0.4262
Cu1F1H4,9.8701;0.7489;0.5609
Cu1Ga1Nb4,9.9454;0.4503;0.2028
Cu1Al1Nb4,10.6782;0.4514;0.2038
Cu1N1C4,10.8812;0.7992;0.6387
Cu1N1H4,12.6818;0.6935;0.481
Cu1C1H4,10.3253;0.6134;0.3762
Cu1Li1B4,10.0322;0.8062;0.65
Cu1H1B4,10.5815;1.0792;1.1647
O1Al1H4,10.3852;0.6939;0.4815
O1N1H4,11.1677;0.6807;0.4633
O1B1H4,9.7504;0.5851;0.3423
O1C1H4,10.3581;0.5898;0.3479
O1Mg1B4,14.1639;1.0801;1.1665
O1Mg1H4,10.252;0.7378;0.5444
O1Si1B4,9.2907;1.0204;1.0411
O1Si1H4,10.7331;0.5415;0.2932
O1H1Mg4,11.2633;0.9433;0.8898
Ru1Al1Nb4,10.3713;0.4877;0.2378
Ru1Nb1Tc4,10.2142;0.35;0.1225
Tm1Sn1Nb4,9.9735;0.42;0.1764
Tm1Ta1Nb4,9.7529;0.3514;0.1235
Sn1Nd1Nb4,9.6793;0.4773;0.2279
Sn1V1Nb4,11.138;0.3245;0.1053
Sn1Al1Nb4,11.0027;0.5143;0.2645
Sn1Co1Nb4,9.8707;0.4644;0.2156
Sn1Y1Nb4,10.5638;0.39;0.1521
Sn1Hf1Nb4,11.6999;0.4053;0.1643
Sn1Ni1Nb4,9.7285;0.3926;0.1541
Sn1In1Nb4,10.959;0.6042;0.365
Sn1Pd1Nb4,9.555;0.4511;0.2035
Sn1Zr1Nb4,13.647;0.3218;0.1035
Sn1Mn1Nb4,11.2109;0.4074;0.166
Sn1Ho1Nb4,9.6828;0.4462;0.1991
Sn1Ti1Nb4,11.0935;0.395;0.1561
Sn1Mg1Nb4,11.1796;0.4517;0.204
Sn1Sb1Nb4,11.1777;0.5674;0.322
Sn1Er1Nb4,9.7901;0.435;0.1892
Sn1Ta1Nb4,10.666;0.348;0.1211
Sn1Pa1Nb4,9.6221;0.4752;0.2258
Sn1Cd1Nb4,11.0854;0.4824;0.2327
Sn1Dy1Nb4,9.5354;0.465;0.2163
Sn1Sc1Nb4,11.2362;0.4429;0.1962
Sn1Cr1Nb4,10.8936;0.2869;0.0823
Sn1Tc1Nb4,11.2273;0.4022;0.1617
Nd1Rb1O4,9.3187;0.8296;0.6882
Bi1Al1Nb4,10.0526;0.5545;0.3075
Bi1Cs1O4,9.409;0.6069;0.3684
S1Al1B4,9.4986;0.778;0.6053
S1N1C4,9.1805;0.8943;0.7998
S1N1H4,11.0213;0.6726;0.4524
S1Be1B4,10.6292;0.893;0.7975
S1Cl1Li4,9.6712;0.5669;0.3214
S1C1H4,10.2319;0.5325;0.2836
S1Rb1O4,9.5164;0.5743;0.3298
S1Mg1B4,13.4915;0.9613;0.9241
S1Na1B4,9.9991;0.8859;0.7849
S1Cs1O4,9.9783;0.7478;0.5593
F1Al1H4,10.5446;0.6119;0.3744
F1N1H4,11.1096;0.6852;0.4694
F1Be1H4,9.6604;0.5745;0.3301
F1Cl1Li4,9.6444;0.6804;0.463
F1B1H4,10.1399;0.5636;0.3176
F1C1H4,10.3362;0.6537;0.4273
F1Mg1B4,14.3695;1.1188;1.2518
F1Mg1H4,11.3041;0.6654;0.4428
F1Si1H4,10.9657;0.5563;0.3094
F1H1Mg4,10.7385;0.8771;0.7692
V1Al1Nb4,9.8119;0.4598;0.2115
V1N1H4,10.413;0.6724;0.4522
V1Mg1B4,20.454;1.0537;1.1102
V1Li1B4,9.691;0.8338;0.6953
V1Na1B4,12.5276;0.9134;0.8343
V1Na1Li4,10.6606;0.4215;0.1777
Ga1Al1Nb4,11.0804;0.5589;0.3124
Ga1N1C4,9.5783;0.7451;0.5552
Ga1N1H4,9.7484;0.5362;0.2875
Ga1Mg1B4,9.7979;0.9793;0.959
Ga1Zn1Nb4,10.0813;0.5213;0.2717
Ga1Si1V4,10.8449;0.5595;0.313
Ga1Ag1Nb4,11.0067;0.3249;0.1056
Ga1Cd1Nb4,11.1881;0.4683;0.2193
Ga1Cs1O4,9.3581;0.7472;0.5583
Ga1Tc1Nb4,11.307;0.3675;0.1351
Al1Co1Nb4,10.3438;0.3484;0.1214
Al1Re1Nb4,9.9601;0.4576;0.2094
Al1N1C4,10.4149;0.772;0.596
Al1N1H4,12.7816;0.5678;0.3225
Al1Be1B4,9.9588;0.8677;0.7529
Al1Tl1Nb4,9.9326;0.5263;0.277
Al1Cl1B4,9.2823;0.837;0.7005
Al1Ni1Nb4,10.7117;0.3435;0.118
Al1B1H4,9.9002;0.5201;0.2705
Al1C1H4,10.9108;0.4755;0.2261
Al1In1Nb4,10.6817;0.53;0.2809
Al1Pd1Nb4,11.6574;0.3442;0.1185
Al1Mn1Nb4,10.6883;0.4551;0.2071
Al1Hg1Nb4,10.1353;0.4817;0.232
Al1Mg1Nb4,10.513;0.5183;0.2687
Al1Mg1B4,12.9;0.0;0.0
Al1Sb1Nb4,10.087;0.4717;0.2225
Al1Rh1Nb4,9.8252;0.3784;0.1432
Al1Zn1Nb4,11.8125;0.5667;0.3211
Al1Si1Nb4,12.9151;0.527;0.2778
Al1Na1B4,14.7936;1.0628;1.1296
Al1H1C4,9.8876;0.6249;0.3904
Al1Pt1Nb4,9.6221;0.4394;0.1931
Al1Ge1Nb4,13.3544;0.5975;0.357
Al1Te1Nb4,10.0476;0.4828;0.2331
Al1Ag1Nb4,11.6034;0.4212;0.1774
Al1Cd1Nb4,12.311;0.4415;0.1949
Al1Sc1B4,9.6198;1.0281;1.0569
Al1Cr1Nb4,10.1307;0.4576;0.2094
Al1Tc1Nb4,11.2566;0.435;0.1892
Al1Po1Nb4,9.4807;0.5613;0.3151
Co1N1H4,9.6562;0.7622;0.5809
Co1Mg1B4,10.8441;1.0196;1.0397
Co1Li1B4,9.391;0.7206;0.5192
N1Be1H4,11.8528;0.7209;0.5196
N1Cl1C4,9.3102;0.8056;0.649
N1Cl1H4,10.7901;0.7079;0.5011
N1Ni1H4,10.8122;0.7321;0.536
N1B1H4,11.8436;0.7351;0.5404
N1C1H4,13.0847;0.6651;0.4424
N1Mn1H4,10.5823;0.6365;0.4051
N1Se1H4,9.5271;0.5968;0.3562
N1Ti1H4,9.5995;0.6765;0.4576
N1Mg1B4,14.2411;0.9798;0.96
N1Mg1C4,10.918;0.8453;0.7146
N1Mg1H4,11.9648;0.7158;0.5124
N1Au1C4,9.3074;0.7577;0.5741
N1Zn1C4,10.8231;0.8029;0.6446
N1Zn1H4,11.1997;0.694;0.4816
N1Li1H4,10.7499;0.5706;0.3256
N1Si1C4,9.9375;0.7967;0.6347
N1Si1H4,13.4833;0.6495;0.4219
N1P1H4,10.8034;0.6253;0.391
N1Na1H4,10.6093;0.6166;0.3802
N1H1C4,14.54;0.8023;0.6437
N1H1Mg4,10.4281;0.7552;0.5703
N1Ge1C4,10.7324;0.7009;0.4913
N1Ge1H4,10.835;0.673;0.4529
N1Br1H4,9.95;0.7058;0.4982
N1Cr1H4,10.8656;0.7174;0.5147
Be1Y1B4,9.736;0.8293;0.6877
Be1Cl1B4,9.5547;0.8868;0.7864
Be1C1H4,9.3985;0.6265;0.3925
Be1Mg1B4,15.0211;1.1947;1.4274
Be1Si1B4,10.7129;1.0185;1.0374
Be1P1B4,11.0317;0.9598;0.9212
Be1H1Mg4,10.4621;0.8659;0.7498
Nb1Mg1B4,12.256;0.8767;0.7687
Y1Mg1B4,9.6569;0.9683;0.9377
Hf1Zr1V4,10.1;0.0;0.0
Hf1Zr1Nb4,10.1278;0.2892;0.0836
Hf1Mg1B4,10.2982;1.0493;1.101
Cl1B1H4,9.5437;0.5161;0.2664
Cl1C1H4,10.5019;0.5441;0.2961
Cl1Mg1Be4,9.8046;0.7753;0.6011
Cl1Mg1B4,12.8011;0.9229;0.8517
Cl1Mg1H4,9.9745;0.6053;0.3664
Cl1Si1H4,9.6354;0.4779;0.2283
Cl1P1S4,9.683;0.43;0.1849
Cl1Na1B4,9.6648;0.8709;0.7584
Ni1Mg1B4,9.3643;0.9871;0.9743
Ni1Li1B4,9.5948;0.8046;0.6475
B1C1H4,10.6938;0.5184;0.2687
B1Mg1H4,9.3836;0.7204;0.5189
B1Si1H4,12.0442;0.4975;0.2475
B1P1H4,9.5521;0.4607;0.2123
B1H1C4,9.3174;0.7649;0.5851
B1H1Mg4,12.269;0.8169;0.6673
C1Mg1N4,9.3571;0.7374;0.5438
C1Mg1B4,17.6215;1.0227;1.0459
C1Mg1H4,9.9815;0.6016;0.3619
C1Si1H4,12.2707;0.469;0.2199
C1P1H4,9.9968;0.5619;0.3157
C1H1N4,9.6213;0.6838;0.4676
C1H1Mg4,12.9433;0.7095;0.5034
C1Ge1H4,9.9428;0.4453;0.1983
Zr1Mg1B4,13.2922;1.0912;1.1908
Mn1Mg1B4,18.7603;1.2441;1.5479
Mn1Li1B4,9.3777;0.8106;0.657
Mn1Na1B4,12.8794;0.8483;0.7196
Mn1Na1Li4,10.3202;0.4642;0.2155
Ho1Ta1Nb4,9.6598;0.3623;0.1313
Se1Rb1O4,9.6509;0.7276;0.5294
Ti1Mg1B4,33.897;0.6932;0.4805
Ti1Mg1Li4,9.7329;0.5522;0.3049
Ti1Li1O4,12.15;0.0;0.0
Ti1Li1B4,13.1422;1.0204;1.0412
Ti1Si1B4,9.3625;0.8364;0.6996
Ti1Na1B4,14.1468;1.035;1.0713
Ti1Na1Li4,10.7542;0.5305;0.2814
Hg1Rb1O4,9.5754;0.6574;0.4322
Hg1Cs1O4,9.2877;0.7923;0.6277
Eu1Rb1O4,9.4187;0.7231;0.5229
Rb1Te1O4,9.7542;0.754;0.5685
Rb1Br1O4,9.604;0.5907;0.349
Rb1I1O4,9.7019;0.6653;0.4426
Rb1Cs1O4,10.2198;0.6702;0.4492
Mg1Zn1B4,9.5984;0.9173;0.8415
Mg1Si1B4,13.2729;0.8906;0.7932
Mg1Si1H4,9.8347;0.6094;0.3714
Mg1P1B4,13.4372;0.9188;0.8442
Mg1Ta1B4,10.1257;0.8928;0.7971
Mg1Na1B4,17.6048;1.2015;1.4437
Mg1Na1Li4,10.104;0.3238;0.1049
Mg1H1B4,11.5822;1.0965;1.2022
Mg1H1C4,10.4;0.7499;0.5623
Mg1Lu1B4,9.7757;1.0476;1.0975
Mg1Cd1B4,9.7891;0.8997;0.8095
Mg1Sc1B4,16.4275;1.4278;2.0387
Mg1Sc1Li4,10.2646;0.469;0.22
Mg1Cr1B4,17.6541;1.1478;1.3174
Mg1Cs1O4,9.2508;0.7763;0.6026
Mg1Tc1B4,10.3829;0.9696;0.9402
Mg1Pu1B4,9.1754;0.9801;0.9606
Mg1Am1B4,9.2447;0.949;0.9006
Zn1Cd1Nb4,9.5944;0.4281;0.1833
Li1Si1B4,8.9834;1.0593;1.1221
Li1H1Mg4,11.3159;0.9285;0.8621
Li1Sc1B4,10.2525;0.9105;0.829
Li1Cr1B4,9.6677;0.7415;0.5498
Np1Cs1O4,11.4342;0.6412;0.4111
Si1Na1B4,13.407;1.024;1.0486
Si1H1C4,10.5452;0.724;0.5242
P1Na1B4,9.9518;0.8252;0.6809
P1Cs1O4,9.2247;0.8089;0.6543
Na1Sc1B4,11.2779;0.9408;0.885
Na1Sc1Li4,10.9186;0.4966;0.2466
Na1Cr1B4,12.6234;0.905;0.819
Na1Cr1Li4,10.3865;0.399;0.1592
U1Cs1O4,9.6956;0.7838;0.6143
Br1Cs1O4,9.3678;0.728;0.5299
Cs1Pu1O4,11.3944;0.6367;0.4053

286 of 285852 appear to be promising

hp_tune_sug_nc_normal:

{'ccp_alpha': 0.0, 'criterion': 'squared_error', 'max_depth': None, 'max_leaf_nodes': None, 'max_samples': None, 'min_impurity_decrease': 0.0, 'min_samples_leaf': 1, 'min_samples_split': 2, 'min_weight_fraction_leaf': 0.0, 'n_estimators': 200, 'n_jobs': None, 'oob_score': False, 'random_state': None, 'verbose': 0, 'warm_start': False, 'max_features': 'sqrt', 'bootstrap': False}

Ba1K1O4,16.6212;0.8226;0.6767
Ba1K1F4,16.0234;1.1447;1.3102
Ba1K1N4,12.9978;0.6831;0.4667
Ba1K1Cl4,13.3456;0.7575;0.5739
Ba1K1P4,10.7236;0.8697;0.7564
Ba1K1H4,9.2746;0.8964;0.8035
Ba1Ca1O4,13.4068;1.3566;1.8404
Ba1Ca1F4,10.8655;1.192;1.421
Ba1O1F4,9.9206;0.7859;0.6177
Ba1O1P4,9.7357;0.7787;0.6064
Ba1Sn1O4,13.9834;1.2226;1.4946
Ba1Sn1F4,10.3013;0.8461;0.7159
Ba1Bi1O4,15.6109;1.3725;1.8838
Ba1Bi1F4,9.86;0.9336;0.8716
Ba1Pb1O4,10.9464;1.1957;1.4296
Ba1S1O4,12.1897;1.0383;1.078
Ba1S1F4,10.2948;0.8363;0.6993
Ba1S1Cl4,9.4639;0.7648;0.5849
Ba1F1O4,11.0961;0.8678;0.753
Ba1F1Cl4,9.2487;0.7808;0.6097
Ba1F1P4,9.5658;0.8846;0.7825
Ba1Ga1O4,11.6687;0.9591;0.9199
Ba1Sr1O4,15.4059;0.9741;0.9489
Ba1Sr1F4,12.0305;1.2724;1.6191
Ba1N1O4,9.4183;1.0423;1.0863
Ba1N1Cl4,9.3068;0.7776;0.6047
Ba1N1P4,10.3789;0.7162;0.5129
Ba1Be1O4,9.1375;0.913;0.8336
Ba1Tl1O4,9.7658;1.1289;1.2745
Ba1Cl1O4,11.2077;0.9344;0.8732
Ba1Cl1F4,9.8804;0.823;0.6773
Ba1Cl1P4,10.2801;0.5978;0.3574
Ba1Sm1O4,15.3331;1.3602;1.8502
Ba1Sm1F4,10.7859;1.292;1.6693
Ba1In1O4,12.1369;1.08;1.1664
Ba1In1F4,9.296;0.794;0.6304
Ba1Se1O4,12.6988;1.0974;1.2044
Ba1Se1F4,10.2789;0.9124;0.8324
Ba1Hg1O4,12.9237;1.1583;1.3416
Ba1Eu1O4,14.7111;1.1168;1.2472
Ba1Eu1F4,11.3597;1.2858;1.6532
Ba1Rb1O4,16.7274;1.0542;1.1113
Ba1Rb1F4,17.2356;1.1464;1.3143
Ba1Rb1N4,12.2086;0.8444;0.7131
Ba1Rb1Cl4,10.9012;0.7921;0.6274
Ba1Rb1H4,10.7601;1.0062;1.0124
Ba1Mg1O4,10.5874;1.0323;1.0656
Ba1Sb1O4,10.786;1.1873;1.4096
Ba1Zn1O4,10.0455;0.8672;0.7521
Ba1Li1O4,11.9621;1.091;1.1902
Ba1Li1F4,10.838;0.8901;0.7923
Ba1Li1N4,9.6115;0.9362;0.8766
Ba1Li1Cl4,9.8894;0.5935;0.3522
Ba1P1O4,11.9998;0.9902;0.9805
Ba1P1F4,10.0605;0.7838;0.6143
Ba1P1Cl4,9.4393;0.6723;0.4519
Ba1Na1O4,17.1737;1.2556;1.5764
Ba1Na1F4,12.6472;1.0839;1.1749
Ba1Na1N4,9.4848;0.8428;0.7103
Ba1Na1Cl4,10.1972;0.7834;0.6137
Ba1H1O4,10.1472;1.1318;1.2809
Ba1H1F4,9.4288;0.9518;0.9059
Ba1H1Cl4,9.1819;0.8572;0.7348
Ba1H1P4,10.8923;0.9982;0.9965
Ba1Te1O4,14.1939;1.4923;2.2268
Ba1Yb1O4,14.0596;1.1588;1.3429
Ba1Yb1F4,9.9417;1.1811;1.3951
Ba1Cd1O4,12.1438;1.0949;1.1987
Ba1Br1O4,17.0376;1.3547;1.8352
Ba1Br1F4,10.9133;0.9238;0.8535
Ba1Br1Cl4,9.4459;0.7705;0.5937
Ba1I1O4,16.718;1.3385;1.7915
Ba1I1F4,10.3338;0.9599;0.9214
Ba1Dy1F4,9.3775;1.0861;1.1796
Ba1Cs1O4,15.9104;1.0139;1.028
Ba1Cs1F4,15.0419;1.0724;1.1501
Ba1Cs1N4,11.7126;0.8784;0.7715
Ba1Cs1Cl4,10.2118;0.7677;0.5893
Ba1Cs1H4,10.5877;0.912;0.8318
Ba1Po1O4,11.3069;1.242;1.5425
K1As1O4,9.2697;0.738;0.5447
K1Ca1O4,12.2864;1.0315;1.0639
K1Ca1Cl4,9.7641;0.667;0.4448
K1Ca1B4,9.1662;0.9726;0.946
K1Ca1Li4,9.7155;0.4626;0.214
K1La1O4,12.3268;1.1171;1.2479
K1La1F4,9.4259;0.798;0.6367
K1O1Cl4,9.4496;0.6355;0.4039
K1O1B4,10.8646;0.9722;0.9452
K1O1P4,9.4465;0.5869;0.3444
K1Tm1O4,9.1339;0.951;0.9044
K1Sn1O4,11.6117;1.0932;1.1951
K1Nd1O4,13.9917;1.2987;1.6867
K1Nd1F4,10.8808;0.9894;0.9789
K1Nd1N4,9.5664;0.8268;0.6836
K1Nd1Cl4,10.1726;0.8012;0.6419
K1Bi1O4,10.6517;0.7236;0.5236
K1Bi1Cl4,10.1761;0.6948;0.4827
K1Pb1O4,10.4023;1.0658;1.136
K1S1O4,10.6595;1.0385;1.0786
K1S1Cl4,10.0044;0.6401;0.4098
K1S1B4,10.6605;0.9748;0.9503
K1S1P4,9.3532;0.6528;0.4262
K1F1B4,9.4843;0.8123;0.6598
K1Al1B4,11.27;1.0056;1.0113
K1Sr1O4,12.4893;0.9303;0.8654
K1Sr1F4,9.6695;0.8297;0.6885
K1Sr1Cl4,10.5458;0.7085;0.5019
K1N1Cl4,9.7866;0.5769;0.3329
K1N1B4,10.5294;0.8661;0.7501
K1N1P4,10.2553;0.6634;0.4401
K1N1Br4,9.7692;0.6328;0.4004
K1Be1B4,14.0793;1.1133;1.2393
K1Tl1O4,9.9305;0.9734;0.9475
K1Y1O4,11.7647;1.3763;1.8941
K1Y1F4,9.3812;0.9313;0.8674
K1Cl1O4,9.8003;0.841;0.7073
K1Cl1S4,9.5446;0.7017;0.4924
K1Cl1B4,10.78;0.9066;0.822
K1Cl1P4,10.2798;0.6066;0.3679
K1Sm1O4,13.5491;1.2153;1.477
K1Sm1F4,9.4214;0.8002;0.6404
K1Tb1O4,12.4314;1.4419;2.0792
K1Ce1O4,11.4596;1.0556;1.1142
K1Gd1O4,12.0196;1.269;1.6105
K1In1O4,11.2797;1.0469;1.096
K1Ho1O4,10.2127;1.0797;1.1658
K1Se1O4,10.7566;0.8884;0.7892
K1Hg1O4,12.2382;1.0246;1.0497
K1Hg1Cl4,9.4245;0.7487;0.5605
K1Eu1O4,12.2828;1.0273;1.0554
K1Eu1Cl4,10.2345;0.7023;0.4933
K1Rb1O4,12.9408;0.7856;0.6171
K1Rb1F4,12.2443;0.8382;0.7025
K1Rb1N4,10.2984;0.6654;0.4428
K1Rb1Cl4,10.5118;0.5578;0.3111
K1Pr1O4,11.4139;1.0129;1.026
K1Mg1O4,12.5032;1.0582;1.1197
K1Mg1N4,9.8517;0.6788;0.4608
K1Mg1B4,14.7964;1.2172;1.4815
K1Mg1Li4,9.6675;0.4931;0.2431
K1Sb1O4,9.6092;0.7362;0.542
K1Li1O4,11.0544;0.9886;0.9774
K1Li1Cl4,10.2132;0.5678;0.3224
K1Li1B4,11.6;0.8744;0.7645
K1Si1B4,10.4819;0.8516;0.7253
K1P1O4,10.2357;0.9218;0.8498
K1P1Cl4,10.2704;0.6903;0.4765
K1P1B4,10.826;0.9395;0.8827
K1Na1O4,12.9236;1.0382;1.0779
K1Na1Cl4,10.4153;0.5804;0.3369
K1Na1B4,10.6326;0.9627;0.9268
K1H1B4,9.9189;0.715;0.5112
K1H1Br4,9.9974;0.7207;0.5194
K1Te1O4,11.3484;0.8672;0.7521
K1Yb1O4,12.8772;1.055;1.113
K1Yb1Cl4,10.2694;0.6845;0.4686
K1Cd1O4,11.7146;1.1241;1.2635
K1Br1O4,10.9263;0.8897;0.7916
K1Br1Cl4,9.8406;0.6025;0.363
K1Br1P4,9.4682;0.675;0.4556
K1I1O4,11.8529;0.8264;0.683
K1I1Cl4,10.177;0.73;0.533
K1Dy1O4,12.5565;1.4158;2.0044
K1Sc1O4,10.2459;1.106;1.2232
K1Cs1O4,13.0671;0.8932;0.7978
K1Cs1F4,12.17;0.9096;0.8274
K1Cs1N4,10.4299;0.6648;0.4419
K1Cs1Cl4,10.3109;0.653;0.4265
K1Po1O4,10.4418;0.8081;0.6531
K1Po1Cl4,9.438;0.6872;0.4722
Fe1Sn1Nb4,10.2262;0.3766;0.1419
Fe1Ga1Nb4,10.2017;0.3733;0.1393
Fe1Al1Nb4,10.0253;0.4226;0.1786
Fe1Rb1O4,11.2326;1.1164;1.2463
Fe1Mg1B4,23.3482;1.0194;1.0391
Fe1Li1B4,11.2359;1.015;1.0302
Fe1Na1B4,12.4608;1.1832;1.3999
Fe1Cs1O4,11.3325;0.9628;0.9269
As1N1H4,10.0916;0.5674;0.3219
As1Rb1O4,11.1613;0.7941;0.6306
As1Mg1B4,13.8153;1.1117;1.236
As1Li1B4,9.8617;0.8411;0.7074
As1Cs1O4,11.3909;0.8412;0.7076
Ca1O1B4,11.4403;0.8867;0.7863
Ca1S1B4,10.1378;0.9099;0.828
Ca1F1B4,9.4001;0.8755;0.7664
Ca1Al1B4,11.2764;1.0128;1.0258
Ca1Sr1O4,10.4611;1.1934;1.4241
Ca1N1B4,10.1152;0.9073;0.8232
Ca1Be1B4,14.8857;0.8953;0.8015
Ca1Cl1B4,10.2388;0.9889;0.9779
Ca1Rb1O4,13.0086;1.1356;1.2896
Ca1Mg1B4,18.5275;1.0953;1.1997
Ca1Mg1Li4,9.993;0.5652;0.3195
Ca1Li1B4,13.228;1.0204;1.0412
Ca1Si1B4,12.4575;1.1744;1.3792
Ca1P1B4,10.4615;0.9911;0.9824
Ca1Na1B4,12.0534;1.125;1.2657
Ca1Na1Li4,11.2697;0.3387;0.1147
Ca1H1B4,9.6505;0.8655;0.7491
Ca1Cs1O4,12.5326;1.0579;1.1191
Ca1Cs1F4,11.9899;0.9262;0.8579
Ca1Cs1Cl4,9.3374;0.721;0.5199
La1Rb1O4,13.4053;1.1079;1.2274
La1Rb1F4,10.3799;1.0211;1.0426
La1Rb1N4,9.3209;0.8159;0.6657
La1Na1O4,9.0971;1.2424;1.5436
La1Cs1O4,13.2494;1.0889;1.1856
La1Cs1F4,11.3408;0.9629;0.9272
La1Cs1N4,9.5014;0.7102;0.5044
Cu1Sn1Nb4,9.7929;0.4566;0.2085
Cu1Ga1Nb4,10.0241;0.4719;0.2227
Cu1N1H4,10.2725;0.616;0.3795
Cu1Rb1O4,11.0967;1.0844;1.1759
Cu1Mg1B4,12.1754;0.8379;0.702
Cu1Li1B4,9.8298;1.0448;1.0917
Cu1Cs1O4,12.0014;0.947;0.8969
O1N1H4,9.9343;0.5503;0.3029
O1Cl1Li4,9.868;0.6128;0.3755
O1Rb1Cl4,10.185;0.6387;0.4079
O1Rb1P4,9.78;0.5965;0.3558
O1Mg1B4,14.6375;1.0343;1.0699
O1Mg1H4,9.4035;0.702;0.4928
O1Si1B4,10.0772;0.8744;0.7646
O1Si1H4,11.1834;0.5556;0.3087
O1Na1B4,10.1201;0.8797;0.7738
O1H1Mg4,11.3547;1.041;1.0836
O1Cs1Cl4,9.6534;0.6179;0.3818
O1Cs1P4,9.5502;0.608;0.3696
Mo1Ru1Tc4,11.3374;0.2498;0.0624
Mo1V1Tc4,9.7196;0.3087;0.0953
Mo1Re1Tc4,10.507;0.2944;0.0867
Mo1W1Tc4,10.765;0.2597;0.0674
Mo1Nb1Tc4,11.2967;0.3091;0.0956
Mo1Mg1B4,9.7542;0.9171;0.8412
Mo1Rh1Tc4,10.1621;0.3003;0.0902
Mo1Ta1Tc4,9.8709;0.2769;0.0767
Ru1Al1Nb4,10.4615;0.5065;0.2565
Ru1Nb1Tc4,11.1044;0.2125;0.0451
Ru1Mg1B4,11.7287;1.0249;1.0504
Tm1Rb1O4,11.5918;0.9668;0.9348
Tm1Mg1B4,9.2796;1.0616;1.1269
Tm1Cs1O4,9.8957;0.78;0.6084
Sn1V1Nb4,10.978;0.3482;0.1213
Sn1Ga1Nb4,10.1993;0.3866;0.1494
Sn1Al1Nb4,11.0479;0.4638;0.2151
Sn1Co1Nb4,10.0944;0.4108;0.1687
Sn1Y1Nb4,9.9499;0.4684;0.2194
Sn1Hf1Nb4,11.8832;0.4212;0.1774
Sn1In1Nb4,10.6788;0.5058;0.2558
Sn1Zr1Nb4,12.8526;0.3448;0.1189
Sn1Mn1Nb4,10.1098;0.3206;0.1028
Sn1Ti1Nb4,10.3535;0.3921;0.1538
Sn1Rb1O4,12.697;0.9714;0.9436
Sn1Mg1B4,9.2627;1.0662;1.1368
Sn1Sc1Nb4,10.0439;0.389;0.1513
Sn1Cr1Nb4,10.4759;0.3521;0.124
Sn1Cs1O4,11.7705;0.8339;0.6955
Sn1Cs1F4,9.1633;0.9257;0.8568
Sn1Tc1Nb4,11.7715;0.3561;0.1268
Nd1Sr1F4,9.1338;1.1768;1.3849
Nd1Rb1O4,15.2406;1.2244;1.4991
Nd1Rb1F4,12.4774;1.009;1.0181
Nd1Rb1N4,10.4368;0.8359;0.6987
Nd1Rb1Cl4,9.5081;0.7836;0.614
Nd1Li1O4,10.7604;1.2738;1.6227
Nd1P1Cl4,9.4782;0.8;0.64
Nd1Na1O4,10.2283;1.2756;1.6272
Nd1Yb1O4,8.979;1.1005;1.2111
Nd1Cd1O4,9.4236;1.05;1.1025
Nd1Cs1O4,14.2868;1.0735;1.1524
Nd1Cs1F4,14.1474;1.1692;1.367
Nd1Cs1N4,10.8084;0.8585;0.7369
Nd1Cs1Cl4,9.3261;0.8258;0.6819
Bi1Al1Nb4,10.088;0.4772;0.2278
Bi1Rb1O4,11.5123;0.7033;0.4946
Bi1Mg1B4,9.4918;0.9708;0.9425
Bi1Cs1O4,11.3275;0.7299;0.5328
Bi1Cs1F4,9.9829;0.7727;0.597
Pb1Rb1O4,10.7809;0.7589;0.576
Pb1Cs1O4,10.8876;0.7703;0.5934
S1F1Li4,9.4479;0.82;0.6724
S1N1H4,9.8292;0.6053;0.3664
S1Be1B4,9.2205;0.9797;0.9597
S1Cl1Li4,9.9008;0.5485;0.3009
S1Cl1H4,9.5074;0.716;0.5127
S1Ti1B4,10.4353;1.0488;1.1
S1Rb1O4,12.7967;0.8954;0.8018
S1Rb1Cl4,10.0186;0.6019;0.3622
S1Mg1Be4,9.3305;0.7873;0.6198
S1Mg1B4,15.9504;1.0142;1.0285
S1Li1B4,12.2736;0.9511;0.9046
S1Si1H4,9.4742;0.5389;0.2904
S1Na1B4,13.5869;1.0779;1.1618
S1Cs1O4,13.6167;0.9717;0.9443
S1Cs1F4,9.3095;0.8381;0.7025
S1Cs1Cl4,9.7585;0.6475;0.4193
F1N1H4,10.331;0.5193;0.2697
F1Cl1Li4,9.3864;0.6764;0.4575
F1B1H4,9.7528;0.5524;0.3052
F1Rb1O4,11.2235;0.9234;0.8526
F1Rb1Cl4,9.9197;0.5958;0.3549
F1Mg1B4,14.9133;0.9909;0.9818
F1Mg1H4,10.5943;0.707;0.4999
F1Si1B4,9.2482;0.9051;0.8192
F1Si1H4,11.6253;0.5379;0.2893
F1Na1B4,10.5262;0.8951;0.8012
F1H1Mg4,10.4186;1.0283;1.0574
F1Cs1O4,11.6297;0.8054;0.6487
F1Cs1Cl4,9.7043;0.566;0.3203
V1Al1Nb4,9.8671;0.4642;0.2155
V1Mg1B4,25.1655;1.2586;1.5841
V1Li1B4,9.943;1.1204;1.2554
V1Na1B4,12.1977;1.1127;1.238
V1Na1Li4,10.0193;0.4032;0.1626
V1Cs1O4,10.3404;0.8427;0.7102
Ga1Al1Nb4,10.7284;0.5284;0.2793
Ga1Co1Nb4,10.1469;0.4177;0.1745
Ga1Ni1Nb4,10.1712;0.4265;0.1819
Ga1Rb1O4,12.2411;0.9059;0.8207
Ga1Mg1B4,12.2563;1.0627;1.1293
Ga1Zn1Nb4,10.233;0.5089;0.259
Ga1Ag1Nb4,10.0188;0.4512;0.2036
Ga1Cd1Nb4,10.5319;0.4818;0.2322
Ga1Cr1Nb4,9.7803;0.4273;0.1826
Ga1Cs1O4,12.4683;1.0044;1.0088
Ga1Cs1N4,9.1988;0.8098;0.6557
Ga1Tc1Nb4,11.4705;0.3207;0.1029
Al1Co1Nb4,10.4187;0.418;0.1747
Al1N1H4,10.5037;0.5249;0.2755
Al1Ni1Nb4,10.1745;0.4011;0.1609
Al1In1Nb4,10.3077;0.4968;0.2468
Al1Pd1Nb4,11.522;0.3845;0.1478
Al1Mn1Nb4,9.9434;0.4314;0.1861
Al1Ti1B4,10.0193;1.0768;1.1594
Al1Rb1O4,9.9609;0.9302;0.8653
Al1Mg1B4,12.8975;0.0075;0.0001
Al1Sb1Nb4,10.1999;0.4666;0.2177
Al1Rh1Nb4,10.1448;0.3593;0.1291
Al1Zn1Nb4,9.5658;0.4889;0.239
Al1Li1B4,9.4072;0.8716;0.7597
Al1Si1Nb4,12.6297;0.5343;0.2854
Al1Na1B4,15.1399;1.0029;1.0057
Al1Ge1Nb4,11.2193;0.6232;0.3884
Al1Te1Nb4,9.6145;0.4691;0.2201
Al1Ag1Nb4,10.6758;0.4797;0.2301
Al1Cd1Nb4,10.3219;0.5144;0.2646
Al1Sc1B4,11.1792;0.9774;0.9553
Al1Cr1Nb4,9.738;0.4359;0.19
Al1Cs1O4,10.793;0.8615;0.7423
Al1Cs1Cl4,9.2783;0.7352;0.5405
Al1Tc1Nb4,11.434;0.4383;0.1921
Al1Po1Nb4,9.6974;0.4911;0.2412
Sr1Eu1O4,11.3919;1.2752;1.6262
Sr1Rb1O4,12.7415;0.9509;0.9042
Sr1Rb1F4,11.8163;1.1459;1.313
Sr1Rb1Cl4,9.733;0.7517;0.565
Sr1Yb1O4,11.735;1.4907;2.2222
Sr1I1O4,9.8472;0.9804;0.9612
Sr1Cs1O4,12.8844;1.021;1.0425
Sr1Cs1F4,12.256;0.9561;0.9142
Sr1Cs1N4,9.5044;0.5813;0.3379
Co1Be1B4,9.5197;0.9465;0.8959
Co1Rb1O4,10.9074;1.0225;1.0455
Co1Mg1B4,31.5;0.0;0.0
Co1Li1B4,11.2912;0.8612;0.7417
Co1Na1B4,12.911;1.1947;1.4273
Co1Cs1O4,11.3884;0.9846;0.9695
Re1Mg1B4,10.4279;1.0111;1.0223
N1Cl1H4,9.5959;0.6062;0.3675
N1B1H4,9.8737;0.488;0.2381
N1Rb1O4,10.9097;1.0732;1.1517
N1Rb1Cl4,10.1023;0.6309;0.3981
N1Rb1P4,10.0646;0.6087;0.3706
N1Mg1B4,15.0802;1.2785;1.6347
N1Mg1H4,9.4815;0.6332;0.4009
N1Zn1H4,9.6783;0.6498;0.4222
N1Si1H4,13.2477;0.4059;0.1648
N1P1H4,9.8131;0.6045;0.3654
N1Na1B4,9.9702;0.9418;0.8871
N1H1Mg4,10.4175;1.1202;1.2548
N1Ge1H4,10.516;0.5064;0.2564
N1Br1H4,9.935;0.6969;0.4857
N1Cs1O4,10.8068;0.9668;0.9346
N1Cs1Cl4,9.5717;0.5504;0.303
N1Cs1P4,9.9886;0.6429;0.4134
Be1Cl1B4,9.0282;0.9738;0.9482
Be1Ti1B4,10.0535;1.0674;1.1394
Be1Rb1O4,12.8652;1.3267;1.7603
Be1Mg1B4,17.8035;1.2179;1.4832
Be1Si1B4,9.2757;0.8988;0.8079
Be1P1B4,9.662;1.0312;1.0633
Be1Na1B4,9.7613;0.9867;0.9736
Be1H1Mg4,10.2577;1.0971;1.2036
Be1Sc1B4,11.5197;1.0918;1.1921
Be1Cs1O4,13.8118;1.0579;1.1192
Nb1Mg1B4,12.206;1.0227;1.0458
Nb1Rh1Tc4,9.8271;0.229;0.0524
Tl1Rb1O4,10.7958;0.8996;0.8093
Tl1Mg1B4,10.5135;0.8823;0.7784
Tl1Cs1O4,10.7215;0.7968;0.6349
Y1Rb1O4,13.444;1.1082;1.228
Y1Rb1F4,9.7937;0.9266;0.8585
Y1Mg1B4,9.2964;0.9833;0.9669
Y1Cs1O4,13.2485;1.1709;1.3709
Y1Cs1F4,13.6913;1.0924;1.1934
Y1Cs1N4,9.5029;0.6501;0.4226
Hf1Zr1V4,10.1;0.0;0.0
Hf1Mg1B4,11.1242;1.0516;1.1059
Hf1Li1Cl4,9.659;0.6751;0.4557
Cl1B1H4,9.7893;0.5496;0.3021
Cl1Ti1B4,9.7971;0.9992;0.9984
Cl1Rb1O4,11.6653;0.8034;0.6455
Cl1Rb1P4,10.1748;0.5734;0.3287
Cl1Mg1Be4,9.8951;0.7763;0.6027
Cl1Mg1B4,14.0413;0.8535;0.7285
Cl1Mg1H4,9.4815;0.6955;0.4838
Cl1Li1B4,11.0067;0.896;0.8029
Cl1Si1B4,9.3109;0.8714;0.7593
Cl1Si1H4,10.29;0.5961;0.3553
Cl1P1Li4,9.857;0.5919;0.3504
Cl1Na1B4,11.0934;0.8627;0.7442
Cl1Sc1B4,9.1292;0.9591;0.9199
Cl1Cs1O4,11.9666;0.7901;0.6242
Cl1Cs1P4,9.6277;0.6528;0.4261
Sm1Rb1O4,14.4941;1.081;1.1686
Sm1Rb1F4,9.9645;0.8547;0.7305
Sm1Li1O4,9.0964;0.9464;0.8956
Sm1Na1O4,9.1805;1.0687;1.1421
Sm1Cs1O4,13.4676;0.9373;0.8785
Sm1Cs1F4,11.3267;0.9284;0.862
Ni1Rb1O4,9.8072;1.1243;1.2641
Ni1Mg1B4,19.6018;1.12;1.2543
Ni1Li1B4,10.2285;0.8994;0.8089
Ni1Na1B4,12.1939;1.2428;1.5445
Ni1Cs1O4,10.6808;1.0917;1.1917
Tb1Rb1O4,13.1721;1.0014;1.0028
Tb1Rb1F4,9.7242;0.9291;0.8632
Tb1Cs1O4,11.8562;0.7647;0.5847
Tb1Cs1F4,11.236;0.9086;0.8256
Ce1Rb1O4,12.4907;0.9173;0.8415
Ce1Rb1F4,9.5686;0.8437;0.7119
Ce1Cs1O4,11.7605;0.8424;0.7096
Ce1Cs1F4,10.4927;0.8149;0.664
B1H1Mg4,11.0394;1.1214;1.2575
Gd1Rb1O4,13.2515;1.0034;1.0068
Gd1Rb1F4,9.9202;0.9741;0.9488
Gd1Cs1O4,12.199;0.8046;0.6474
Gd1Cs1F4,11.3442;0.9707;0.9422
In1Rb1O4,12.5223;0.9244;0.8544
In1Mg1B4,9.202;1.0367;1.0747
In1Cs1O4,11.4737;0.842;0.709
In1Cs1F4,9.3114;0.9325;0.8696
Pd1Rb1O4,10.4963;1.0673;1.1391
Pd1Mg1B4,10.1782;0.7922;0.6276
Pd1Cs1O4,11.3896;0.9333;0.8711
Zr1Mg1B4,14.0387;1.0559;1.1149
Mn1Rb1O4,13.2222;1.2268;1.5051
Mn1Mg1B4,24.6332;1.0971;1.2036
Mn1Li1B4,10.0892;0.9557;0.9133
Mn1Na1B4,12.4416;1.1744;1.3793
Mn1Na1Li4,10.1418;0.4131;0.1706
Mn1Cs1O4,13.1692;1.1456;1.3124
Ho1Rb1O4,11.9784;1.1357;1.2897
Ho1Cs1O4,10.8573;0.9772;0.9549
Se1Rb1O4,13.0955;0.8422;0.7093
Se1Rb1Cl4,9.9026;0.7467;0.5575
Se1Mg1B4,11.4239;0.9895;0.979
Se1Cs1O4,13.2631;0.9375;0.8788
Ti1Rb1O4,9.2579;0.8655;0.7491
Ti1Mg1B4,36.764;0.3131;0.098
Ti1Li1B4,12.22;1.0706;1.1462
Ti1Si1B4,10.0289;1.1;1.2099
Ti1P1B4,10.5226;1.0602;1.1241
Ti1Na1B4,11.9634;1.0871;1.1818
Ti1Na1Li4,10.4773;0.4583;0.2101
Ti1Cs1O4,10.1946;0.8021;0.6433
Hg1Rb1O4,14.5016;0.9477;0.8981
Hg1Mg1B4,9.7242;0.8938;0.799
Hg1Cs1O4,13.1948;0.7793;0.6074
Eu1Rb1O4,12.9302;1.1011;1.2125
Eu1Rb1F4,11.7068;1.1739;1.3781
Eu1Rb1N4,9.3562;0.6498;0.4222
Eu1Cs1O4,11.9313;0.8974;0.8053
Eu1Cs1F4,11.1977;0.8415;0.7081
Rb1Pr1O4,12.6348;0.9545;0.9111
Rb1Pr1F4,9.562;0.848;0.7191
Rb1Mg1O4,13.0588;1.3068;1.7078
Rb1Sb1O4,11.5428;0.879;0.7727
Rb1Er1O4,10.9749;0.9038;0.8168
Rb1Au1O4,12.6711;1.1344;1.2868
Rb1Zn1O4,13.0158;1.1429;1.3063
Rb1Li1O4,13.803;1.1225;1.26
Rb1Li1Cl4,10.2608;0.5707;0.3257
Rb1Si1O4,9.9461;0.6811;0.4638
Rb1P1O4,12.4105;0.8363;0.6994
Rb1P1Cl4,10.3347;0.7109;0.5054
Rb1Na1O4,12.918;1.0646;1.1333
Rb1Na1Cl4,9.621;0.5858;0.3432
Rb1H1O4,11.0884;1.0321;1.0653
Rb1H1Cl4,10.0053;0.6947;0.4827
Rb1H1P4,9.2925;0.7574;0.5737
Rb1Ge1O4,10.4801;0.8899;0.792
Rb1Te1O4,13.325;0.8964;0.8035
Rb1Yb1O4,13.2513;1.1593;1.344
Rb1Lu1O4,9.2567;0.8224;0.6763
Rb1Ag1O4,11.6705;1.0802;1.1669
Rb1Cd1O4,13.5398;0.9817;0.9638
Rb1Br1O4,12.4851;0.8086;0.6538
Rb1Br1Cl4,10.2994;0.6835;0.4672
Rb1Br1P4,9.426;0.6938;0.4813
Rb1I1O4,13.0393;0.9063;0.8213
Rb1I1Cl4,9.5347;0.7122;0.5072
Rb1Dy1O4,13.3212;1.106;1.2232
Rb1Dy1F4,9.4275;0.8504;0.7233
Rb1Dy1N4,9.2158;0.848;0.7191
Rb1Sc1O4,12.9943;0.9538;0.9097
Rb1Cs1O4,12.6176;0.9961;0.9922
Rb1Cs1F4,11.3945;0.9366;0.8772
Rb1Po1O4,11.6671;0.9379;0.8796
Pr1Cs1O4,11.8083;0.9484;0.8995
Pr1Cs1F4,11.0165;0.9372;0.8784
Mg1Sb1B4,9.9031;1.0012;1.0025
Mg1Rh1B4,9.7455;0.7841;0.6147
Mg1Zn1B4,14.4817;1.0877;1.183
Mg1Si1B4,18.3036;0.9451;0.8931
Mg1P1B4,16.1075;1.0266;1.0539
Mg1Ta1B4,10.5521;0.9837;0.9676
Mg1Na1B4,17.8645;1.0735;1.1524
Mg1Na1Li4,9.5917;0.5018;0.2518
Mg1H1B4,11.6186;0.8773;0.7697
Mg1Ge1B4,12.4239;1.1021;1.2145
Mg1Te1B4,9.2461;0.9405;0.8846
Mg1Yb1B4,9.9617;1.1766;1.3843
Mg1Lu1B4,10.6113;1.0971;1.2036
Mg1Cd1B4,11.624;1.0505;1.1036
Mg1Br1B4,11.7061;1.0166;1.0334
Mg1Sc1B4,16.6176;1.0588;1.121
Mg1Sc1Li4,9.6961;0.5297;0.2806
Mg1Cr1B4,21.4209;1.063;1.1299
Mg1Cs1O4,11.8482;1.1945;1.4268
Mg1Cs1F4,9.6707;1.0078;1.0157
Mg1Tc1B4,12.6225;1.0916;1.1916
Sb1Cs1O4,11.5513;0.8311;0.6907
Er1Cs1O4,10.2366;0.9003;0.8105
Rh1Cs1O4,9.2779;0.8157;0.6653
Au1Cs1O4,12.3193;0.9176;0.842
Zn1Na1B4,9.6704;1.0298;1.0605
Zn1Cs1O4,12.9619;0.9914;0.983
Li1Si1B4,12.6183;0.7788;0.6065
Li1P1B4,11.1639;1.0662;1.1367
Li1H1Mg4,9.4544;0.9331;0.8706
Li1Sc1B4,9.8806;0.834;0.6956
Li1Cr1B4,9.5176;1.0709;1.1469
Li1Cs1O4,12.9063;1.1325;1.2825
Li1Cs1F4,11.2002;0.9843;0.9689
Li1Cs1N4,9.6316;0.6805;0.463
Li1Cs1Cl4,9.8591;0.5328;0.2839
Si1Na1B4,13.9089;1.2016;1.4438
Si1Ge1Al4,9.6213;0.5184;0.2688
Si1Sc1B4,9.2571;0.998;0.996
Si1Cs1O4,10.4748;0.7281;0.5301
P1Na1B4,13.8631;1.0632;1.1304
P1Br1S4,9.643;0.4608;0.2123
P1Cs1O4,13.0707;0.9187;0.844
P1Cs1Cl4,10.1261;0.6682;0.4466
Na1Sc1B4,9.8314;0.9562;0.9142
Na1Sc1Li4,10.8897;0.4579;0.2097
Na1Cr1B4,11.0099;1.0979;1.2054
Na1Cr1Li4,9.7319;0.3512;0.1233
Na1Cs1O4,12.9787;1.0545;1.1119
Na1Cs1F4,12.2268;0.96;0.9217
Na1Cs1Cl4,9.6532;0.6407;0.4105
H1Sc1B4,9.1828;1.015;1.0303
H1Cs1O4,11.7211;0.934;0.8723
H1Cs1Cl4,10.0453;0.67;0.4489
H1Cs1P4,9.6159;0.7872;0.6197
Ge1Cs1O4,10.4609;0.847;0.7173
Te1Cs1O4,13.2141;0.858;0.7362
Yb1Cs1O4,11.452;0.9308;0.8664
Yb1Cs1F4,11.0096;0.8658;0.7496
Ag1Cs1O4,11.1876;0.98;0.9605
Cd1Cs1O4,12.6583;0.9142;0.8358
Cd1Cs1F4,9.4814;0.9142;0.8358
Br1Cs1O4,12.935;0.8909;0.7937
Br1Cs1F4,9.583;0.9323;0.8692
Br1Cs1Cl4,9.6392;0.6843;0.4683
I1Cs1O4,12.7659;0.9375;0.8789
I1Cs1F4,10.8431;0.8077;0.6524
Dy1Cs1O4,11.7551;0.8198;0.672
Dy1Cs1F4,10.8747;0.9212;0.8486
Sc1Cs1O4,11.6827;0.8772;0.7694
Sc1Cs1F4,11.1487;0.8486;0.7201
Cr1Cs1O4,9.4768;0.79;0.624
Cs1Po1O4,11.4229;0.817;0.6675

596 of 219450 appear to be promising

